ReportedDate,NumProbable,NumConfirmed,NumProbDead,NumConfDead,TotalCases,TotalDead,CumConfirmed,CumProbable,CumConfDead,CumProbDead,TotalCumCases,TotalCumDead,DailyChangeCases,DailyChangeDead
03/01/2020,0,1,0,0,1,0,1,0,0,0,1,0,,
03/02/2020,0,0,0,0,0,0,1,0,0,0,1,0,0,0
03/03/2020,0,0,0,0,0,0,1,0,0,0,1,0,0,0
03/04/2020,0,0,0,0,0,0,1,0,0,0,1,0,0,0
03/05/2020,0,6,0,0,6,0,7,0,0,0,7,0,6,0
03/06/2020,1,0,0,0,1,0,7,1,0,0,8,0,1,0
03/07/2020,2,0,0,0,2,0,7,3,0,0,10,0,2,0
03/08/2020,1,0,0,0,1,0,7,4,0,0,11,0,1,0
03/09/2020,2,4,0,0,6,0,11,6,0,0,17,0,6,0
03/10/2020,0,6,0,0,6,0,17,6,0,0,23,0,6,0
03/11/2020,1,10,0,0,11,0,27,7,0,0,34,0,11,0
03/12/2020,2,8,0,0,10,0,35,9,0,0,44,0,10,0
03/13/2020,2,25,0,2,27,2,60,11,2,0,71,2,27,2
03/14/2020,4,28,0,1,32,1,88,15,3,0,103,3,32,1
03/15/2020,1,34,0,1,35,1,122,16,4,0,138,4,35,1
03/16/2020,1,33,0,0,34,0,155,17,4,0,172,4,34,0
03/17/2020,4,26,0,0,30,0,181,21,4,0,202,4,30,0
03/18/2020,13,56,0,5,69,5,237,34,9,0,271,9,69,5
03/19/2020,12,71,0,2,83,2,308,46,11,0,354,11,83,2
03/20/2020,16,107,1,2,123,3,415,62,13,1,477,14,123,3
03/21/2020,10,109,0,12,119,12,524,72,25,1,596,26,119,12
03/22/2020,12,113,0,8,125,8,637,84,33,1,721,34,125,8
03/23/2020,26,171,0,15,197,15,808,110,48,1,918,49,197,15
03/24/2020,16,161,1,15,177,16,969,126,63,2,1095,65,177,16
03/25/2020,24,289,0,19,313,19,1258,150,82,2,1408,84,313,19
03/26/2020,22,274,1,26,296,27,1532,172,108,3,1704,111,296,27
03/27/2020,38,292,1,36,330,37,1824,210,144,4,2034,148,330,37
03/28/2020,15,228,0,23,243,23,2052,225,167,4,2277,171,243,23
03/29/2020,25,309,0,23,334,23,2361,250,190,4,2611,194,334,23
03/30/2020,35,296,1,35,331,36,2657,285,225,5,2942,230,331,36
03/31/2020,27,357,2,41,384,43,3014,312,266,7,3326,273,384,43
04/01/2020,38,365,3,40,403,43,3379,350,306,10,3729,316,403,43
04/02/2020,42,408,1,47,450,48,3787,392,353,11,4179,364,450,48
04/03/2020,35,355,0,36,390,36,4142,427,389,11,4569,400,390,36
04/04/2020,36,352,1,38,388,39,4494,463,427,12,4957,439,388,39
04/05/2020,23,201,1,31,224,32,4695,486,458,13,5181,471,224,32
04/06/2020,38,232,1,27,270,28,4927,524,485,14,5451,499,270,28
04/07/2020,33,230,2,26,263,28,5157,557,511,16,5714,527,263,28
04/08/2020,46,506,0,71,552,71,5663,603,582,16,6266,598,552,71
04/09/2020,32,337,1,38,369,39,6000,635,620,17,6635,637,369,39
04/10/2020,23,415,1,48,438,49,6415,658,668,18,7073,686,438,49
04/11/2020,32,405,9,43,437,52,6820,690,711,27,7510,738,437,52
04/12/2020,26,358,5,40,384,45,7178,716,751,32,7894,783,384,45
04/13/2020,26,266,3,36,292,39,7444,742,787,35,8186,822,292,39
04/14/2020,30,286,4,37,316,41,7730,772,824,39,8502,863,316,41
04/15/2020,27,394,1,69,421,70,8124,799,893,40,8923,933,421,70
04/16/2020,24,328,1,40,352,41,8452,823,933,41,9275,974,352,41
04/17/2020,34,388,0,51,422,51,8840,857,984,41,9697,1025,422,51
04/18/2020,17,254,0,28,271,28,9094,874,1012,41,9968,1053,271,28
04/19/2020,32,284,7,45,316,52,9378,906,1057,48,10284,1105,316,52
04/20/2020,45,256,6,33,301,39,9634,951,1090,54,10585,1144,301,39
04/21/2020,103,361,22,43,464,65,9995,1054,1133,76,11049,1209,464,65
04/22/2020,59,345,9,45,404,54,10340,1113,1178,85,11453,1263,404,54
04/23/2020,160,810,82,72,970,154,11150,1273,1250,167,12423,1417,970,154
04/24/2020,128,584,9,31,712,40,11734,1401,1281,176,13135,1457,712,40
04/25/2020,48,445,1,38,493,39,12179,1449,1319,177,13628,1496,493,39
04/26/2020,46,392,7,39,438,46,12571,1495,1358,184,14066,1542,438,46
04/27/2020,70,431,13,31,501,44,13002,1565,1389,197,14567,1586,501,44
04/28/2020,44,393,9,29,437,38,13395,1609,1418,206,15004,1624,437,38
04/29/2020,40,816,12,37,856,49,14211,1649,1455,218,15860,1673,856,49
04/30/2020,47,418,1,36,465,37,14629,1696,1491,219,16325,1710,465,37
05/01/2020,32,440,3,36,472,39,15069,1728,1527,222,16797,1749,472,39
05/02/2020,17,399,5,29,416,34,15468,1745,1556,227,17213,1783,416,34
05/03/2020,28,222,2,9,250,11,15690,1773,1565,229,17463,1794,250,11
05/04/2020,33,342,5,38,375,43,16032,1806,1603,234,17838,1837,375,43
05/05/2020,59,341,4,23,400,27,16373,1865,1626,238,18238,1864,400,27
05/06/2020,25,431,6,18,456,24,16804,1890,1644,244,18694,1888,456,24
05/07/2020,30,435,3,28,465,31,17239,1920,1672,247,19159,1919,465,31
05/08/2020,13,545,2,42,558,44,17784,1933,1714,249,19717,1963,558,44
05/09/2020,13,348,1,21,361,22,18132,1946,1735,250,20078,1985,361,22
05/10/2020,10,215,1,14,225,15,18347,1956,1749,251,20303,2000,225,15
05/11/2020,33,219,8,12,252,20,18566,1989,1761,259,20555,2020,252,20
05/12/2020,53,249,30,16,302,46,18815,2042,1777,289,20857,2066,302,46
05/13/2020,21,429,3,31,450,34,19244,2063,1808,292,21307,2100,450,34
05/14/2020,52,376,21,15,428,36,19620,2115,1823,313,21735,2136,428,36
05/15/2020,38,401,19,14,439,33,20021,2153,1837,332,22174,2169,439,33
05/16/2020,35,305,18,19,340,37,20326,2188,1856,350,22514,2206,340,37
05/17/2020,12,215,0,18,227,18,20541,2200,1874,350,22741,2224,227,18
05/18/2020,19,260,5,16,279,21,20801,2219,1890,355,23020,2245,279,21
05/19/2020,22,269,14,23,291,37,21070,2241,1913,369,23311,2282,291,37
05/20/2020,27,354,0,30,381,30,21424,2268,1943,369,23692,2312,381,30
05/21/2020,36,276,1,25,312,26,21700,2304,1968,370,24004,2338,312,26
05/22/2020,27,444,2,22,471,24,22144,2331,1990,372,24475,2362,471,24
05/23/2020,14,216,1,13,230,14,22360,2345,2003,373,24705,2376,230,14
05/24/2020,11,261,0,19,272,19,22621,2356,2022,373,24977,2395,272,19
05/25/2020,12,301,0,19,313,19,22922,2368,2041,373,25290,2414,313,19
05/26/2020,37,170,18,10,207,28,23092,2405,2051,391,25497,2442,207,28
05/27/2020,35,253,6,10,288,16,23345,2440,2061,397,25785,2458,288,16
05/28/2020,30,319,2,17,349,19,23664,2470,2078,399,26134,2477,349,19
05/29/2020,16,479,1,13,495,14,24143,2486,2091,400,26629,2491,495,14
05/30/2020,8,302,0,13,310,13,24445,2494,2104,400,26939,2504,310,13
05/31/2020,11,143,0,4,154,4,24588,2505,2108,400,27093,2508,154,4
06/01/2020,19,201,4,13,220,17,24789,2524,2121,404,27313,2525,220,17
06/02/2020,16,233,2,9,249,11,25022,2540,2130,406,27562,2536,249,11
06/03/2020,15,293,5,7,308,12,25315,2555,2137,411,27870,2548,308,12
06/04/2020,16,267,4,15,283,19,25582,2571,2152,415,28153,2567,283,19
06/05/2020,13,229,0,6,242,6,25811,2584,2158,415,28395,2573,242,6
06/06/2020,14,154,0,10,168,10,25965,2598,2168,415,28563,2583,168,10
06/07/2020,2,132,0,3,134,3,26097,2600,2171,415,28697,2586,134,3
06/08/2020,19,165,3,4,184,7,26262,2619,2175,418,28881,2593,184,7
06/09/2020,21,113,4,7,134,11,26375,2640,2182,422,29015,2604,134,11
06/10/2020,9,120,0,4,129,4,26495,2649,2186,422,29144,2608,129,4
06/11/2020,6,234,0,10,240,10,26729,2655,2196,422,29384,2618,240,10
06/12/2020,15,223,0,14,238,14,26952,2670,2210,422,29622,2632,238,14
06/13/2020,9,116,0,9,125,9,27068,2679,2219,422,29747,2641,125,9
06/14/2020,2,134,0,7,136,7,27202,2681,2226,422,29883,2648,136,7
06/15/2020,15,129,1,6,144,7,27331,2696,2232,423,30027,2655,144,7
06/16/2020,28,225,3,19,253,22,27556,2724,2251,426,30280,2677,253,22
06/17/2020,21,234,3,5,255,8,27790,2745,2256,429,30535,2685,255,8
06/18/2020,38,312,1,12,350,13,28102,2783,2268,430,30885,2698,350,13
06/19/2020,12,169,0,5,181,5,28271,2795,2273,430,31066,2703,181,5
06/20/2020,3,202,1,4,205,5,28473,2798,2277,431,31271,2708,205,5
06/21/2020,1,142,0,2,143,2,28615,2799,2279,431,31414,2710,143,2
06/22/2020,26,176,2,7,202,9,28791,2825,2286,433,31616,2719,202,9
06/23/2020,31,226,0,3,257,3,29017,2856,2289,433,31873,2722,257,3
06/24/2020,12,249,0,3,261,3,29266,2868,2292,433,32134,2725,261,3
06/25/2020,42,288,2,4,330,6,29554,2910,2296,435,32464,2731,330,6
06/26/2020,24,264,3,6,288,9,29818,2934,2302,438,32752,2740,288,9
06/27/2020,11,284,1,4,295,5,30102,2945,2306,439,33047,2745,295,5
06/28/2020,2,168,0,8,170,8,30270,2947,2314,439,33217,2753,170,8
06/29/2020,15,204,1,6,219,7,30474,2962,2320,440,33436,2760,219,7
06/30/2020,6,284,0,7,290,7,30758,2968,2327,440,33726,2767,290,7
07/01/2020,31,369,8,8,400,16,31127,2999,2335,448,34126,2783,400,16
07/02/2020,20,348,1,6,368,7,31475,3019,2341,449,34494,2790,368,7
07/03/2020,9,287,0,5,296,5,31762,3028,2346,449,34790,2795,296,5
07/04/2020,8,220,0,2,228,2,31982,3036,2348,449,35018,2797,228,2
07/05/2020,5,181,0,2,186,2,32163,3041,2350,449,35204,2799,186,2
07/06/2020,32,360,0,8,392,8,32523,3073,2358,449,35596,2807,392,8
07/07/2020,20,337,0,6,357,6,32860,3093,2364,449,35953,2813,357,6
07/08/2020,13,399,1,9,412,10,33259,3106,2373,450,36365,2823,412,10
07/09/2020,11,623,0,7,634,7,33882,3117,2380,450,36999,2830,634,7
07/10/2020,20,432,0,6,452,6,34314,3137,2386,450,37451,2836,452,6
07/11/2020,12,366,0,10,378,10,34680,3149,2396,450,37829,2846,378,10
07/12/2020,7,365,0,3,372,3,35045,3156,2399,450,38201,2849,372,3
07/13/2020,25,401,3,3,426,6,35446,3181,2402,453,38627,2855,426,6
07/14/2020,17,398,1,13,415,14,35844,3198,2415,454,39042,2869,415,14
07/15/2020,12,588,1,12,600,13,36432,3210,2427,455,39642,2882,600,13
07/16/2020,15,573,0,4,588,4,37005,3225,2431,455,40230,2886,588,4
07/17/2020,28,504,0,16,532,16,37509,3253,2447,455,40762,2902,532,16
07/18/2020,5,364,0,9,369,9,37873,3258,2456,455,41131,2911,369,9
07/19/2020,8,423,0,5,431,5,38296,3266,2461,455,41562,2916,431,5
07/20/2020,14,549,1,5,563,6,38845,3280,2466,456,42125,2922,563,6
07/21/2020,24,601,2,11,625,13,39446,3304,2477,458,42750,2935,625,13
07/22/2020,22,588,0,14,610,14,40034,3326,2491,458,43360,2949,610,14
07/23/2020,30,694,0,9,724,9,40728,3356,2500,458,44084,2958,724,9
07/24/2020,28,776,0,15,804,15,41504,3384,2515,458,44888,2973,804,15
07/25/2020,19,565,0,9,584,9,42069,3403,2524,458,45472,2982,584,9
07/26/2020,5,195,0,3,200,3,42264,3408,2527,458,45672,2985,200,3
07/27/2020,47,835,1,2,882,3,43099,3455,2529,459,46554,2988,882,3
07/28/2020,31,466,1,5,497,6,43565,3486,2534,460,47051,2994,497,6
07/29/2020,26,443,0,5,469,5,44008,3512,2539,460,47520,2999,469,5
07/30/2020,27,571,0,15,598,15,44579,3539,2554,460,48118,3014,598,15
07/31/2020,20,537,4,4,557,8,45116,3559,2558,464,48675,3022,557,8
08/01/2020,16,419,0,1,435,1,45535,3575,2559,464,49110,3023,435,1
08/02/2020,2,248,0,0,250,0,45783,3577,2559,464,49360,3023,250,0
08/03/2020,27,504,0,1,531,1,46287,3604,2560,464,49891,3024,531,1
08/04/2020,39,509,0,1,548,1,46796,3643,2561,464,50439,3025,548,1
08/05/2020,31,383,0,1,414,1,47179,3674,2562,464,50853,3026,414,1
08/06/2020,30,417,0,3,447,3,47596,3704,2565,464,51300,3029,447,3
08/07/2020,31,427,0,4,458,4,48023,3735,2569,464,51758,3033,458,4
08/08/2020,15,291,0,4,306,4,48314,3750,2573,464,52064,3037,306,4
08/09/2020,18,280,0,3,298,3,48594,3768,2576,464,52362,3040,298,3
08/10/2020,30,264,2,2,294,4,48858,3798,2578,466,52656,3044,294,4
08/11/2020,25,219,0,2,244,2,49077,3823,2580,466,52900,3046,244,2
08/12/2020,40,421,0,3,461,3,49498,3863,2583,466,53361,3049,461,3
08/13/2020,31,374,0,1,405,1,49872,3894,2584,466,53766,3050,405,1
08/14/2020,19,263,0,3,282,3,50135,3913,2587,466,54048,3053,282,3
08/15/2020,12,345,0,1,357,1,50480,3925,2588,466,54405,3054,357,1
08/16/2020,8,168,0,0,176,0,50648,3933,2588,466,54581,3054,176,0
08/17/2020,39,231,0,1,270,1,50879,3972,2589,466,54851,3055,270,1
08/18/2020,40,278,0,2,318,2,51157,4012,2591,466,55169,3057,318,2
08/19/2020,38,340,0,5,378,5,51497,4050,2596,466,55547,3062,378,5
08/20/2020,24,368,0,6,392,6,51865,4074,2602,466,55939,3068,392,6
08/21/2020,22,288,1,1,310,2,52153,4096,2603,467,56249,3070,310,2
08/22/2020,15,256,0,3,271,3,52409,4111,2606,467,56520,3073,271,3
08/23/2020,9,190,0,1,199,1,52599,4120,2607,467,56719,3074,199,1
08/24/2020,37,279,1,1,316,2,52878,4157,2608,468,57035,3076,316,2
08/25/2020,37,214,0,3,251,3,53092,4194,2611,468,57286,3079,251,3
08/26/2020,17,349,0,9,366,9,53441,4211,2620,468,57652,3088,366,9
08/27/2020,31,403,0,8,434,8,53844,4242,2628,468,58086,3096,434,8
08/28/2020,34,283,2,6,317,8,54127,4276,2634,470,58403,3104,317,8
08/29/2020,11,214,1,3,225,4,54341,4287,2637,471,58628,3108,225,4
08/30/2020,13,177,0,2,190,2,54518,4300,2639,471,58818,3110,190,2
08/31/2020,68,300,0,6,368,6,54818,4368,2645,471,59186,3116,368,6
09/01/2020,33,201,0,4,234,4,55019,4401,2649,471,59420,3120,234,4
09/02/2020,40,273,2,3,313,5,55292,4441,2652,473,59733,3125,313,5
09/03/2020,37,358,1,4,395,5,55650,4478,2656,474,60128,3130,395,5
09/04/2020,27,299,0,7,326,7,55949,4505,2663,474,60454,3137,326,7
09/05/2020,16,265,0,1,281,1,56214,4521,2664,474,60735,3138,281,1
09/06/2020,19,228,1,1,247,2,56442,4540,2665,475,60982,3140,247,2
09/07/2020,17,176,1,2,193,3,56618,4557,2667,476,61175,3143,193,3
09/08/2020,44,271,1,3,315,4,56889,4601,2670,477,61490,3147,315,4
09/09/2020,62,200,0,5,262,5,57089,4663,2675,477,61752,3152,262,5
09/10/2020,57,309,0,4,366,4,57398,4720,2679,477,62118,3156,366,4
09/11/2020,44,367,0,9,411,9,57765,4764,2688,477,62529,3165,411,9
09/12/2020,30,430,1,1,460,2,58195,4794,2689,478,62989,3167,460,2
09/13/2020,30,372,0,1,402,1,58567,4824,2690,478,63391,3168,402,1
09/14/2020,93,352,0,1,445,1,58919,4917,2691,478,63836,3169,445,1
09/15/2020,77,416,1,7,493,8,59335,4994,2698,479,64329,3177,493,8
09/16/2020,71,435,0,3,506,3,59770,5065,2701,479,64835,3180,506,3
09/17/2020,44,581,0,1,625,1,60351,5109,2702,479,65460,3181,625,1
09/18/2020,52,603,0,4,655,4,60954,5161,2706,479,66115,3185,655,4
09/19/2020,29,475,2,3,504,5,61429,5190,2709,481,66619,3190,504,5
09/20/2020,9,537,0,1,546,1,61966,5199,2710,481,67165,3191,546,1
09/21/2020,66,588,0,4,654,4,62554,5265,2714,481,67819,3195,654,4
09/22/2020,49,572,0,3,621,3,63126,5314,2717,481,68440,3198,621,3
09/23/2020,68,584,1,7,652,8,63710,5382,2724,482,69092,3206,652,8
09/24/2020,66,644,1,4,710,5,64354,5448,2728,483,69802,3211,710,5
09/25/2020,40,596,0,6,636,6,64950,5488,2734,483,70438,3217,636,6
09/26/2020,34,574,0,4,608,4,65524,5522,2738,483,71046,3221,608,4
09/27/2020,35,439,0,2,474,2,65963,5557,2740,483,71520,3223,474,2
09/28/2020,72,481,0,5,553,5,66444,5629,2745,483,72073,3228,553,5
09/29/2020,36,492,1,5,528,6,66936,5665,2750,484,72601,3234,528,6
09/30/2020,45,668,1,9,713,10,67604,5710,2759,485,73314,3244,713,10
10/01/2020,58,677,0,3,735,3,68281,5768,2762,485,74049,3247,735,3
10/02/2020,47,634,0,4,681,4,68915,5815,2766,485,74730,3251,681,4
10/03/2020,45,524,0,2,569,2,69439,5860,2768,485,75299,3253,569,2
10/04/2020,9,523,0,5,532,5,69962,5869,2773,485,75831,3258,532,5
10/05/2020,49,579,0,8,628,8,70541,5918,2781,485,76459,3266,628,8
10/06/2020,93,716,0,6,809,6,71257,6011,2787,485,77268,3272,809,6
10/07/2020,107,819,0,6,926,6,72076,6118,2793,485,78194,3278,926,6
10/08/2020,68,789,3,8,857,11,72865,6186,2801,488,79051,3289,857,11
10/09/2020,48,1001,1,8,1049,9,73866,6234,2809,489,80100,3298,1049,9
10/10/2020,37,872,0,2,909,2,74738,6271,2811,489,81009,3300,909,2
10/11/2020,58,576,1,3,634,4,75314,6329,2814,490,81643,3304,634,4
10/12/2020,101,1095,0,4,1196,4,76409,6430,2818,490,82839,3308,1196,4
10/13/2020,95,708,1,3,803,4,77117,6525,2821,491,83642,3312,803,4
10/14/2020,89,1172,1,1,1261,2,78289,6614,2822,492,84903,3314,1261,2
10/15/2020,110,1186,1,8,1296,9,79475,6724,2830,493,86199,3323,1296,9
10/16/2020,177,1043,4,5,1220,9,80518,6901,2835,497,87419,3332,1220,9
10/17/2020,35,1018,1,12,1053,13,81536,6936,2847,498,88472,3345,1053,13
10/18/2020,86,1123,0,13,1209,13,82659,7022,2860,498,89681,3358,1209,13
10/19/2020,90,1026,0,11,1116,11,83685,7112,2871,498,90797,3369,1116,11
10/20/2020,96,1041,1,17,1137,18,84726,7208,2888,499,91934,3387,1137,18
10/21/2020,92,1479,1,15,1571,16,86205,7300,2903,500,93505,3403,1571,16
10/22/2020,86,1505,1,25,1591,26,87710,7386,2928,501,95096,3429,1591,26
10/23/2020,91,1733,3,19,1824,22,89443,7477,2947,504,96920,3451,1824,22
10/24/2020,50,1678,3,10,1728,13,91121,7527,2957,507,98648,3464,1728,13
10/25/2020,113,2237,1,26,2350,27,93358,7640,2983,508,100998,3491,2350,27
10/26/2020,135,1364,1,16,1499,17,94722,7775,2999,509,102497,3508,1499,17
10/27/2020,138,1269,2,24,1407,26,95991,7913,3023,511,103904,3534,1407,26
10/28/2020,136,1755,1,26,1891,27,97746,8049,3049,512,105795,3561,1891,27
10/29/2020,185,2444,4,25,2629,29,100190,8234,3074,516,108424,3590,2629,29
10/30/2020,90,2888,0,33,2978,33,103078,8324,3107,516,111402,3623,2978,33
10/31/2020,83,2710,0,31,2793,31,105788,8407,3138,516,114195,3654,2793,31
11/01/2020,70,2453,1,21,2523,22,108241,8477,3159,517,116718,3676,2523,22
11/02/2020,119,2646,2,32,2765,34,110887,8596,3191,519,119483,3710,2765,34
11/03/2020,131,2975,2,24,3106,26,113862,8727,3215,521,122589,3736,3106,26
11/04/2020,130,3568,1,44,3698,45,117430,8857,3259,522,126287,3781,3698,45
11/05/2020,168,3782,2,30,3950,32,121212,9025,3289,524,130237,3813,3950,32
11/06/2020,166,3841,0,28,4007,28,125053,9191,3317,524,134244,3841,4007,28
11/07/2020,67,3435,0,24,3502,24,128488,9258,3341,524,137746,3865,3502,24
11/08/2020,54,3950,0,30,4004,30,132438,9312,3371,524,141750,3895,4004,30
11/09/2020,142,3781,3,37,3923,40,136219,9454,3408,527,145673,3935,3923,40
11/10/2020,154,3920,0,56,4074,56,140139,9608,3464,527,149747,3991,4074,56
11/11/2020,259,5417,10,40,5676,50,145556,9867,3504,537,155423,4041,5676,50
11/12/2020,276,6667,1,48,6943,49,152223,10143,3552,538,162366,4090,6943,49
11/13/2020,206,5191,3,54,5397,57,157414,10349,3606,541,167763,4147,5397,57
11/14/2020,66,4399,0,39,4465,39,161813,10415,3645,541,172228,4186,4465,39
11/15/2020,90,4038,0,30,4128,30,165851,10505,3675,541,176356,4216,4128,30
11/16/2020,256,4464,5,58,4720,63,170315,10761,3733,546,181076,4279,4720,63
11/17/2020,213,5057,6,46,5270,52,175372,10974,3779,552,186346,4331,5270,52
11/18/2020,226,6184,5,53,6410,58,181556,11200,3832,557,192756,4389,6410,58
11/19/2020,163,6096,2,70,6259,72,187652,11363,3902,559,199015,4461,6259,72
11/20/2020,299,5959,2,66,6258,68,193611,11662,3968,561,205273,4529,6258,68
11/21/2020,63,4338,1,50,4401,51,197949,11725,4018,562,209674,4580,4401,51
11/22/2020,135,4352,1,41,4487,42,202301,11860,4059,563,214161,4622,4487,42
11/23/2020,325,3695,4,60,4020,64,205996,12185,4119,567,218181,4686,4020,64
11/24/2020,157,3963,3,55,4120,58,209959,12342,4174,570,222301,4744,4120,58
11/25/2020,130,6237,6,61,6367,67,216196,12472,4235,576,228668,4811,6367,67
11/26/2020,103,4523,3,78,4626,81,220719,12575,4313,579,233294,4892,4626,81
11/27/2020,138,4786,9,84,4924,93,225505,12713,4397,588,238218,4985,4924,93
11/28/2020,54,4060,0,51,4114,51,229565,12767,4448,588,242332,5036,4114,51
11/29/2020,85,4523,1,63,4608,64,234088,12852,4511,589,246940,5100,4608,64
11/30/2020,330,4753,8,70,5083,78,238841,13182,4581,597,252023,5178,5083,78
12/01/2020,183,4152,6,64,4335,70,242993,13365,4645,603,256358,5248,4335,70
12/02/2020,172,6262,4,77,6434,81,249255,13537,4722,607,262792,5329,6434,81
12/03/2020,161,5770,7,78,5931,85,255025,13698,4800,614,268723,5414,5931,85
12/04/2020,284,4534,5,48,4818,53,259559,13982,4848,619,273541,5467,4818,53
12/05/2020,131,3562,0,51,3693,51,263121,14113,4899,619,277234,5518,3693,51
12/06/2020,100,4186,1,63,4286,64,267307,14213,4962,620,281520,5582,4286,64
12/07/2020,174,3912,9,42,4086,51,271219,14387,5004,629,285606,5633,4086,51
12/08/2020,255,3485,1,62,3740,63,274704,14642,5066,630,289346,5696,3740,63
12/09/2020,223,4594,13,61,4817,74,279298,14865,5127,643,294163,5770,4817,74
12/10/2020,215,3988,7,54,4203,61,283286,15080,5181,650,298366,5831,4203,61
12/11/2020,167,3871,9,42,4038,51,287157,15247,5223,659,302404,5882,4038,51
12/12/2020,78,2705,2,37,2783,39,289862,15325,5260,661,305187,5921,2783,39
12/13/2020,71,2933,0,34,3004,34,292795,15396,5294,661,308191,5955,3004,34
12/14/2020,220,1805,9,47,2025,56,294600,15616,5341,670,310216,6011,2025,56
12/15/2020,203,2774,4,35,2977,39,297374,15819,5376,674,313193,6050,2977,39
12/16/2020,188,3447,9,35,3635,44,300821,16007,5411,683,316828,6094,3635,44
12/17/2020,164,3136,5,39,3300,44,303957,16171,5450,688,320128,6138,3300,44
12/18/2020,161,2206,5,30,2367,35,306163,16332,5480,693,322495,6173,2367,35
12/19/2020,98,2193,0,26,2291,26,308356,16430,5506,693,324786,6199,2291,26
12/20/2020,65,1961,0,9,2026,9,310317,16495,5515,693,326812,6208,2026,9
12/21/2020,259,1911,8,27,2170,35,312228,16754,5542,701,328982,6243,2170,35
12/22/2020,171,2418,5,25,2589,30,314646,16925,5567,706,331571,6273,2589,30
12/23/2020,171,2400,2,21,2571,23,317046,17096,5588,708,334142,6296,2571,23
12/24/2020,149,2641,1,32,2790,33,319687,17245,5620,709,336932,6329,2790,33
12/25/2020,51,1248,0,22,1299,22,320935,17296,5642,709,338231,6351,1299,22
12/26/2020,88,1344,1,27,1432,28,322279,17384,5669,710,339663,6379,1432,28
12/27/2020,113,1655,0,20,1768,20,323934,17497,5689,710,341431,6399,1768,20
12/28/2020,241,1216,12,18,1457,30,325150,17738,5707,722,342888,6429,1457,30
12/29/2020,170,1937,2,14,2107,16,327087,17908,5721,724,344995,6445,2107,16
12/30/2020,202,2661,3,17,2863,20,329748,18110,5738,727,347858,6465,2863,20
12/31/2020,219,2606,4,27,2825,31,332354,18329,5765,731,350683,6496,2825,31
01/01/2021,56,1855,0,21,1911,21,334209,18385,5786,731,352594,6517,1911,21
01/02/2021,96,1824,0,19,1920,19,336033,18481,5805,731,354514,6536,1920,19
01/03/2021,116,1951,1,14,2067,15,337984,18597,5819,732,356581,6551,2067,15
01/04/2021,219,1453,7,21,1672,28,339437,18816,5840,739,358253,6579,1672,28
01/05/2021,263,1952,1,9,2215,10,341389,19079,5849,740,360468,6589,2215,10
01/06/2021,259,3214,2,26,3473,28,344603,19338,5875,742,363941,6617,3473,28
01/07/2021,177,3033,1,26,3210,27,347636,19515,5901,743,367151,6644,3210,27
01/08/2021,187,2765,0,25,2952,25,350401,19702,5926,743,370103,6669,2952,25
01/09/2021,177,2037,0,19,2214,19,352438,19879,5945,743,372317,6688,2214,19
01/10/2021,58,1615,0,16,1673,16,354053,19937,5961,743,373990,6704,1673,16
01/11/2021,224,1410,7,19,1634,26,355463,20161,5980,750,375624,6730,1634,26
01/12/2021,235,2198,4,18,2433,22,357661,20396,5998,754,378057,6752,2433,22
01/13/2021,291,2091,2,27,2382,29,359752,20687,6025,756,380439,6781,2382,29
01/14/2021,162,1980,0,21,2142,21,361732,20849,6046,756,382581,6802,2142,21
01/15/2021,194,1899,2,20,2093,22,363631,21043,6066,758,384674,6824,2093,22
01/16/2021,89,1476,1,15,1565,16,365107,21132,6081,759,386239,6840,1565,16
01/17/2021,66,901,0,14,967,14,366008,21198,6095,759,387206,6854,967,14
01/18/2021,145,1550,0,15,1695,15,367558,21343,6110,759,388901,6869,1695,15
01/19/2021,211,1244,6,14,1455,20,368802,21554,6124,765,390356,6889,1455,20
01/20/2021,223,1851,2,19,2074,21,370653,21777,6143,767,392430,6910,2074,21
01/21/2021,158,1669,0,11,1827,11,372322,21935,6154,767,394257,6921,1827,11
01/22/2021,137,1800,2,15,1937,17,374122,22072,6169,769,396194,6938,1937,17
01/23/2021,95,1277,0,12,1372,12,375399,22167,6181,769,397566,6950,1372,12
01/24/2021,91,1131,0,3,1222,3,376530,22258,6184,769,398788,6953,1222,3
01/25/2021,158,853,2,18,1011,20,377383,22416,6202,771,399799,6973,1011,20
01/26/2021,136,1365,0,11,1501,11,378748,22552,6213,771,401300,6984,1501,11
01/27/2021,124,1451,1,13,1575,14,380199,22676,6226,772,402875,6998,1575,14
01/28/2021,156,1517,2,6,1673,8,381716,22832,6232,774,404548,7006,1673,8
01/29/2021,162,1393,0,6,1555,6,383109,22994,6238,774,406103,7012,1555,6
01/30/2021,95,1115,0,16,1210,16,384224,23089,6254,774,407313,7028,1210,16
01/31/2021,66,848,0,1,914,1,385072,23155,6255,774,408227,7029,914,1
02/01/2021,196,736,1,5,932,6,385808,23351,6260,775,409159,7035,932,6
02/02/2021,220,1212,0,9,1432,9,387020,23571,6269,775,410591,7044,1432,9
02/03/2021,171,1409,0,19,1580,19,388429,23742,6288,775,412171,7063,1580,19
02/04/2021,189,1733,4,12,1922,16,390162,23931,6300,779,414093,7079,1922,16
02/05/2021,171,1198,1,5,1369,6,391360,24102,6305,780,415462,7085,1369,6
02/06/2021,111,990,0,8,1101,8,392350,24213,6313,780,416563,7093,1101,8
02/07/2021,122,732,0,4,854,4,393082,24335,6317,780,417417,7097,854,4
02/08/2021,136,701,2,5,837,7,393783,24471,6322,782,418254,7104,837,7
02/09/2021,145,1054,0,5,1199,5,394837,24616,6327,782,419453,7109,1199,5
02/10/2021,95,1448,3,10,1543,13,396285,24711,6337,785,420996,7122,1543,13
02/11/2021,144,1307,1,2,1451,3,397592,24855,6339,786,422447,7125,1451,3
02/12/2021,110,1048,1,4,1158,5,398640,24965,6343,787,423605,7130,1158,5
02/13/2021,70,777,0,5,847,5,399417,25035,6348,787,424452,7135,847,5
02/14/2021,84,550,0,2,634,2,399967,25119,6350,787,425086,7137,634,2
02/15/2021,123,501,0,2,624,2,400468,25242,6352,787,425710,7139,624,2
02/16/2021,165,951,4,3,1116,7,401419,25407,6355,791,426826,7146,1116,7
02/17/2021,146,1124,2,6,1270,8,402543,25553,6361,793,428096,7154,1270,8
02/18/2021,114,1147,1,12,1261,13,403690,25667,6373,794,429357,7167,1261,13
02/19/2021,147,948,0,4,1095,4,404638,25814,6377,794,430452,7171,1095,4
02/20/2021,74,863,0,6,937,6,405501,25888,6383,794,431389,7177,937,6
02/21/2021,57,654,1,1,711,2,406155,25945,6384,795,432100,7179,711,2
02/22/2021,179,876,3,2,1055,5,407031,26124,6386,798,433155,7184,1055,5
02/23/2021,160,1164,1,6,1324,7,408195,26284,6392,799,434479,7191,1324,7
02/24/2021,147,1192,0,3,1339,3,409387,26431,6395,799,435818,7194,1339,3
02/25/2021,141,1185,0,10,1326,10,410572,26572,6405,799,437144,7204,1326,10
02/26/2021,159,943,0,4,1102,4,411515,26731,6409,799,438246,7208,1102,4
02/27/2021,75,834,0,2,909,2,412349,26806,6411,799,439155,7210,909,2
02/28/2021,62,640,0,5,702,5,412989,26868,6416,799,439857,7215,702,5
03/01/2021,182,691,2,2,873,4,413680,27050,6418,801,440730,7219,873,4
03/02/2021,184,997,0,3,1181,3,414677,27234,6421,801,441911,7222,1181,3
03/03/2021,121,1184,2,6,1305,8,415861,27355,6427,803,443216,7230,1305,8
03/04/2021,123,1078,1,7,1201,8,416939,27478,6434,804,444417,7238,1201,8
03/05/2021,90,921,0,3,1011,3,417860,27568,6437,804,445428,7241,1011,3
03/06/2021,63,834,0,4,897,4,418694,27631,6441,804,446325,7245,897,4
03/07/2021,69,583,0,3,652,3,419277,27700,6444,804,446977,7248,652,3
03/08/2021,199,619,1,2,818,3,419896,27899,6446,805,447795,7251,818,3
03/09/2021,114,923,0,8,1037,8,420819,28013,6454,805,448832,7259,1037,8
03/10/2021,146,1095,1,9,1241,10,421914,28159,6463,806,450073,7269,1241,10
03/11/2021,141,1115,0,4,1256,4,423029,28300,6467,806,451329,7273,1256,4
03/12/2021,116,1156,2,3,1272,5,424185,28416,6470,808,452601,7278,1272,5
03/13/2021,51,1054,0,5,1105,5,425239,28467,6475,808,453706,7283,1105,5
03/14/2021,28,327,0,3,355,3,425566,28495,6478,808,454061,7286,355,3
03/15/2021,91,233,2,1,324,3,425799,28586,6479,810,454385,7289,324,3
03/16/2021,142,656,0,2,798,2,426455,28728,6481,810,455183,7291,798,2
03/17/2021,129,1229,1,4,1358,5,427684,28857,6485,811,456541,7296,1358,5
03/18/2021,125,1629,0,10,1754,10,429313,28982,6495,811,458295,7306,1754,10
03/19/2021,147,1145,0,5,1292,5,430458,29129,6500,811,459587,7311,1292,5
03/20/2021,89,807,0,1,896,1,431265,29218,6501,811,460483,7312,896,1
03/21/2021,64,208,0,0,272,0,431473,29282,6501,811,460755,7312,272,0
03/22/2021,168,1123,0,4,1291,4,432596,29450,6505,811,462046,7316,1291,4
03/23/2021,143,1054,0,2,1197,2,433650,29593,6507,811,463243,7318,1197,2
03/24/2021,156,1131,3,4,1287,7,434781,29749,6511,814,464530,7325,1287,7
03/25/2021,139,1235,1,4,1374,5,436016,29888,6515,815,465904,7330,1374,5
03/26/2021,121,1153,0,2,1274,2,437169,30009,6517,815,467178,7332,1274,2
03/27/2021,89,980,0,5,1069,5,438149,30098,6522,815,468247,7337,1069,5
03/28/2021,94,743,0,1,837,1,438892,30192,6523,815,469084,7338,837,1
03/29/2021,177,977,2,5,1154,7,439869,30369,6528,817,470238,7345,1154,7
03/30/2021,169,1213,4,4,1382,8,441082,30538,6532,821,471620,7353,1382,8
03/31/2021,202,1472,3,8,1674,11,442554,30740,6540,824,473294,7364,1674,11
04/01/2021,171,1526,1,9,1697,10,444080,30911,6549,825,474991,7374,1697,10
04/02/2021,132,1424,0,6,1556,6,445504,31043,6555,825,476547,7380,1556,6
04/03/2021,120,1356,0,5,1476,5,446860,31163,6560,825,478023,7385,1476,5
04/04/2021,72,907,0,4,979,4,447767,31235,6564,825,479002,7389,979,4
04/05/2021,169,862,1,5,1031,6,448629,31404,6569,826,480033,7395,1031,6
04/06/2021,202,1816,0,8,2018,8,450445,31606,6577,826,482051,7403,2018,8
04/07/2021,179,1683,0,5,1862,5,452128,31785,6582,826,483913,7408,1862,5
04/08/2021,178,1712,2,8,1890,10,453840,31963,6590,828,485803,7418,1890,10
04/09/2021,181,1488,0,9,1669,9,455328,32144,6599,828,487472,7427,1669,9
04/10/2021,96,1282,0,3,1378,3,456610,32240,6602,828,488850,7430,1378,3
04/11/2021,89,903,0,4,992,4,457513,32329,6606,828,489842,7434,992,4
04/12/2021,187,1500,0,7,1687,7,459013,32516,6613,828,491529,7441,1687,7
04/13/2021,211,1632,0,12,1843,12,460645,32727,6625,828,493372,7453,1843,12
04/14/2021,161,1512,2,14,1673,16,462157,32888,6639,830,495045,7469,1673,16
04/15/2021,151,1910,0,6,2061,6,464067,33039,6645,830,497106,7475,2061,6
04/16/2021,152,1420,2,7,1572,9,465487,33191,6652,832,498678,7484,1572,9
04/17/2021,93,1333,0,7,1426,7,466820,33284,6659,832,500104,7491,1426,7
04/18/2021,80,831,0,3,911,3,467651,33364,6662,832,501015,7494,911,3
04/19/2021,215,1543,3,11,1758,14,469194,33579,6673,835,502773,7508,1758,14
04/20/2021,153,1558,0,6,1711,6,470752,33732,6679,835,504484,7514,1711,6
04/21/2021,189,2208,5,8,2397,13,472960,33921,6687,840,506881,7527,2397,13
04/22/2021,176,1742,1,16,1918,17,474702,34097,6703,841,508799,7544,1918,17
04/23/2021,179,1707,2,13,1886,15,476409,34276,6716,843,510685,7559,1886,15
04/24/2021,102,1622,0,8,1724,8,478031,34378,6724,843,512409,7567,1724,8
04/25/2021,63,934,0,9,997,9,478965,34441,6733,843,513406,7576,997,9
04/26/2021,216,1311,1,5,1527,6,480276,34657,6738,844,514933,7582,1527,6
04/27/2021,205,1630,1,8,1835,9,481906,34862,6746,845,516768,7591,1835,9
04/28/2021,216,1958,2,8,2174,10,483864,35078,6754,847,518942,7601,2174,10
04/29/2021,167,1674,1,6,1841,7,485538,35245,6760,848,520783,7608,1841,7
04/30/2021,194,1710,2,12,1904,14,487248,35439,6772,850,522687,7622,1904,14
05/01/2021,107,1058,0,5,1165,5,488306,35546,6777,850,523852,7627,1165,5
05/02/2021,77,893,0,2,970,2,489199,35623,6779,850,524822,7629,970,2
05/03/2021,265,1173,1,11,1438,12,490372,35888,6790,851,526260,7641,1438,12
05/04/2021,168,1362,0,12,1530,12,491734,36056,6802,851,527790,7653,1530,12
05/05/2021,132,1320,4,12,1452,16,493054,36188,6814,855,529242,7669,1452,16
05/06/2021,150,1248,0,3,1398,3,494302,36338,6817,855,530640,7672,1398,3
05/07/2021,121,1319,0,9,1440,9,495621,36459,6826,855,532080,7681,1440,9
05/08/2021,65,1041,0,10,1106,10,496662,36524,6836,855,533186,7691,1106,10
05/09/2021,26,833,0,8,859,8,497495,36550,6844,855,534045,7699,859,8
05/10/2021,144,776,0,13,920,13,498271,36694,6857,855,534965,7712,920,13
05/11/2021,117,1153,2,12,1270,14,499424,36811,6869,857,536235,7726,1270,14
05/12/2021,105,1949,1,15,2054,16,501373,36916,6884,858,538289,7742,2054,16
05/13/2021,87,1091,0,11,1178,11,502464,37003,6895,858,539467,7753,1178,11
05/14/2021,96,872,1,7,968,8,503336,37099,6902,859,540435,7761,968,8
05/15/2021,44,594,0,2,638,2,503930,37143,6904,859,541073,7763,638,2
05/16/2021,53,741,0,7,794,7,504671,37196,6911,859,541867,7770,794,7
05/17/2021,94,573,1,8,667,9,505244,37290,6919,860,542534,7779,667,9
05/18/2021,94,947,2,10,1041,12,506191,37384,6929,862,543575,7791,1041,12
05/19/2021,123,780,0,3,903,3,506971,37507,6932,862,544478,7794,903,3
05/20/2021,124,660,2,6,784,8,507631,37631,6938,864,545262,7802,784,8
05/21/2021,96,743,0,10,839,10,508374,37727,6948,864,546101,7812,839,10
05/22/2021,22,581,0,4,603,4,508955,37749,6952,864,546704,7816,603,4
05/23/2021,42,360,0,8,402,8,509315,37791,6960,864,547106,7824,402,8
05/24/2021,108,1295,0,10,1403,10,510610,37899,6970,864,548509,7834,1403,10
05/25/2021,86,654,1,7,740,8,511264,37985,6977,865,549249,7842,740,8
05/26/2021,87,698,1,7,785,8,511962,38072,6984,866,550034,7850,785,8
05/27/2021,74,640,0,3,714,3,512602,38146,6987,866,550748,7853,714,3
05/28/2021,52,542,3,5,594,8,513144,38198,6992,869,551342,7861,594,8
05/29/2021,15,462,0,6,477,6,513606,38213,6998,869,551819,7867,477,6
05/30/2021,8,270,0,4,278,4,513876,38221,7002,869,552097,7871,278,4
05/31/2021,35,284,1,7,319,8,514160,38256,7009,870,552416,7879,319,8
06/01/2021,78,325,0,9,403,9,514485,38334,7018,870,552819,7888,403,9
06/02/2021,112,572,1,7,684,8,515057,38446,7025,871,553503,7896,684,8
06/03/2021,73,568,2,13,641,15,515625,38519,7038,873,554144,7911,641,15
06/04/2021,72,519,1,1,591,2,516144,38591,7039,874,554735,7913,591,2
06/05/2021,16,355,0,6,371,6,516499,38607,7045,874,555106,7919,371,6
06/06/2021,22,251,0,5,273,5,516750,38629,7050,874,555379,7924,273,5
06/07/2021,117,363,2,9,480,11,517113,38746,7059,876,555859,7935,480,11
06/08/2021,90,359,0,6,449,6,517472,38836,7065,876,556308,7941,449,6
06/09/2021,53,453,0,5,506,5,517925,38889,7070,876,556814,7946,506,5
06/10/2021,39,386,1,2,425,3,518311,38928,7072,877,557239,7949,425,3
06/11/2021,125,383,1,4,508,5,518694,39053,7076,878,557747,7954,508,5
06/12/2021,71,325,1,3,396,4,519019,39124,7079,879,558143,7958,396,4
06/13/2021,25,169,1,0,194,1,519188,39149,7079,880,558337,7959,194,1
06/14/2021,49,293,1,4,342,5,519481,39198,7083,881,558679,7964,342,5
06/15/2021,41,316,1,6,357,7,519797,39239,7089,882,559036,7971,357,7
06/16/2021,46,334,0,5,380,5,520131,39285,7094,882,559416,7976,380,5
06/17/2021,55,297,1,8,352,9,520428,39340,7102,883,559768,7985,352,9
06/18/2021,58,294,1,5,352,6,520722,39398,7107,884,560120,7991,352,6
06/19/2021,28,229,0,2,257,2,520951,39426,7109,884,560377,7993,257,2
06/20/2021,24,200,0,1,224,1,521151,39450,7110,884,560601,7994,224,1
06/21/2021,61,287,2,3,348,5,521438,39511,7113,886,560949,7999,348,5
06/22/2021,72,303,2,0,375,2,521741,39583,7113,888,561324,8001,375,2
06/23/2021,51,472,0,1,523,1,522213,39634,7114,888,561847,8002,523,1
06/24/2021,89,280,1,5,369,6,522493,39723,7119,889,562216,8008,369,6
06/25/2021,73,335,1,4,408,5,522828,39796,7123,890,562624,8013,408,5
06/26/2021,23,236,0,5,259,5,523064,39819,7128,890,562883,8018,259,5
06/27/2021,14,227,0,2,241,2,523291,39833,7130,890,563124,8020,241,2
06/28/2021,77,265,2,7,342,9,523556,39910,7137,892,563466,8029,342,9
06/29/2021,68,395,0,7,463,7,523951,39978,7144,892,563929,8036,463,7
06/30/2021,89,428,0,5,517,5,524379,40067,7149,892,564446,8041,517,5
07/01/2021,76,418,0,7,494,7,524797,40143,7156,892,564940,8048,494,7
07/02/2021,44,370,1,5,414,6,525167,40187,7161,893,565354,8054,414,6
07/03/2021,24,296,0,1,320,1,525463,40211,7162,893,565674,8055,320,1
07/04/2021,24,205,0,1,229,1,525668,40235,7163,893,565903,8056,229,1
07/05/2021,45,217,1,7,262,8,525885,40280,7170,894,566165,8064,262,8
07/06/2021,51,330,0,4,381,4,526215,40331,7174,894,566546,8068,381,4
07/07/2021,62,434,0,3,496,3,526649,40393,7177,894,567042,8071,496,3
07/08/2021,57,426,1,6,483,7,527075,40450,7183,895,567525,8078,483,7
07/09/2021,61,428,0,8,489,8,527503,40511,7191,895,568014,8086,489,8
07/10/2021,30,345,0,1,375,1,527848,40541,7192,895,568389,8087,375,1
07/11/2021,20,246,2,3,266,5,528094,40561,7195,897,568655,8092,266,5
07/12/2021,66,452,0,7,518,7,528546,40627,7202,897,569173,8099,518,7
07/13/2021,74,428,0,6,502,6,528974,40701,7208,897,569675,8105,502,6
07/14/2021,62,407,0,4,469,4,529381,40763,7212,897,570144,8109,469,4
07/15/2021,93,463,1,4,556,5,529844,40856,7216,898,570700,8114,556,5
07/16/2021,126,435,4,1,561,5,530279,40982,7217,902,571261,8119,561,5
07/17/2021,54,360,0,4,414,4,530639,41036,7221,902,571675,8123,414,4
07/18/2021,31,402,0,5,433,5,531041,41067,7226,902,572108,8128,433,5
07/19/2021,87,436,0,7,523,7,531477,41154,7233,902,572631,8135,523,7
07/20/2021,72,537,1,8,609,9,532014,41226,7241,903,573240,8144,609,9
07/21/2021,86,681,0,7,767,7,532695,41312,7248,903,574007,8151,767,7
07/22/2021,129,561,1,3,690,4,533256,41441,7251,904,574697,8155,690,4
07/23/2021,95,667,0,8,762,8,533923,41536,7259,904,575459,8163,762,8
07/24/2021,45,522,1,4,567,5,534445,41581,7263,905,576026,8168,567,5
07/25/2021,44,429,0,3,473,3,534874,41625,7266,905,576499,8171,473,3
07/26/2021,121,636,1,2,757,3,535510,41746,7268,906,577256,8174,757,3
07/27/2021,134,672,0,10,806,10,536182,41880,7278,906,578062,8184,806,10
07/28/2021,115,1048,1,5,1163,6,537230,41995,7283,907,579225,8190,1163,6
07/29/2021,95,913,0,6,1008,6,538143,42090,7289,907,580233,8196,1008,6
07/30/2021,112,871,0,8,983,8,539014,42202,7297,907,581216,8204,983,8
07/31/2021,76,766,0,10,842,10,539780,42278,7307,907,582058,8214,842,10
08/01/2021,51,581,0,4,632,4,540361,42329,7311,907,582690,8218,632,4
08/02/2021,112,681,0,6,793,6,541042,42441,7317,907,583483,8224,793,6
08/03/2021,147,1067,2,11,1214,13,542109,42588,7328,909,584697,8237,1214,13
08/04/2021,132,994,0,4,1126,4,543103,42720,7332,909,585823,8241,1126,4
08/05/2021,141,1030,2,9,1171,11,544133,42861,7341,911,586994,8252,1171,11
08/06/2021,133,995,0,11,1128,11,545128,42994,7352,911,588122,8263,1128,11
08/07/2021,72,832,0,9,904,9,545960,43066,7361,911,589026,8272,904,9
08/08/2021,44,619,0,6,663,6,546579,43110,7367,911,589689,8278,663,6
08/09/2021,131,690,0,9,821,9,547269,43241,7376,911,590510,8287,821,9
08/10/2021,141,1181,0,14,1322,14,548450,43382,7390,911,591832,8301,1322,14
08/11/2021,174,1499,3,12,1673,15,549949,43556,7402,914,593505,8316,1673,15
08/12/2021,122,1015,2,12,1137,14,550964,43678,7414,916,594642,8330,1137,14
08/13/2021,112,1280,2,13,1392,15,552244,43790,7427,918,596034,8345,1392,15
08/14/2021,114,781,0,8,895,8,553025,43904,7435,918,596929,8353,895,8
08/15/2021,61,644,0,7,705,7,553669,43965,7442,918,597634,8360,705,7
08/16/2021,176,947,0,15,1123,15,554616,44141,7457,918,598757,8375,1123,15
08/17/2021,178,2025,0,12,2203,12,556641,44319,7469,918,600960,8387,2203,12
08/18/2021,173,1510,0,13,1683,13,558151,44492,7482,918,602643,8400,1683,13
08/19/2021,195,1612,2,11,1807,13,559763,44687,7493,920,604450,8413,1807,13
08/20/2021,188,1599,1,10,1787,11,561362,44875,7503,921,606237,8424,1787,11
08/21/2021,124,1288,0,10,1412,10,562650,44999,7513,921,607649,8434,1412,10
08/22/2021,73,962,0,6,1035,6,563612,45072,7519,921,608684,8440,1035,6
08/23/2021,263,1081,0,9,1344,9,564693,45335,7528,921,610028,8449,1344,9
08/24/2021,211,1764,0,9,1975,9,566457,45546,7537,921,612003,8458,1975,9
08/25/2021,198,1965,2,17,2163,19,568422,45744,7554,923,614166,8477,2163,19
08/26/2021,177,1854,1,8,2031,9,570276,45921,7562,924,616197,8486,2031,9
08/27/2021,194,1550,1,15,1744,16,571826,46115,7577,925,617941,8502,1744,16
08/28/2021,72,936,1,4,1008,5,572762,46187,7581,926,618949,8507,1008,5
08/29/2021,112,1302,1,18,1414,19,574064,46299,7599,927,620363,8526,1414,19
08/30/2021,216,1883,1,22,2099,23,575947,46515,7621,928,622462,8549,2099,23
08/31/2021,301,1775,1,13,2076,14,577722,46816,7634,929,624538,8563,2076,14
09/01/2021,306,1919,1,11,2225,12,579641,47122,7645,930,626763,8575,2225,12
09/02/2021,265,1954,4,24,2219,28,581595,47387,7669,934,628982,8603,2219,28
09/03/2021,216,1871,0,17,2087,17,583466,47603,7686,934,631069,8620,2087,17
09/04/2021,117,1569,0,13,1686,13,585035,47720,7699,934,632755,8633,1686,13
09/05/2021,90,1402,2,15,1492,17,586437,47810,7714,936,634247,8650,1492,17
09/06/2021,129,968,0,13,1097,13,587405,47939,7727,936,635344,8663,1097,13
09/07/2021,261,1363,1,17,1624,18,588768,48200,7744,937,636968,8681,1624,18
09/08/2021,290,1779,2,13,2069,15,590547,48490,7757,939,639037,8696,2069,15
09/09/2021,251,2115,2,14,2366,16,592662,48741,7771,941,641403,8712,2366,16
09/10/2021,240,2260,0,19,2500,19,594922,48981,7790,941,643903,8731,2500,19
09/11/2021,88,1712,0,14,1800,14,596634,49069,7804,941,645703,8745,1800,14
09/12/2021,93,1316,1,6,1409,7,597950,49162,7810,942,647112,8752,1409,7
09/13/2021,279,1511,2,17,1790,19,599461,49441,7827,944,648902,8771,1790,19
09/14/2021,232,1857,3,21,2089,24,601318,49673,7848,947,650991,8795,2089,24
09/15/2021,247,1959,1,14,2206,15,603277,49920,7862,948,653197,8810,2206,15
09/16/2021,259,2057,4,25,2316,29,605334,50179,7887,952,655513,8839,2316,29
09/17/2021,221,1867,1,19,2088,20,607201,50400,7906,953,657601,8859,2088,20
09/18/2021,98,1718,0,8,1816,8,608919,50498,7914,953,659417,8867,1816,8
09/19/2021,84,1206,0,14,1290,14,610125,50582,7928,953,660707,8881,1290,14
09/20/2021,289,1380,1,19,1669,20,611505,50871,7947,954,662376,8901,1669,20
09/21/2021,290,1530,1,21,1820,22,613035,51161,7968,955,664196,8923,1820,22
09/22/2021,193,1936,3,18,2129,21,614971,51354,7986,958,666325,8944,2129,21
09/23/2021,189,1895,0,22,2084,22,616866,51543,8008,958,668409,8966,2084,22
09/24/2021,165,1883,1,23,2048,24,618749,51708,8031,959,670457,8990,2048,24
09/25/2021,110,1338,0,14,1448,14,620087,51818,8045,959,671905,9004,1448,14
09/26/2021,125,1103,1,12,1228,13,621190,51943,8057,960,673133,9017,1228,13
09/27/2021,317,1518,2,12,1835,14,622708,52260,8069,962,674968,9031,1835,14
09/28/2021,348,1554,3,16,1902,19,624262,52608,8085,965,676870,9050,1902,19
09/29/2021,248,2232,2,21,2480,23,626494,52856,8106,967,679350,9073,2480,23
09/30/2021,271,2108,1,20,2379,21,628602,53127,8126,968,681729,9094,2379,21
10/01/2021,194,2008,1,27,2202,28,630610,53321,8153,969,683931,9122,2202,28
10/02/2021,98,1683,1,16,1781,17,632293,53419,8169,970,685712,9139,1781,17
10/03/2021,82,1294,0,21,1376,21,633587,53501,8190,970,687088,9160,1376,21
10/04/2021,336,1559,3,24,1895,27,635146,53837,8214,973,688983,9187,1895,27
10/05/2021,315,1716,7,19,2031,26,636862,54152,8233,980,691014,9213,2031,26
10/06/2021,348,2600,3,28,2948,31,639462,54500,8261,983,693962,9244,2948,31
10/07/2021,306,2607,2,18,2913,20,642069,54806,8279,985,696875,9264,2913,20
10/08/2021,245,2330,5,22,2575,27,644399,55051,8301,990,699450,9291,2575,27
10/09/2021,138,1692,0,23,1830,23,646091,55189,8324,990,701280,9314,1830,23
10/10/2021,109,1518,1,16,1627,17,647609,55298,8340,991,702907,9331,1627,17
10/11/2021,330,1271,4,22,1601,26,648880,55628,8362,995,704508,9357,1601,26
10/12/2021,306,1723,5,18,2029,23,650603,55934,8380,1000,706537,9380,2029,23
10/13/2021,279,2601,5,19,2880,24,653204,56213,8399,1005,709417,9404,2880,24
10/14/2021,293,2215,1,29,2508,30,655419,56506,8428,1006,711925,9434,2508,30
10/15/2021,262,1937,3,17,2199,20,657356,56768,8445,1009,714124,9454,2199,20
10/16/2021,113,1620,0,27,1733,27,658976,56881,8472,1009,715857,9481,1733,27
10/17/2021,86,1388,0,28,1474,28,660364,56967,8500,1009,717331,9509,1474,28
10/18/2021,397,1499,3,21,1896,24,661863,57364,8521,1012,719227,9533,1896,24
10/19/2021,420,1866,8,26,2286,34,663729,57784,8547,1020,721513,9567,2286,34
10/20/2021,346,2915,0,35,3261,35,666644,58130,8582,1020,724774,9602,3261,35
10/21/2021,335,2517,1,34,2852,35,669161,58465,8616,1021,727626,9637,2852,35
10/22/2021,286,2567,7,35,2853,42,671728,58751,8651,1028,730479,9679,2853,42
10/23/2021,186,1985,1,27,2171,28,673713,58937,8678,1029,732650,9707,2171,28
10/24/2021,185,1797,1,26,1982,27,675510,59122,8704,1030,734632,9734,1982,27
10/25/2021,505,1702,6,29,2207,35,677212,59627,8733,1036,736839,9769,2207,35
10/26/2021,407,3026,5,34,3433,39,680238,60034,8767,1041,740272,9808,3433,39
10/27/2021,419,3183,3,38,3602,41,683421,60453,8805,1044,743874,9849,3602,41
10/28/2021,421,3123,5,29,3544,34,686544,60874,8834,1049,747418,9883,3544,34
10/29/2021,331,2564,2,42,2895,44,689108,61205,8876,1051,750313,9927,2895,44
10/30/2021,186,2427,2,22,2613,24,691535,61391,8898,1053,752926,9951,2613,24
10/31/2021,129,1611,1,20,1740,21,693146,61520,8918,1054,754666,9972,1740,21
11/01/2021,515,1893,7,34,2408,41,695039,62035,8952,1061,757074,10013,2408,41
11/02/2021,509,2595,1,31,3104,32,697634,62544,8983,1062,760178,10045,3104,32
11/03/2021,419,3539,7,40,3958,47,701173,62963,9023,1069,764136,10092,3958,47
11/04/2021,408,3228,4,36,3636,40,704401,63371,9059,1073,767772,10132,3636,40
11/05/2021,383,2952,8,34,3335,42,707353,63754,9093,1081,771107,10174,3335,42
11/06/2021,161,2809,0,30,2970,30,710162,63915,9123,1081,774077,10204,2970,30
11/07/2021,141,1997,1,19,2138,20,712159,64056,9142,1082,776215,10224,2138,20
11/08/2021,490,1812,4,32,2302,36,713971,64546,9174,1086,778517,10260,2302,36
11/09/2021,547,3853,4,36,4400,40,717824,65093,9210,1090,782917,10300,4400,40
11/10/2021,450,3407,5,43,3857,48,721231,65543,9253,1095,786774,10348,3857,48
11/11/2021,374,3350,3,43,3724,46,724581,65917,9296,1098,790498,10394,3724,46
11/12/2021,358,2905,2,32,3263,34,727486,66275,9328,1100,793761,10428,3263,34
11/13/2021,157,2767,1,24,2924,25,730253,66432,9352,1101,796685,10453,2924,25
11/14/2021,158,1718,2,20,1876,22,731971,66590,9372,1103,798561,10475,1876,22
11/15/2021,467,2433,15,45,2900,60,734404,67057,9417,1118,801461,10535,2900,60
11/16/2021,476,3635,10,42,4111,52,738039,67533,9459,1128,805572,10587,4111,52
11/17/2021,338,3688,4,43,4026,47,741727,67871,9502,1132,809598,10634,4026,47
11/18/2021,351,2978,10,21,3329,31,744705,68222,9523,1142,812927,10665,3329,31
11/19/2021,280,2686,2,32,2966,34,747391,68502,9555,1144,815893,10699,2966,34
11/20/2021,112,2235,0,18,2347,18,749626,68614,9573,1144,818240,10717,2347,18
11/21/2021,96,1613,0,22,1709,22,751239,68710,9595,1144,819949,10739,1709,22
11/22/2021,380,2213,8,29,2593,37,753452,69090,9624,1152,822542,10776,2593,37
11/23/2021,409,2671,6,39,3080,45,756123,69499,9663,1158,825622,10821,3080,45
11/24/2021,266,2682,7,39,2948,46,758805,69765,9702,1165,828570,10867,2948,46
11/25/2021,66,1240,0,13,1306,13,760045,69831,9715,1165,829876,10880,1306,13
11/26/2021,168,1404,6,43,1572,49,761449,69999,9758,1171,831448,10929,1572,49
11/27/2021,143,2277,0,32,2420,32,763726,70142,9790,1171,833868,10961,2420,32
11/28/2021,149,1312,1,24,1461,25,765038,70291,9814,1172,835329,10986,1461,25
11/29/2021,379,2180,5,29,2559,34,767218,70670,9843,1177,837888,11020,2559,34
11/30/2021,386,3275,10,29,3661,39,770493,71056,9872,1187,841549,11059,3661,39
12/01/2021,353,2913,1,26,3266,27,773406,71409,9898,1188,844815,11086,3266,27
12/02/2021,297,2661,6,27,2958,33,776067,71706,9925,1194,847773,11119,2958,33
12/03/2021,230,2230,9,34,2460,43,778297,71936,9959,1203,850233,11162,2460,43
12/04/2021,123,1446,1,11,1569,12,779743,72059,9970,1204,851802,11174,1569,12
12/05/2021,58,1071,0,18,1129,18,780814,72117,9988,1204,852931,11192,1129,18
12/06/2021,329,2587,16,36,2916,52,783401,72446,10024,1220,855847,11244,2916,52
12/07/2021,254,2164,3,36,2418,39,785565,72700,10060,1223,858265,11283,2418,39
12/08/2021,202,2327,1,29,2529,30,787892,72902,10089,1224,860794,11313,2529,30
12/09/2021,238,1826,18,26,2064,44,789718,73140,10115,1242,862858,11357,2064,44
12/10/2021,202,1718,2,23,1920,25,791436,73342,10138,1244,864778,11382,1920,25
12/11/2021,69,1256,0,17,1325,17,792692,73411,10155,1244,866103,11399,1325,17
12/12/2021,55,818,0,13,873,13,793510,73466,10168,1244,866976,11412,873,13
12/13/2021,206,1355,1,20,1561,21,794865,73672,10188,1245,868537,11433,1561,21
12/14/2021,273,1512,11,20,1785,31,796377,73945,10208,1256,870322,11464,1785,31
12/15/2021,232,2159,4,21,2391,25,798536,74177,10229,1260,872713,11489,2391,25
12/16/2021,189,1713,2,23,1902,25,800249,74366,10252,1262,874615,11514,1902,25
12/17/2021,178,2085,2,22,2263,24,802334,74544,10274,1264,876878,11538,2263,24
12/18/2021,111,1767,0,15,1878,15,804101,74655,10289,1264,878756,11553,1878,15
12/19/2021,135,1377,12,15,1512,27,805478,74790,10304,1276,880268,11580,1512,27
12/20/2021,330,1921,6,22,2251,28,807399,75120,10326,1282,882519,11608,2251,28
12/21/2021,363,3989,1,29,4352,30,811388,75483,10355,1283,886871,11638,4352,30
12/22/2021,356,3905,5,18,4261,23,815293,75839,10373,1288,891132,11661,4261,23
12/23/2021,533,5307,4,19,5840,23,820600,76372,10392,1292,896972,11684,5840,23
12/24/2021,327,5684,0,11,6011,11,826284,76699,10403,1292,902983,11695,6011,11
12/25/2021,176,4136,0,9,4312,9,830420,76875,10412,1292,907295,11704,4312,9
12/26/2021,329,2810,0,15,3139,15,833230,77204,10427,1292,910434,11719,3139,15
12/27/2021,758,4262,6,20,5020,26,837492,77962,10447,1298,915454,11745,5020,26
12/28/2021,1091,6685,4,19,7776,23,844177,79053,10466,1302,923230,11768,7776,23
12/29/2021,936,10015,7,31,10951,38,854192,79989,10497,1309,934181,11806,10951,38
12/30/2021,915,9798,8,13,10713,21,863990,80904,10510,1317,944894,11827,10713,21
12/31/2021,549,11415,8,22,11964,30,875405,81453,10532,1325,956858,11857,11964,30
01/01/2022,303,5821,0,23,6124,23,881226,81756,10555,1325,962982,11880,6124,23
01/02/2022,528,6788,0,10,7316,10,888014,82284,10565,1325,970298,11890,7316,10
01/03/2022,1307,6749,8,29,8056,37,894763,83591,10594,1333,978354,11927,8056,37
01/04/2022,1708,12180,3,32,13888,35,906943,85299,10626,1336,992242,11962,13888,35
01/05/2022,1645,16515,12,51,18160,63,923458,86944,10677,1348,1010402,12025,18160,63
01/06/2022,1212,18532,7,49,19744,56,941990,88156,10726,1355,1030146,12081,19744,56
01/07/2022,1231,10976,4,44,12207,48,952966,89387,10770,1359,1042353,12129,12207,48
01/08/2022,674,10558,2,31,11232,33,963524,90061,10801,1361,1053585,12162,11232,33
01/09/2022,522,7980,1,27,8502,28,971504,90583,10828,1362,1062087,12190,8502,28
01/10/2022,1405,13560,12,36,14965,48,985064,91988,10864,1374,1077052,12238,14965,48
01/11/2022,1516,10932,1,35,12448,36,995996,93504,10899,1375,1089500,12274,12448,36
01/12/2022,1481,13364,10,27,14845,37,1009360,94985,10926,1385,1104345,12311,14845,37
01/13/2022,1319,13216,2,40,14535,42,1022576,96304,10966,1387,1118880,12353,14535,42
01/14/2022,1273,14460,9,48,15733,57,1037036,97577,11014,1396,1134613,12410,15733,57
01/15/2022,510,8673,1,28,9183,29,1045709,98087,11042,1397,1143796,12439,9183,29
01/16/2022,394,6750,3,21,7144,24,1052459,98481,11063,1400,1150940,12463,7144,24
01/17/2022,956,9644,0,28,10600,28,1062103,99437,11091,1400,1161540,12491,10600,28
01/18/2022,1362,9658,5,28,11020,33,1071761,100799,11119,1405,1172560,12524,11020,33
01/19/2022,1255,12925,3,33,14180,36,1084686,102054,11152,1408,1186740,12560,14180,36
01/20/2022,1141,10839,5,31,11980,36,1095525,103195,11183,1413,1198720,12596,11980,36
01/21/2022,1273,10380,4,19,11653,23,1105905,104468,11202,1417,1210373,12619,11653,23
01/22/2022,517,7950,0,23,8467,23,1113855,104985,11225,1417,1218840,12642,8467,23
01/23/2022,341,7647,2,12,7988,14,1121502,105326,11237,1419,1226828,12656,7988,14
01/24/2022,1337,6566,14,23,7903,37,1128068,106663,11260,1433,1234731,12693,7903,37
01/25/2022,1027,7425,4,26,8452,30,1135493,107690,11286,1437,1243183,12723,8452,30
01/26/2022,972,9235,11,25,10207,36,1144728,108662,11311,1448,1253390,12759,10207,36
01/27/2022,910,7362,3,17,8272,20,1152090,109572,11328,1451,1261662,12779,8272,20
01/28/2022,665,5734,3,19,6399,22,1157824,110237,11347,1454,1268061,12801,6399,22
01/29/2022,271,4431,1,13,4702,14,1162255,110508,11360,1455,1272763,12815,4702,14
01/30/2022,200,3636,2,8,3836,10,1165891,110708,11368,1457,1276599,12825,3836,10
01/31/2022,710,2963,5,17,3673,22,1168854,111418,11385,1462,1280272,12847,3673,22
02/01/2022,641,4180,2,9,4821,11,1173034,112059,11394,1464,1285093,12858,4821,11
02/02/2022,467,4707,0,18,5174,18,1177741,112526,11412,1464,1290267,12876,5174,18
02/03/2022,418,2297,2,9,2715,11,1180038,112944,11421,1466,1292982,12887,2715,11
02/04/2022,519,2924,6,11,3443,17,1182962,113463,11432,1472,1296425,12904,3443,17
02/05/2022,198,2549,14,8,2747,22,1185511,113661,11440,1486,1299172,12926,2747,22
02/06/2022,83,1682,0,4,1765,4,1187193,113744,11444,1486,1300937,12930,1765,4
02/07/2022,402,1771,1,10,2173,11,1188964,114146,11454,1487,1303110,12941,2173,11
02/08/2022,574,2525,1,3,3099,4,1191489,114720,11457,1488,1306209,12945,3099,4
02/09/2022,320,2255,13,11,2575,24,1193744,115040,11468,1501,1308784,12969,2575,24
02/10/2022,283,1895,6,5,2178,11,1195639,115323,11473,1507,1310962,12980,2178,11
02/11/2022,358,1687,0,8,2045,8,1197326,115681,11481,1507,1313007,12988,2045,8
02/12/2022,77,1041,0,7,1118,7,1198367,115758,11488,1507,1314125,12995,1118,7
02/13/2022,59,630,1,2,689,3,1198997,115817,11490,1508,1314814,12998,689,3
02/14/2022,268,766,3,2,1034,5,1199763,116085,11492,1511,1315848,13003,1034,5
02/15/2022,262,1584,5,3,1846,8,1201347,116347,11495,1516,1317694,13011,1846,8
02/16/2022,188,1243,3,4,1431,7,1202590,116535,11499,1519,1319125,13018,1431,7
02/17/2022,141,1105,0,5,1246,5,1203695,116676,11504,1519,1320371,13023,1246,5
02/18/2022,179,847,0,1,1026,1,1204542,116855,11505,1519,1321397,13024,1026,1
02/19/2022,48,686,0,4,734,4,1205228,116903,11509,1519,1322131,13028,734,4
02/20/2022,18,441,0,3,459,3,1205669,116921,11512,1519,1322590,13031,459,3
02/21/2022,97,505,1,3,602,4,1206174,117018,11515,1520,1323192,13035,602,4
02/22/2022,140,804,11,4,944,15,1206978,117158,11519,1531,1324136,13050,944,15
02/23/2022,84,754,0,1,838,1,1207732,117242,11520,1531,1324974,13051,838,1
02/24/2022,130,595,0,2,725,2,1208327,117372,11522,1531,1325699,13053,725,2
02/25/2022,103,746,0,2,849,2,1209073,117475,11524,1531,1326548,13055,849,2
02/26/2022,22,490,0,2,512,2,1209563,117497,11526,1531,1327060,13057,512,2
02/27/2022,30,301,0,1,331,1,1209864,117527,11527,1531,1327391,13058,331,1
02/28/2022,129,369,6,2,498,8,1210233,117656,11529,1537,1327889,13066,498,8
03/01/2022,85,574,2,0,659,2,1210807,117741,11529,1539,1328548,13068,659,2
03/02/2022,88,555,2,3,643,5,1211362,117829,11532,1541,1329191,13073,643,5
03/03/2022,82,491,1,0,573,1,1211853,117911,11532,1542,1329764,13074,573,1
03/04/2022,33,345,2,0,378,2,1212198,117944,11532,1544,1330142,13076,378,2
03/05/2022,13,141,0,1,154,1,1212339,117957,11533,1544,1330296,13077,154,1
03/06/2022,18,74,0,0,92,0,1212413,117975,11533,1544,1330388,13077,92,0
03/07/2022,77,111,0,1,188,1,1212524,118052,11534,1544,1330576,13078,188,1
03/08/2022,117,312,4,2,429,6,1212836,118169,11536,1548,1331005,13084,429,6
03/09/2022,45,133,1,0,178,1,1212969,118214,11536,1549,1331183,13085,178,1
03/10/2022,94,188,0,2,282,2,1213157,118308,11538,1549,1331465,13087,282,2
03/11/2022,49,108,0,0,157,0,1213265,118357,11538,1549,1331622,13087,157,0
03/12/2022,4,99,1,0,103,1,1213364,118361,11538,1550,1331725,13088,103,1
03/13/2022,4,72,0,0,76,0,1213436,118365,11538,1550,1331801,13088,76,0
03/14/2022,92,295,3,0,387,3,1213731,118457,11538,1553,1332188,13091,387,3
03/15/2022,85,346,2,1,431,3,1214077,118542,11539,1555,1332619,13094,431,3
03/16/2022,83,295,2,1,378,3,1214372,118625,11540,1557,1332997,13097,378,3
03/17/2022,88,312,0,0,400,0,1214684,118713,11540,1557,1333397,13097,400,0
03/18/2022,97,322,1,1,419,2,1215006,118810,11541,1558,1333816,13099,419,2
03/19/2022,20,123,0,0,143,0,1215129,118830,11541,1558,1333959,13099,143,0
03/20/2022,16,94,0,0,110,0,1215223,118846,11541,1558,1334069,13099,110,0
03/21/2022,0,0,0,0,0,0,1215223,118846,11541,1558,1334069,13099,0,0
03/22/2022,0,0,0,0,0,0,1215223,118846,11541,1558,1334069,13099,0,0
03/23/2022,0,0,0,0,0,0,1215223,118846,11541,1558,1334069,13099,0,0
03/24/2022,0,0,0,0,0,0,1215223,118846,11541,1558,1334069,13099,0,0
03/25/2022,0,0,0,0,0,0,1215223,118846,11541,1558,1334069,13099,0,0
03/26/2022,0,0,0,0,0,0,1215223,118846,11541,1558,1334069,13099,0,0
03/27/2022,0,0,0,0,0,0,1215223,118846,11541,1558,1334069,13099,0,0
03/28/2022,0,0,0,0,0,0,1215223,118846,11541,1558,1334069,13099,0,0
03/29/2022,0,0,0,0,0,0,1215223,118846,11541,1558,1334069,13099,0,0
03/30/2022,0,0,0,0,0,0,1215223,118846,11541,1558,1334069,13099,0,0
03/31/2022,0,0,0,0,0,0,1215223,118846,11541,1558,1334069,13099,0,0
