ReportedDate,countyassigned,NumProbable,NumConfirmed,NumProbDead,NumConfDead,TotalCases,TotalDead,CumConfirmed,CumProbable,CumConfDead,CumProbDead,TotalCumCases,TotalCumDead,DailyChangeCases,DailyChangeDead
03/01/2020,ADAMS,0,1,0,0,1,0,1,0,0,0,1,0,,
03/06/2020,ADAMS,1,0,0,0,1,0,1,1,0,0,2,0,1,0
03/11/2020,ADAMS,0,2,0,0,2,0,3,1,0,0,4,0,2,0
03/12/2020,ADAMS,0,1,0,0,1,0,4,1,0,0,5,0,1,0
03/14/2020,ADAMS,0,3,0,0,3,0,7,1,0,0,8,0,3,0
03/16/2020,ADAMS,0,4,0,0,4,0,11,1,0,0,12,0,4,0
03/17/2020,ADAMS,0,1,0,0,1,0,12,1,0,0,13,0,1,0
03/18/2020,ADAMS,2,0,0,0,2,0,12,3,0,0,15,0,2,0
03/19/2020,ADAMS,0,2,0,0,2,0,14,3,0,0,17,0,2,0
03/20/2020,ADAMS,2,1,0,0,3,0,15,5,0,0,20,0,3,0
03/21/2020,ADAMS,0,5,0,2,5,2,20,5,2,0,25,2,5,2
03/22/2020,ADAMS,0,6,0,0,6,0,26,5,2,0,31,2,6,0
03/23/2020,ADAMS,1,3,0,0,4,0,29,6,2,0,35,2,4,0
03/24/2020,ADAMS,0,12,0,2,12,2,41,6,4,0,47,4,12,2
03/25/2020,ADAMS,0,16,0,0,16,0,57,6,4,0,63,4,16,0
03/26/2020,ADAMS,0,25,0,3,25,3,82,6,7,0,88,7,25,3
03/27/2020,ADAMS,1,30,0,3,31,3,112,7,10,0,119,10,31,3
03/28/2020,ADAMS,0,16,0,5,16,5,128,7,15,0,135,15,16,5
03/29/2020,ADAMS,3,38,0,1,41,1,166,10,16,0,176,16,41,1
03/30/2020,ADAMS,1,27,0,8,28,8,193,11,24,0,204,24,28,8
03/31/2020,ADAMS,0,33,0,4,33,4,226,11,28,0,237,28,33,4
04/01/2020,ADAMS,0,47,0,6,47,6,273,11,34,0,284,34,47,6
04/02/2020,ADAMS,1,34,0,3,35,3,307,12,37,0,319,37,35,3
04/03/2020,ADAMS,1,38,0,3,39,3,345,13,40,0,358,40,39,3
04/04/2020,ADAMS,0,45,0,4,45,4,390,13,44,0,403,44,45,4
04/05/2020,ADAMS,1,15,0,0,16,0,405,14,44,0,419,44,16,0
04/06/2020,ADAMS,1,26,0,1,27,1,431,15,45,0,446,45,27,1
04/07/2020,ADAMS,0,28,0,5,28,5,459,15,50,0,474,50,28,5
04/08/2020,ADAMS,1,63,0,4,64,4,522,16,54,0,538,54,64,4
04/09/2020,ADAMS,0,40,0,6,40,6,562,16,60,0,578,60,40,6
04/10/2020,ADAMS,0,60,0,5,60,5,622,16,65,0,638,65,60,5
04/11/2020,ADAMS,2,47,0,4,49,4,669,18,69,0,687,69,49,4
04/12/2020,ADAMS,2,45,0,2,47,2,714,20,71,0,734,71,47,2
04/13/2020,ADAMS,2,38,0,7,40,7,752,22,78,0,774,78,40,7
04/14/2020,ADAMS,0,30,0,2,30,2,782,22,80,0,804,80,30,2
04/15/2020,ADAMS,0,58,0,2,58,2,840,22,82,0,862,82,58,2
04/16/2020,ADAMS,1,43,0,5,44,5,883,23,87,0,906,87,44,5
04/17/2020,ADAMS,0,37,0,2,37,2,920,23,89,0,943,89,37,2
04/18/2020,ADAMS,2,18,0,0,20,0,938,25,89,0,963,89,20,0
04/19/2020,ADAMS,8,37,2,3,45,5,975,33,92,2,1008,94,45,5
04/20/2020,ADAMS,0,22,0,2,22,2,997,33,94,2,1030,96,22,2
04/21/2020,ADAMS,4,33,0,1,37,1,1030,37,95,2,1067,97,37,1
04/22/2020,ADAMS,0,46,0,5,46,5,1076,37,100,2,1113,102,46,5
04/23/2020,ADAMS,1,164,1,8,165,9,1240,38,108,3,1278,111,165,9
04/24/2020,ADAMS,3,57,0,2,60,2,1297,41,110,3,1338,113,60,2
04/25/2020,ADAMS,1,55,0,2,56,2,1352,42,112,3,1394,115,56,2
04/26/2020,ADAMS,0,47,0,1,47,1,1399,42,113,3,1441,116,47,1
04/27/2020,ADAMS,0,48,0,3,48,3,1447,42,116,3,1489,119,48,3
04/28/2020,ADAMS,1,61,0,3,62,3,1508,43,119,3,1551,122,62,3
04/29/2020,ADAMS,0,142,0,6,142,6,1650,43,125,3,1693,128,142,6
04/30/2020,ADAMS,5,75,0,12,80,12,1725,48,137,3,1773,140,80,12
05/01/2020,ADAMS,2,61,0,4,63,4,1786,50,141,3,1836,144,63,4
05/02/2020,ADAMS,1,49,0,2,50,2,1835,51,143,3,1886,146,50,2
05/03/2020,ADAMS,4,36,0,2,40,2,1871,55,145,3,1926,148,40,2
05/04/2020,ADAMS,1,45,0,3,46,3,1916,56,148,3,1972,151,46,3
05/05/2020,ADAMS,0,43,0,2,43,2,1959,56,150,3,2015,153,43,2
05/06/2020,ADAMS,0,73,0,5,73,5,2032,56,155,3,2088,158,73,5
05/07/2020,ADAMS,1,71,0,2,72,2,2103,57,157,3,2160,160,72,2
05/08/2020,ADAMS,0,97,0,4,97,4,2200,57,161,3,2257,164,97,4
05/09/2020,ADAMS,1,39,0,0,40,0,2239,58,161,3,2297,164,40,0
05/10/2020,ADAMS,0,41,0,0,41,0,2280,58,161,3,2338,164,41,0
05/11/2020,ADAMS,0,35,0,2,35,2,2315,58,163,3,2373,166,35,2
05/12/2020,ADAMS,0,44,0,2,44,2,2359,58,165,3,2417,168,44,2
05/13/2020,ADAMS,2,79,0,9,81,9,2438,60,174,3,2498,177,81,9
05/14/2020,ADAMS,2,66,1,0,68,1,2504,62,174,4,2566,178,68,1
05/15/2020,ADAMS,2,62,2,3,64,5,2566,64,177,6,2630,183,64,5
05/16/2020,ADAMS,0,48,0,4,48,4,2614,64,181,6,2678,187,48,4
05/17/2020,ADAMS,0,21,0,3,21,3,2635,64,184,6,2699,190,21,3
05/18/2020,ADAMS,0,36,0,3,36,3,2671,64,187,6,2735,193,36,3
05/19/2020,ADAMS,1,58,1,2,59,3,2729,65,189,7,2794,196,59,3
05/20/2020,ADAMS,2,35,0,2,37,2,2764,67,191,7,2831,198,37,2
05/21/2020,ADAMS,0,48,0,1,48,1,2812,67,192,7,2879,199,48,1
05/22/2020,ADAMS,0,57,0,3,57,3,2869,67,195,7,2936,202,57,3
05/23/2020,ADAMS,2,10,0,1,12,1,2879,69,196,7,2948,203,12,1
05/24/2020,ADAMS,0,42,0,2,42,2,2921,69,198,7,2990,205,42,2
05/25/2020,ADAMS,0,63,0,0,63,0,2984,69,198,7,3053,205,63,0
05/26/2020,ADAMS,1,30,0,1,31,1,3014,70,199,7,3084,206,31,1
05/27/2020,ADAMS,1,51,0,3,52,3,3065,71,202,7,3136,209,52,3
05/28/2020,ADAMS,2,52,0,4,54,4,3117,73,206,7,3190,213,54,4
05/29/2020,ADAMS,0,86,0,1,86,1,3203,73,207,7,3276,214,86,1
05/30/2020,ADAMS,0,39,0,1,39,1,3242,73,208,7,3315,215,39,1
05/31/2020,ADAMS,2,24,0,0,26,0,3266,75,208,7,3341,215,26,0
06/01/2020,ADAMS,2,34,1,0,36,1,3300,77,208,8,3377,216,36,1
06/02/2020,ADAMS,1,39,0,1,40,1,3339,78,209,8,3417,217,40,1
06/03/2020,ADAMS,0,82,0,1,82,1,3421,78,210,8,3499,218,82,1
06/04/2020,ADAMS,3,53,1,2,56,3,3474,81,212,9,3555,221,56,3
06/05/2020,ADAMS,1,40,0,1,41,1,3514,82,213,9,3596,222,41,1
06/06/2020,ADAMS,0,25,0,1,25,1,3539,82,214,9,3621,223,25,1
06/07/2020,ADAMS,1,24,0,0,25,0,3563,83,214,9,3646,223,25,0
06/08/2020,ADAMS,2,25,1,0,27,1,3588,85,214,10,3673,224,27,1
06/09/2020,ADAMS,0,17,0,0,17,0,3605,85,214,10,3690,224,17,0
06/10/2020,ADAMS,1,15,0,0,16,0,3620,86,214,10,3706,224,16,0
06/11/2020,ADAMS,0,41,0,1,41,1,3661,86,215,10,3747,225,41,1
06/12/2020,ADAMS,0,31,0,1,31,1,3692,86,216,10,3778,226,31,1
06/13/2020,ADAMS,1,13,0,0,14,0,3705,87,216,10,3792,226,14,0
06/14/2020,ADAMS,0,16,0,0,16,0,3721,87,216,10,3808,226,16,0
06/15/2020,ADAMS,0,13,0,0,13,0,3734,87,216,10,3821,226,13,0
06/16/2020,ADAMS,1,23,1,0,24,1,3757,88,216,11,3845,227,24,1
06/17/2020,ADAMS,3,26,0,2,29,2,3783,91,218,11,3874,229,29,2
06/18/2020,ADAMS,2,40,0,2,42,2,3823,93,220,11,3916,231,42,2
06/19/2020,ADAMS,1,18,0,0,19,0,3841,94,220,11,3935,231,19,0
06/20/2020,ADAMS,0,36,0,2,36,2,3877,94,222,11,3971,233,36,2
06/21/2020,ADAMS,0,24,0,1,24,1,3901,94,223,11,3995,234,24,1
06/22/2020,ADAMS,8,11,1,0,19,1,3912,102,223,12,4014,235,19,1
06/23/2020,ADAMS,1,31,0,0,32,0,3943,103,223,12,4046,235,32,0
06/24/2020,ADAMS,1,43,0,0,44,0,3986,104,223,12,4090,235,44,0
06/25/2020,ADAMS,0,42,0,0,42,0,4028,104,223,12,4132,235,42,0
06/26/2020,ADAMS,0,39,0,0,39,0,4067,104,223,12,4171,235,39,0
06/27/2020,ADAMS,0,53,0,1,53,1,4120,104,224,12,4224,236,53,1
06/28/2020,ADAMS,0,22,0,1,22,1,4142,104,225,12,4246,237,22,1
06/29/2020,ADAMS,1,15,0,2,16,2,4157,105,227,12,4262,239,16,2
06/30/2020,ADAMS,0,44,0,1,44,1,4201,105,228,12,4306,240,44,1
07/01/2020,ADAMS,0,50,0,2,50,2,4251,105,230,12,4356,242,50,2
07/02/2020,ADAMS,0,35,0,1,35,1,4286,105,231,12,4391,243,35,1
07/03/2020,ADAMS,1,43,0,0,44,0,4329,106,231,12,4435,243,44,0
07/04/2020,ADAMS,1,46,0,0,47,0,4375,107,231,12,4482,243,47,0
07/05/2020,ADAMS,3,38,0,0,41,0,4413,110,231,12,4523,243,41,0
07/06/2020,ADAMS,2,51,0,1,53,1,4464,112,232,12,4576,244,53,1
07/07/2020,ADAMS,1,58,0,2,59,2,4522,113,234,12,4635,246,59,2
07/08/2020,ADAMS,1,41,0,0,42,0,4563,114,234,12,4677,246,42,0
07/09/2020,ADAMS,1,76,0,0,77,0,4639,115,234,12,4754,246,77,0
07/10/2020,ADAMS,0,55,0,0,55,0,4694,115,234,12,4809,246,55,0
07/11/2020,ADAMS,0,45,0,3,45,3,4739,115,237,12,4854,249,45,3
07/12/2020,ADAMS,0,44,0,0,44,0,4783,115,237,12,4898,249,44,0
07/13/2020,ADAMS,1,51,0,0,52,0,4834,116,237,12,4950,249,52,0
07/14/2020,ADAMS,1,49,0,2,50,2,4883,117,239,12,5000,251,50,2
07/15/2020,ADAMS,1,57,0,0,58,0,4940,118,239,12,5058,251,58,0
07/16/2020,ADAMS,1,66,0,0,67,0,5006,119,239,12,5125,251,67,0
07/17/2020,ADAMS,3,33,0,0,36,0,5039,122,239,12,5161,251,36,0
07/18/2020,ADAMS,0,43,0,2,43,2,5082,122,241,12,5204,253,43,2
07/19/2020,ADAMS,1,36,0,0,37,0,5118,123,241,12,5241,253,37,0
07/20/2020,ADAMS,2,50,0,1,52,1,5168,125,242,12,5293,254,52,1
07/21/2020,ADAMS,7,64,0,0,71,0,5232,132,242,12,5364,254,71,0
07/22/2020,ADAMS,2,73,0,3,75,3,5305,134,245,12,5439,257,75,3
07/23/2020,ADAMS,4,116,0,0,120,0,5421,138,245,12,5559,257,120,0
07/24/2020,ADAMS,4,111,0,0,115,0,5532,142,245,12,5674,257,115,0
07/25/2020,ADAMS,4,59,0,4,63,4,5591,146,249,12,5737,261,63,4
07/26/2020,ADAMS,1,43,0,1,44,1,5634,147,250,12,5781,262,44,1
07/27/2020,ADAMS,6,102,0,0,108,0,5736,153,250,12,5889,262,108,0
07/28/2020,ADAMS,13,70,0,2,83,2,5806,166,252,12,5972,264,83,2
07/29/2020,ADAMS,2,66,0,2,68,2,5872,168,254,12,6040,266,68,2
07/30/2020,ADAMS,4,91,0,8,95,8,5963,172,262,12,6135,274,95,8
07/31/2020,ADAMS,1,84,0,2,85,2,6047,173,264,12,6220,276,85,2
08/01/2020,ADAMS,2,63,0,0,65,0,6110,175,264,12,6285,276,65,0
08/02/2020,ADAMS,1,26,0,0,27,0,6136,176,264,12,6312,276,27,0
08/03/2020,ADAMS,1,74,0,0,75,0,6210,177,264,12,6387,276,75,0
08/04/2020,ADAMS,3,66,0,0,69,0,6276,180,264,12,6456,276,69,0
08/05/2020,ADAMS,3,52,0,0,55,0,6328,183,264,12,6511,276,55,0
08/06/2020,ADAMS,9,52,0,0,61,0,6380,192,264,12,6572,276,61,0
08/07/2020,ADAMS,12,60,0,2,72,2,6440,204,266,12,6644,278,72,2
08/08/2020,ADAMS,5,54,0,1,59,1,6494,209,267,12,6703,279,59,1
08/09/2020,ADAMS,6,44,0,1,50,1,6538,215,268,12,6753,280,50,1
08/10/2020,ADAMS,5,41,1,0,46,1,6579,220,268,13,6799,281,46,1
08/11/2020,ADAMS,5,37,0,0,42,0,6616,225,268,13,6841,281,42,0
08/12/2020,ADAMS,6,62,0,1,68,1,6678,231,269,13,6909,282,68,1
08/13/2020,ADAMS,4,63,0,1,67,1,6741,235,270,13,6976,283,67,1
08/14/2020,ADAMS,1,45,0,0,46,0,6786,236,270,13,7022,283,46,0
08/15/2020,ADAMS,2,54,0,0,56,0,6840,238,270,13,7078,283,56,0
08/16/2020,ADAMS,1,28,0,0,29,0,6868,239,270,13,7107,283,29,0
08/17/2020,ADAMS,4,38,0,0,42,0,6906,243,270,13,7149,283,42,0
08/18/2020,ADAMS,5,61,0,1,66,1,6967,248,271,13,7215,284,66,1
08/19/2020,ADAMS,4,55,0,0,59,0,7022,252,271,13,7274,284,59,0
08/20/2020,ADAMS,1,65,0,4,66,4,7087,253,275,13,7340,288,66,4
08/21/2020,ADAMS,2,47,0,1,49,1,7134,255,276,13,7389,289,49,1
08/22/2020,ADAMS,3,32,0,1,35,1,7166,258,277,13,7424,290,35,1
08/23/2020,ADAMS,3,27,0,0,30,0,7193,261,277,13,7454,290,30,0
08/24/2020,ADAMS,6,50,1,1,56,2,7243,267,278,14,7510,292,56,2
08/25/2020,ADAMS,2,52,0,1,54,1,7295,269,279,14,7564,293,54,1
08/26/2020,ADAMS,2,53,0,2,55,2,7348,271,281,14,7619,295,55,2
08/27/2020,ADAMS,5,65,0,1,70,1,7413,276,282,14,7689,296,70,1
08/28/2020,ADAMS,2,56,0,1,58,1,7469,278,283,14,7747,297,58,1
08/29/2020,ADAMS,1,39,0,0,40,0,7508,279,283,14,7787,297,40,0
08/30/2020,ADAMS,2,21,0,0,23,0,7529,281,283,14,7810,297,23,0
08/31/2020,ADAMS,11,61,0,3,72,3,7590,292,286,14,7882,300,72,3
09/01/2020,ADAMS,4,25,0,1,29,1,7615,296,287,14,7911,301,29,1
09/02/2020,ADAMS,2,37,2,2,39,4,7652,298,289,16,7950,305,39,4
09/03/2020,ADAMS,0,41,0,0,41,0,7693,298,289,16,7991,305,41,0
09/04/2020,ADAMS,4,54,0,7,58,7,7747,302,296,16,8049,312,58,7
09/05/2020,ADAMS,8,42,0,0,50,0,7789,310,296,16,8099,312,50,0
09/06/2020,ADAMS,6,37,0,1,43,1,7826,316,297,16,8142,313,43,1
09/07/2020,ADAMS,1,31,0,0,32,0,7857,317,297,16,8174,313,32,0
09/08/2020,ADAMS,2,23,0,0,25,0,7880,319,297,16,8199,313,25,0
09/09/2020,ADAMS,13,21,0,2,34,2,7901,332,299,16,8233,315,34,2
09/10/2020,ADAMS,16,29,0,2,45,2,7930,348,301,16,8278,317,45,2
09/11/2020,ADAMS,12,42,0,3,54,3,7972,360,304,16,8332,320,54,3
09/12/2020,ADAMS,11,49,0,0,60,0,8021,371,304,16,8392,320,60,0
09/13/2020,ADAMS,3,53,0,1,56,1,8074,374,305,16,8448,321,56,1
09/14/2020,ADAMS,10,47,0,0,57,0,8121,384,305,16,8505,321,57,0
09/15/2020,ADAMS,2,49,0,0,51,0,8170,386,305,16,8556,321,51,0
09/16/2020,ADAMS,11,43,0,0,54,0,8213,397,305,16,8610,321,54,0
09/17/2020,ADAMS,7,64,0,1,71,1,8277,404,306,16,8681,322,71,1
09/18/2020,ADAMS,4,81,0,2,85,2,8358,408,308,16,8766,324,85,2
09/19/2020,ADAMS,3,41,1,0,44,1,8399,411,308,17,8810,325,44,1
09/20/2020,ADAMS,0,71,0,1,71,1,8470,411,309,17,8881,326,71,1
09/21/2020,ADAMS,12,82,0,1,94,1,8552,423,310,17,8975,327,94,1
09/22/2020,ADAMS,1,65,0,0,66,0,8617,424,310,17,9041,327,66,0
09/23/2020,ADAMS,5,97,0,1,102,1,8714,429,311,17,9143,328,102,1
09/24/2020,ADAMS,16,93,1,1,109,2,8807,445,312,18,9252,330,109,2
09/25/2020,ADAMS,3,99,0,2,102,2,8906,448,314,18,9354,332,102,2
09/26/2020,ADAMS,11,134,0,1,145,1,9040,459,315,18,9499,333,145,1
09/27/2020,ADAMS,1,49,0,0,50,0,9089,460,315,18,9549,333,50,0
09/28/2020,ADAMS,2,90,0,1,92,1,9179,462,316,18,9641,334,92,1
09/29/2020,ADAMS,0,90,0,0,90,0,9269,462,316,18,9731,334,90,0
09/30/2020,ADAMS,5,135,0,3,140,3,9404,467,319,18,9871,337,140,3
10/01/2020,ADAMS,11,106,0,0,117,0,9510,478,319,18,9988,337,117,0
10/02/2020,ADAMS,3,114,0,0,117,0,9624,481,319,18,10105,337,117,0
10/03/2020,ADAMS,11,101,0,1,112,1,9725,492,320,18,10217,338,112,1
10/04/2020,ADAMS,0,102,0,1,102,1,9827,492,321,18,10319,339,102,1
10/05/2020,ADAMS,3,92,0,3,95,3,9919,495,324,18,10414,342,95,3
10/06/2020,ADAMS,6,148,0,1,154,1,10067,501,325,18,10568,343,154,1
10/07/2020,ADAMS,23,144,0,0,167,0,10211,524,325,18,10735,343,167,0
10/08/2020,ADAMS,6,97,0,1,103,1,10308,530,326,18,10838,344,103,1
10/09/2020,ADAMS,10,180,0,2,190,2,10488,540,328,18,11028,346,190,2
10/10/2020,ADAMS,2,142,0,1,144,1,10630,542,329,18,11172,347,144,1
10/11/2020,ADAMS,11,71,0,0,82,0,10701,553,329,18,11254,347,82,0
10/12/2020,ADAMS,8,181,0,1,189,1,10882,561,330,18,11443,348,189,1
10/13/2020,ADAMS,3,110,1,1,113,2,10992,564,331,19,11556,350,113,2
10/14/2020,ADAMS,1,216,0,0,217,0,11208,565,331,19,11773,350,217,0
10/15/2020,ADAMS,9,174,0,2,183,2,11382,574,333,19,11956,352,183,2
10/16/2020,ADAMS,62,163,1,1,225,2,11545,636,334,20,12181,354,225,2
10/17/2020,ADAMS,5,188,0,1,193,1,11733,641,335,20,12374,355,193,1
10/18/2020,ADAMS,12,201,0,0,213,0,11934,653,335,20,12587,355,213,0
10/19/2020,ADAMS,15,182,0,1,197,1,12116,668,336,20,12784,356,197,1
10/20/2020,ADAMS,13,208,0,1,221,1,12324,681,337,20,13005,357,221,1
10/21/2020,ADAMS,27,274,0,1,301,1,12598,708,338,20,13306,358,301,1
10/22/2020,ADAMS,10,160,0,2,170,2,12758,718,340,20,13476,360,170,2
10/23/2020,ADAMS,12,262,1,2,274,3,13020,730,342,21,13750,363,274,3
10/24/2020,ADAMS,3,274,0,2,277,2,13294,733,344,21,14027,365,277,2
10/25/2020,ADAMS,12,374,0,1,386,1,13668,745,345,21,14413,366,386,1
10/26/2020,ADAMS,10,185,0,1,195,1,13853,755,346,21,14608,367,195,1
10/27/2020,ADAMS,10,200,0,2,210,2,14053,765,348,21,14818,369,210,2
10/28/2020,ADAMS,41,196,0,2,237,2,14249,806,350,21,15055,371,237,2
10/29/2020,ADAMS,8,421,1,2,429,3,14670,814,352,22,15484,374,429,3
10/30/2020,ADAMS,10,368,0,1,378,1,15038,824,353,22,15862,375,378,1
10/31/2020,ADAMS,4,328,0,4,332,4,15366,828,357,22,16194,379,332,4
11/01/2020,ADAMS,2,343,0,0,345,0,15709,830,357,22,16539,379,345,0
11/02/2020,ADAMS,9,370,0,3,379,3,16079,839,360,22,16918,382,379,3
11/03/2020,ADAMS,8,410,1,1,418,2,16489,847,361,23,17336,384,418,2
11/04/2020,ADAMS,8,511,0,12,519,12,17000,855,373,23,17855,396,519,12
11/05/2020,ADAMS,16,414,0,1,430,1,17414,871,374,23,18285,397,430,1
11/06/2020,ADAMS,9,453,0,4,462,4,17867,880,378,23,18747,401,462,4
11/07/2020,ADAMS,4,333,0,1,337,1,18200,884,379,23,19084,402,337,1
11/08/2020,ADAMS,2,523,0,4,525,4,18723,886,383,23,19609,406,525,4
11/09/2020,ADAMS,10,487,0,3,497,3,19210,896,386,23,20106,409,497,3
11/10/2020,ADAMS,7,531,0,6,538,6,19741,903,392,23,20644,415,538,6
11/11/2020,ADAMS,14,633,1,4,647,5,20374,917,396,24,21291,420,647,5
11/12/2020,ADAMS,21,862,0,3,883,3,21236,938,399,24,22174,423,883,3
11/13/2020,ADAMS,18,602,1,4,620,5,21838,956,403,25,22794,428,620,5
11/14/2020,ADAMS,1,393,0,3,394,3,22231,957,406,25,23188,431,394,3
11/15/2020,ADAMS,5,524,0,2,529,2,22755,962,408,25,23717,433,529,2
11/16/2020,ADAMS,12,446,0,4,458,4,23201,974,412,25,24175,437,458,4
11/17/2020,ADAMS,9,576,1,6,585,7,23777,983,418,26,24760,444,585,7
11/18/2020,ADAMS,6,678,2,8,684,10,24455,989,426,28,25444,454,684,10
11/19/2020,ADAMS,10,658,0,9,668,9,25113,999,435,28,26112,463,668,9
11/20/2020,ADAMS,45,605,1,12,650,13,25718,1044,447,29,26762,476,650,13
11/21/2020,ADAMS,8,491,1,9,499,10,26209,1052,456,30,27261,486,499,10
11/22/2020,ADAMS,12,395,1,4,407,5,26604,1064,460,31,27668,491,407,5
11/23/2020,ADAMS,13,328,0,7,341,7,26932,1077,467,31,28009,498,341,7
11/24/2020,ADAMS,5,408,1,8,413,9,27340,1082,475,32,28422,507,413,9
11/25/2020,ADAMS,4,654,1,10,658,11,27994,1086,485,33,29080,518,658,11
11/26/2020,ADAMS,10,522,2,10,532,12,28516,1096,495,35,29612,530,532,12
11/27/2020,ADAMS,5,462,0,2,467,2,28978,1101,497,35,30079,532,467,2
11/28/2020,ADAMS,5,385,0,8,390,8,29363,1106,505,35,30469,540,390,8
11/29/2020,ADAMS,4,566,0,1,570,1,29929,1110,506,35,31039,541,570,1
11/30/2020,ADAMS,21,658,3,4,679,7,30587,1131,510,38,31718,548,679,7
12/01/2020,ADAMS,7,354,1,2,361,3,30941,1138,512,39,32079,551,361,3
12/02/2020,ADAMS,7,522,0,8,529,8,31463,1145,520,39,32608,559,529,8
12/03/2020,ADAMS,10,585,0,4,595,4,32048,1155,524,39,33203,563,595,4
12/04/2020,ADAMS,18,438,0,1,456,1,32486,1173,525,39,33659,564,456,1
12/05/2020,ADAMS,12,320,0,4,332,4,32806,1185,529,39,33991,568,332,4
12/06/2020,ADAMS,10,453,0,9,463,9,33259,1195,538,39,34454,577,463,9
12/07/2020,ADAMS,18,540,4,4,558,8,33799,1213,542,43,35012,585,558,8
12/08/2020,ADAMS,25,284,0,6,309,6,34083,1238,548,43,35321,591,309,6
12/09/2020,ADAMS,26,483,3,6,509,9,34566,1264,554,46,35830,600,509,9
12/10/2020,ADAMS,17,400,0,3,417,3,34966,1281,557,46,36247,603,417,3
12/11/2020,ADAMS,10,439,2,8,449,10,35405,1291,565,48,36696,613,449,10
12/12/2020,ADAMS,7,204,0,0,211,0,35609,1298,565,48,36907,613,211,0
12/13/2020,ADAMS,1,342,0,1,343,1,35951,1299,566,48,37250,614,343,1
12/14/2020,ADAMS,27,182,1,1,209,2,36133,1326,567,49,37459,616,209,2
12/15/2020,ADAMS,7,253,1,3,260,4,36386,1333,570,50,37719,620,260,4
12/16/2020,ADAMS,8,361,1,4,369,5,36747,1341,574,51,38088,625,369,5
12/17/2020,ADAMS,12,307,1,2,319,3,37054,1353,576,52,38407,628,319,3
12/18/2020,ADAMS,5,176,0,1,181,1,37230,1358,577,52,38588,629,181,1
12/19/2020,ADAMS,10,178,0,1,188,1,37408,1368,578,52,38776,630,188,1
12/20/2020,ADAMS,6,295,0,0,301,0,37703,1374,578,52,39077,630,301,0
12/21/2020,ADAMS,13,161,1,0,174,1,37864,1387,578,53,39251,631,174,1
12/22/2020,ADAMS,7,221,0,1,228,1,38085,1394,579,53,39479,632,228,1
12/23/2020,ADAMS,12,237,1,2,249,3,38322,1406,581,54,39728,635,249,3
12/24/2020,ADAMS,23,296,0,6,319,6,38618,1429,587,54,40047,641,319,6
12/25/2020,ADAMS,2,139,0,3,141,3,38757,1431,590,54,40188,644,141,3
12/26/2020,ADAMS,6,173,0,2,179,2,38930,1437,592,54,40367,646,179,2
12/27/2020,ADAMS,14,207,0,2,221,2,39137,1451,594,54,40588,648,221,2
12/28/2020,ADAMS,8,132,0,3,140,3,39269,1459,597,54,40728,651,140,3
12/29/2020,ADAMS,13,274,0,1,287,1,39543,1472,598,54,41015,652,287,1
12/30/2020,ADAMS,16,298,1,1,314,2,39841,1488,599,55,41329,654,314,2
12/31/2020,ADAMS,14,329,1,3,343,4,40170,1502,602,56,41672,658,343,4
01/01/2021,ADAMS,0,156,0,1,156,1,40326,1502,603,56,41828,659,156,1
01/02/2021,ADAMS,12,193,0,1,205,1,40519,1514,604,56,42033,660,205,1
01/03/2021,ADAMS,7,277,0,2,284,2,40796,1521,606,56,42317,662,284,2
01/04/2021,ADAMS,9,147,0,2,156,2,40943,1530,608,56,42473,664,156,2
01/05/2021,ADAMS,9,204,0,1,213,1,41147,1539,609,56,42686,665,213,1
01/06/2021,ADAMS,10,312,0,6,322,6,41459,1549,615,56,43008,671,322,6
01/07/2021,ADAMS,4,214,0,1,218,1,41673,1553,616,56,43226,672,218,1
01/08/2021,ADAMS,11,310,0,1,321,1,41983,1564,617,56,43547,673,321,1
01/09/2021,ADAMS,17,220,0,1,237,1,42203,1581,618,56,43784,674,237,1
01/10/2021,ADAMS,8,160,0,0,168,0,42363,1589,618,56,43952,674,168,0
01/11/2021,ADAMS,12,120,0,1,132,1,42483,1601,619,56,44084,675,132,1
01/12/2021,ADAMS,12,176,0,0,188,0,42659,1613,619,56,44272,675,188,0
01/13/2021,ADAMS,11,182,1,4,193,5,42841,1624,623,57,44465,680,193,5
01/14/2021,ADAMS,7,159,0,1,166,1,43000,1631,624,57,44631,681,166,1
01/15/2021,ADAMS,14,167,1,0,181,1,43167,1645,624,58,44812,682,181,1
01/16/2021,ADAMS,3,138,0,2,141,2,43305,1648,626,58,44953,684,141,2
01/17/2021,ADAMS,1,69,0,1,70,1,43374,1649,627,58,45023,685,70,1
01/18/2021,ADAMS,23,160,0,0,183,0,43534,1672,627,58,45206,685,183,0
01/19/2021,ADAMS,13,99,0,0,112,0,43633,1685,627,58,45318,685,112,0
01/20/2021,ADAMS,12,179,0,1,191,1,43812,1697,628,58,45509,686,191,1
01/21/2021,ADAMS,11,139,0,1,150,1,43951,1708,629,58,45659,687,150,1
01/22/2021,ADAMS,12,149,0,1,161,1,44100,1720,630,58,45820,688,161,1
01/23/2021,ADAMS,5,128,0,0,133,0,44228,1725,630,58,45953,688,133,0
01/24/2021,ADAMS,6,99,0,0,105,0,44327,1731,630,58,46058,688,105,0
01/25/2021,ADAMS,7,65,1,4,72,5,44392,1738,634,59,46130,693,72,5
01/26/2021,ADAMS,8,107,0,0,115,0,44499,1746,634,59,46245,693,115,0
01/27/2021,ADAMS,9,175,0,3,184,3,44674,1755,637,59,46429,696,184,3
01/28/2021,ADAMS,12,133,0,0,145,0,44807,1767,637,59,46574,696,145,0
01/29/2021,ADAMS,9,99,0,2,108,2,44906,1776,639,59,46682,698,108,2
01/30/2021,ADAMS,4,110,0,1,114,1,45016,1780,640,59,46796,699,114,1
01/31/2021,ADAMS,6,60,0,0,66,0,45076,1786,640,59,46862,699,66,0
02/01/2021,ADAMS,18,54,0,0,72,0,45130,1804,640,59,46934,699,72,0
02/02/2021,ADAMS,16,100,0,1,116,1,45230,1820,641,59,47050,700,116,1
02/03/2021,ADAMS,17,111,0,1,128,1,45341,1837,642,59,47178,701,128,1
02/04/2021,ADAMS,17,162,0,3,179,3,45503,1854,645,59,47357,704,179,3
02/05/2021,ADAMS,5,112,0,1,117,1,45615,1859,646,59,47474,705,117,1
02/06/2021,ADAMS,8,82,0,3,90,3,45697,1867,649,59,47564,708,90,3
02/07/2021,ADAMS,5,54,0,0,59,0,45751,1872,649,59,47623,708,59,0
02/08/2021,ADAMS,8,47,0,0,55,0,45798,1880,649,59,47678,708,55,0
02/09/2021,ADAMS,5,70,0,0,75,0,45868,1885,649,59,47753,708,75,0
02/10/2021,ADAMS,7,124,0,0,131,0,45992,1892,649,59,47884,708,131,0
02/11/2021,ADAMS,4,99,0,0,103,0,46091,1896,649,59,47987,708,103,0
02/12/2021,ADAMS,6,83,0,0,89,0,46174,1902,649,59,48076,708,89,0
02/13/2021,ADAMS,3,59,0,1,62,1,46233,1905,650,59,48138,709,62,1
02/14/2021,ADAMS,3,34,0,1,37,1,46267,1908,651,59,48175,710,37,1
02/15/2021,ADAMS,6,35,0,0,41,0,46302,1914,651,59,48216,710,41,0
02/16/2021,ADAMS,15,90,0,2,105,2,46392,1929,653,59,48321,712,105,2
02/17/2021,ADAMS,14,112,0,2,126,2,46504,1943,655,59,48447,714,126,2
02/18/2021,ADAMS,8,120,0,1,128,1,46624,1951,656,59,48575,715,128,1
02/19/2021,ADAMS,13,102,0,0,115,0,46726,1964,656,59,48690,715,115,0
02/20/2021,ADAMS,13,82,0,2,95,2,46808,1977,658,59,48785,717,95,2
02/21/2021,ADAMS,2,63,0,0,65,0,46871,1979,658,59,48850,717,65,0
02/22/2021,ADAMS,14,71,0,0,85,0,46942,1993,658,59,48935,717,85,0
02/23/2021,ADAMS,11,117,0,2,128,2,47059,2004,660,59,49063,719,128,2
02/24/2021,ADAMS,8,96,0,0,104,0,47155,2012,660,59,49167,719,104,0
02/25/2021,ADAMS,5,122,0,2,127,2,47277,2017,662,59,49294,721,127,2
02/26/2021,ADAMS,17,82,0,1,99,1,47359,2034,663,59,49393,722,99,1
02/27/2021,ADAMS,7,70,0,1,77,1,47429,2041,664,59,49470,723,77,1
02/28/2021,ADAMS,6,68,0,0,74,0,47497,2047,664,59,49544,723,74,0
03/01/2021,ADAMS,18,73,0,0,91,0,47570,2065,664,59,49635,723,91,0
03/02/2021,ADAMS,12,93,0,1,105,1,47663,2077,665,59,49740,724,105,1
03/03/2021,ADAMS,4,124,0,0,128,0,47787,2081,665,59,49868,724,128,0
03/04/2021,ADAMS,10,96,0,0,106,0,47883,2091,665,59,49974,724,106,0
03/05/2021,ADAMS,3,67,0,0,70,0,47950,2094,665,59,50044,724,70,0
03/06/2021,ADAMS,7,84,0,0,91,0,48034,2101,665,59,50135,724,91,0
03/07/2021,ADAMS,2,46,0,0,48,0,48080,2103,665,59,50183,724,48,0
03/08/2021,ADAMS,11,53,0,0,64,0,48133,2114,665,59,50247,724,64,0
03/09/2021,ADAMS,10,89,0,1,99,1,48222,2124,666,59,50346,725,99,1
03/10/2021,ADAMS,23,97,0,1,120,1,48319,2147,667,59,50466,726,120,1
03/11/2021,ADAMS,23,68,0,0,91,0,48387,2170,667,59,50557,726,91,0
03/12/2021,ADAMS,8,81,0,0,89,0,48468,2178,667,59,50646,726,89,0
03/13/2021,ADAMS,5,125,0,0,130,0,48593,2183,667,59,50776,726,130,0
03/14/2021,ADAMS,2,27,0,1,29,1,48620,2185,668,59,50805,727,29,1
03/15/2021,ADAMS,3,17,1,0,20,1,48637,2188,668,60,50825,728,20,1
03/16/2021,ADAMS,14,57,0,0,71,0,48694,2202,668,60,50896,728,71,0
03/17/2021,ADAMS,15,134,0,0,149,0,48828,2217,668,60,51045,728,149,0
03/18/2021,ADAMS,14,147,0,0,161,0,48975,2231,668,60,51206,728,161,0
03/19/2021,ADAMS,6,84,0,1,90,1,49059,2237,669,60,51296,729,90,1
03/20/2021,ADAMS,3,66,0,0,69,0,49125,2240,669,60,51365,729,69,0
03/21/2021,ADAMS,3,9,0,0,12,0,49134,2243,669,60,51377,729,12,0
03/22/2021,ADAMS,9,106,0,0,115,0,49240,2252,669,60,51492,729,115,0
03/23/2021,ADAMS,13,91,0,0,104,0,49331,2265,669,60,51596,729,104,0
03/24/2021,ADAMS,35,101,2,1,136,3,49432,2300,670,62,51732,732,136,3
03/25/2021,ADAMS,6,116,0,1,122,1,49548,2306,671,62,51854,733,122,1
03/26/2021,ADAMS,9,96,0,0,105,0,49644,2315,671,62,51959,733,105,0
03/27/2021,ADAMS,4,66,0,1,70,1,49710,2319,672,62,52029,734,70,1
03/28/2021,ADAMS,6,47,0,0,53,0,49757,2325,672,62,52082,734,53,0
03/29/2021,ADAMS,15,72,0,1,87,1,49829,2340,673,62,52169,735,87,1
03/30/2021,ADAMS,14,78,0,3,92,3,49907,2354,676,62,52261,738,92,3
03/31/2021,ADAMS,20,113,1,1,133,2,50020,2374,677,63,52394,740,133,2
04/01/2021,ADAMS,15,128,0,1,143,1,50148,2389,678,63,52537,741,143,1
04/02/2021,ADAMS,8,138,0,0,146,0,50286,2397,678,63,52683,741,146,0
04/03/2021,ADAMS,6,120,0,3,126,3,50406,2403,681,63,52809,744,126,3
04/04/2021,ADAMS,4,81,0,0,85,0,50487,2407,681,63,52894,744,85,0
04/05/2021,ADAMS,9,75,0,1,84,1,50562,2416,682,63,52978,745,84,1
04/06/2021,ADAMS,25,153,0,2,178,2,50715,2441,684,63,53156,747,178,2
04/07/2021,ADAMS,16,164,0,0,180,0,50879,2457,684,63,53336,747,180,0
04/08/2021,ADAMS,21,183,1,1,204,2,51062,2478,685,64,53540,749,204,2
04/09/2021,ADAMS,10,142,0,3,152,3,51204,2488,688,64,53692,752,152,3
04/10/2021,ADAMS,6,128,0,2,134,2,51332,2494,690,64,53826,754,134,2
04/11/2021,ADAMS,1,89,0,0,90,0,51421,2495,690,64,53916,754,90,0
04/12/2021,ADAMS,17,132,0,1,149,1,51553,2512,691,64,54065,755,149,1
04/13/2021,ADAMS,23,172,0,2,195,2,51725,2535,693,64,54260,757,195,2
04/14/2021,ADAMS,13,142,0,1,155,1,51867,2548,694,64,54415,758,155,1
04/15/2021,ADAMS,4,196,0,0,200,0,52063,2552,694,64,54615,758,200,0
04/16/2021,ADAMS,20,162,2,2,182,4,52225,2572,696,66,54797,762,182,4
04/17/2021,ADAMS,8,149,0,0,157,0,52374,2580,696,66,54954,762,157,0
04/18/2021,ADAMS,6,113,0,0,119,0,52487,2586,696,66,55073,762,119,0
04/19/2021,ADAMS,22,158,0,1,180,1,52645,2608,697,66,55253,763,180,1
04/20/2021,ADAMS,15,133,0,0,148,0,52778,2623,697,66,55401,763,148,0
04/21/2021,ADAMS,29,236,0,1,265,1,53014,2652,698,66,55666,764,265,1
04/22/2021,ADAMS,19,168,0,3,187,3,53182,2671,701,66,55853,767,187,3
04/23/2021,ADAMS,40,216,0,2,256,2,53398,2711,703,66,56109,769,256,2
04/24/2021,ADAMS,8,154,0,0,162,0,53552,2719,703,66,56271,769,162,0
04/25/2021,ADAMS,1,88,0,0,89,0,53640,2720,703,66,56360,769,89,0
04/26/2021,ADAMS,31,134,0,1,165,1,53774,2751,704,66,56525,770,165,1
04/27/2021,ADAMS,26,143,0,0,169,0,53917,2777,704,66,56694,770,169,0
04/28/2021,ADAMS,19,301,0,2,320,2,54218,2796,706,66,57014,772,320,2
04/29/2021,ADAMS,18,152,1,0,170,1,54370,2814,706,67,57184,773,170,1
04/30/2021,ADAMS,34,167,1,1,201,2,54537,2848,707,68,57385,775,201,2
05/01/2021,ADAMS,5,99,0,1,104,1,54636,2853,708,68,57489,776,104,1
05/02/2021,ADAMS,7,100,0,0,107,0,54736,2860,708,68,57596,776,107,0
05/03/2021,ADAMS,58,143,1,2,201,3,54879,2918,710,69,57797,779,201,3
05/04/2021,ADAMS,17,162,0,0,179,0,55041,2935,710,69,57976,779,179,0
05/05/2021,ADAMS,10,201,0,0,211,0,55242,2945,710,69,58187,779,211,0
05/06/2021,ADAMS,12,148,0,1,160,1,55390,2957,711,69,58347,780,160,1
05/07/2021,ADAMS,20,162,0,0,182,0,55552,2977,711,69,58529,780,182,0
05/08/2021,ADAMS,4,100,0,1,104,1,55652,2981,712,69,58633,781,104,1
05/09/2021,ADAMS,2,105,0,2,107,2,55757,2983,714,69,58740,783,107,2
05/10/2021,ADAMS,33,83,0,0,116,0,55840,3016,714,69,58856,783,116,0
05/11/2021,ADAMS,16,146,1,1,162,2,55986,3032,715,70,59018,785,162,2
05/12/2021,ADAMS,7,230,0,1,237,1,56216,3039,716,70,59255,786,237,1
05/13/2021,ADAMS,20,109,0,1,129,1,56325,3059,717,70,59384,787,129,1
05/14/2021,ADAMS,22,100,0,1,122,1,56425,3081,718,70,59506,788,122,1
05/15/2021,ADAMS,9,71,0,0,80,0,56496,3090,718,70,59586,788,80,0
05/16/2021,ADAMS,7,63,0,1,70,1,56559,3097,719,70,59656,789,70,1
05/17/2021,ADAMS,9,66,0,1,75,1,56625,3106,720,70,59731,790,75,1
05/18/2021,ADAMS,7,118,0,1,125,1,56743,3113,721,70,59856,791,125,1
05/19/2021,ADAMS,6,70,0,0,76,0,56813,3119,721,70,59932,791,76,0
05/20/2021,ADAMS,1,80,0,0,81,0,56893,3120,721,70,60013,791,81,0
05/21/2021,ADAMS,5,80,0,1,85,1,56973,3125,722,70,60098,792,85,1
05/22/2021,ADAMS,3,62,0,1,65,1,57035,3128,723,70,60163,793,65,1
05/23/2021,ADAMS,1,35,0,2,36,2,57070,3129,725,70,60199,795,36,2
05/24/2021,ADAMS,9,87,0,0,96,0,57157,3138,725,70,60295,795,96,0
05/25/2021,ADAMS,8,59,0,2,67,2,57216,3146,727,70,60362,797,67,2
05/26/2021,ADAMS,12,75,0,0,87,0,57291,3158,727,70,60449,797,87,0
05/27/2021,ADAMS,3,44,0,0,47,0,57335,3161,727,70,60496,797,47,0
05/28/2021,ADAMS,2,36,0,0,38,0,57371,3163,727,70,60534,797,38,0
05/29/2021,ADAMS,3,34,0,0,37,0,57405,3166,727,70,60571,797,37,0
05/30/2021,ADAMS,1,29,0,0,30,0,57434,3167,727,70,60601,797,30,0
05/31/2021,ADAMS,1,25,0,0,26,0,57459,3168,727,70,60627,797,26,0
06/01/2021,ADAMS,2,17,0,0,19,0,57476,3170,727,70,60646,797,19,0
06/02/2021,ADAMS,4,36,0,0,40,0,57512,3174,727,70,60686,797,40,0
06/03/2021,ADAMS,3,48,1,3,51,4,57560,3177,730,71,60737,801,51,4
06/04/2021,ADAMS,9,53,1,0,62,1,57613,3186,730,72,60799,802,62,1
06/05/2021,ADAMS,1,25,0,1,26,1,57638,3187,731,72,60825,803,26,1
06/06/2021,ADAMS,3,7,0,0,10,0,57645,3190,731,72,60835,803,10,0
06/07/2021,ADAMS,10,39,0,1,49,1,57684,3200,732,72,60884,804,49,1
06/08/2021,ADAMS,2,19,0,1,21,1,57703,3202,733,72,60905,805,21,1
06/09/2021,ADAMS,1,26,0,0,27,0,57729,3203,733,72,60932,805,27,0
06/10/2021,ADAMS,6,33,0,0,39,0,57762,3209,733,72,60971,805,39,0
06/11/2021,ADAMS,5,40,0,0,45,0,57802,3214,733,72,61016,805,45,0
06/12/2021,ADAMS,3,25,0,0,28,0,57827,3217,733,72,61044,805,28,0
06/13/2021,ADAMS,1,31,0,0,32,0,57858,3218,733,72,61076,805,32,0
06/14/2021,ADAMS,5,37,0,1,42,1,57895,3223,734,72,61118,806,42,1
06/15/2021,ADAMS,2,22,0,0,24,0,57917,3225,734,72,61142,806,24,0
06/16/2021,ADAMS,1,25,0,0,26,0,57942,3226,734,72,61168,806,26,0
06/17/2021,ADAMS,0,25,0,0,25,0,57967,3226,734,72,61193,806,25,0
06/18/2021,ADAMS,6,23,0,2,29,2,57990,3232,736,72,61222,808,29,2
06/19/2021,ADAMS,4,9,0,0,13,0,57999,3236,736,72,61235,808,13,0
06/20/2021,ADAMS,1,11,0,0,12,0,58010,3237,736,72,61247,808,12,0
06/21/2021,ADAMS,10,14,0,0,24,0,58024,3247,736,72,61271,808,24,0
06/22/2021,ADAMS,3,25,0,0,28,0,58049,3250,736,72,61299,808,28,0
06/23/2021,ADAMS,7,24,0,0,31,0,58073,3257,736,72,61330,808,31,0
06/24/2021,ADAMS,13,17,0,1,30,1,58090,3270,737,72,61360,809,30,1
06/25/2021,ADAMS,5,17,0,0,22,0,58107,3275,737,72,61382,809,22,0
06/26/2021,ADAMS,2,16,0,0,18,0,58123,3277,737,72,61400,809,18,0
06/27/2021,ADAMS,0,15,0,0,15,0,58138,3277,737,72,61415,809,15,0
06/28/2021,ADAMS,4,18,0,0,22,0,58156,3281,737,72,61437,809,22,0
06/29/2021,ADAMS,5,23,0,0,28,0,58179,3286,737,72,61465,809,28,0
06/30/2021,ADAMS,13,26,0,0,39,0,58205,3299,737,72,61504,809,39,0
07/01/2021,ADAMS,17,29,0,1,46,1,58234,3316,738,72,61550,810,46,1
07/02/2021,ADAMS,2,27,0,1,29,1,58261,3318,739,72,61579,811,29,1
07/03/2021,ADAMS,3,22,0,0,25,0,58283,3321,739,72,61604,811,25,0
07/04/2021,ADAMS,1,18,0,0,19,0,58301,3322,739,72,61623,811,19,0
07/05/2021,ADAMS,0,24,0,0,24,0,58325,3322,739,72,61647,811,24,0
07/06/2021,ADAMS,3,23,0,0,26,0,58348,3325,739,72,61673,811,26,0
07/07/2021,ADAMS,6,25,0,1,31,1,58373,3331,740,72,61704,812,31,1
07/08/2021,ADAMS,1,33,0,0,34,0,58406,3332,740,72,61738,812,34,0
07/09/2021,ADAMS,1,46,0,1,47,1,58452,3333,741,72,61785,813,47,1
07/10/2021,ADAMS,5,23,0,0,28,0,58475,3338,741,72,61813,813,28,0
07/11/2021,ADAMS,0,19,0,0,19,0,58494,3338,741,72,61832,813,19,0
07/12/2021,ADAMS,5,19,0,0,24,0,58513,3343,741,72,61856,813,24,0
07/13/2021,ADAMS,5,33,0,1,38,1,58546,3348,742,72,61894,814,38,1
07/14/2021,ADAMS,1,28,0,0,29,0,58574,3349,742,72,61923,814,29,0
07/15/2021,ADAMS,28,50,0,0,78,0,58624,3377,742,72,62001,814,78,0
07/16/2021,ADAMS,32,32,0,0,64,0,58656,3409,742,72,62065,814,64,0
07/17/2021,ADAMS,3,38,0,0,41,0,58694,3412,742,72,62106,814,41,0
07/18/2021,ADAMS,4,32,0,2,36,2,58726,3416,744,72,62142,816,36,2
07/19/2021,ADAMS,6,48,0,2,54,2,58774,3422,746,72,62196,818,54,2
07/20/2021,ADAMS,3,43,0,0,46,0,58817,3425,746,72,62242,818,46,0
07/21/2021,ADAMS,12,56,0,2,68,2,58873,3437,748,72,62310,820,68,2
07/22/2021,ADAMS,4,51,0,0,55,0,58924,3441,748,72,62365,820,55,0
07/23/2021,ADAMS,7,65,0,0,72,0,58989,3448,748,72,62437,820,72,0
07/24/2021,ADAMS,3,41,0,0,44,0,59030,3451,748,72,62481,820,44,0
07/25/2021,ADAMS,4,34,0,0,38,0,59064,3455,748,72,62519,820,38,0
07/26/2021,ADAMS,6,50,0,0,56,0,59114,3461,748,72,62575,820,56,0
07/27/2021,ADAMS,13,42,0,3,55,3,59156,3474,751,72,62630,823,55,3
07/28/2021,ADAMS,16,95,0,1,111,1,59251,3490,752,72,62741,824,111,1
07/29/2021,ADAMS,5,99,0,0,104,0,59350,3495,752,72,62845,824,104,0
07/30/2021,ADAMS,3,98,0,0,101,0,59448,3498,752,72,62946,824,101,0
07/31/2021,ADAMS,3,78,0,1,81,1,59526,3501,753,72,63027,825,81,1
08/01/2021,ADAMS,2,50,0,0,52,0,59576,3503,753,72,63079,825,52,0
08/02/2021,ADAMS,7,74,0,1,81,1,59650,3510,754,72,63160,826,81,1
08/03/2021,ADAMS,9,82,0,0,91,0,59732,3519,754,72,63251,826,91,0
08/04/2021,ADAMS,12,78,0,0,90,0,59810,3531,754,72,63341,826,90,0
08/05/2021,ADAMS,14,102,1,2,116,3,59912,3545,756,73,63457,829,116,3
08/06/2021,ADAMS,5,88,0,2,93,2,60000,3550,758,73,63550,831,93,2
08/07/2021,ADAMS,6,56,0,2,62,2,60056,3556,760,73,63612,833,62,2
08/08/2021,ADAMS,2,76,0,2,78,2,60132,3558,762,73,63690,835,78,2
08/09/2021,ADAMS,7,57,0,2,64,2,60189,3565,764,73,63754,837,64,2
08/10/2021,ADAMS,14,120,0,1,134,1,60309,3579,765,73,63888,838,134,1
08/11/2021,ADAMS,19,149,0,1,168,1,60458,3598,766,73,64056,839,168,1
08/12/2021,ADAMS,13,86,0,2,99,2,60544,3611,768,73,64155,841,99,2
08/13/2021,ADAMS,18,92,0,2,110,2,60636,3629,770,73,64265,843,110,2
08/14/2021,ADAMS,13,62,0,1,75,1,60698,3642,771,73,64340,844,75,1
08/15/2021,ADAMS,2,53,0,1,55,1,60751,3644,772,73,64395,845,55,1
08/16/2021,ADAMS,14,88,0,0,102,0,60839,3658,772,73,64497,845,102,0
08/17/2021,ADAMS,17,225,0,4,242,4,61064,3675,776,73,64739,849,242,4
08/18/2021,ADAMS,14,140,0,1,154,1,61204,3689,777,73,64893,850,154,1
08/19/2021,ADAMS,16,211,0,0,227,0,61415,3705,777,73,65120,850,227,0
08/20/2021,ADAMS,17,192,0,0,209,0,61607,3722,777,73,65329,850,209,0
08/21/2021,ADAMS,14,149,0,0,163,0,61756,3736,777,73,65492,850,163,0
08/22/2021,ADAMS,10,105,0,0,115,0,61861,3746,777,73,65607,850,115,0
08/23/2021,ADAMS,28,100,0,1,128,1,61961,3774,778,73,65735,851,128,1
08/24/2021,ADAMS,21,155,0,1,176,1,62116,3795,779,73,65911,852,176,1
08/25/2021,ADAMS,22,225,0,2,247,2,62341,3817,781,73,66158,854,247,2
08/26/2021,ADAMS,27,192,1,1,219,2,62533,3844,782,74,66377,856,219,2
08/27/2021,ADAMS,24,160,0,2,184,2,62693,3868,784,74,66561,858,184,2
08/28/2021,ADAMS,11,76,0,0,87,0,62769,3879,784,74,66648,858,87,0
08/29/2021,ADAMS,12,103,0,1,115,1,62872,3891,785,74,66763,859,115,1
08/30/2021,ADAMS,14,165,0,1,179,1,63037,3905,786,74,66942,860,179,1
08/31/2021,ADAMS,33,128,1,2,161,3,63165,3938,788,75,67103,863,161,3
09/01/2021,ADAMS,27,156,0,3,183,3,63321,3965,791,75,67286,866,183,3
09/02/2021,ADAMS,33,174,0,2,207,2,63495,3998,793,75,67493,868,207,2
09/03/2021,ADAMS,26,190,0,2,216,2,63685,4024,795,75,67709,870,216,2
09/04/2021,ADAMS,11,133,0,3,144,3,63818,4035,798,75,67853,873,144,3
09/05/2021,ADAMS,8,146,0,0,154,0,63964,4043,798,75,68007,873,154,0
09/06/2021,ADAMS,19,84,0,1,103,1,64048,4062,799,75,68110,874,103,1
09/07/2021,ADAMS,18,90,1,1,108,2,64138,4080,800,76,68218,876,108,2
09/08/2021,ADAMS,27,124,0,0,151,0,64262,4107,800,76,68369,876,151,0
09/09/2021,ADAMS,19,182,0,1,201,1,64444,4126,801,76,68570,877,201,1
09/10/2021,ADAMS,17,178,0,4,195,4,64622,4143,805,76,68765,881,195,4
09/11/2021,ADAMS,14,145,0,3,159,3,64767,4157,808,76,68924,884,159,3
09/12/2021,ADAMS,4,114,0,1,118,1,64881,4161,809,76,69042,885,118,1
09/13/2021,ADAMS,22,107,0,3,129,3,64988,4183,812,76,69171,888,129,3
09/14/2021,ADAMS,17,124,0,3,141,3,65112,4200,815,76,69312,891,141,3
09/15/2021,ADAMS,11,168,0,1,179,1,65280,4211,816,76,69491,892,179,1
09/16/2021,ADAMS,21,166,2,3,187,5,65446,4232,819,78,69678,897,187,5
09/17/2021,ADAMS,11,140,0,3,151,3,65586,4243,822,78,69829,900,151,3
09/18/2021,ADAMS,14,158,0,1,172,1,65744,4257,823,78,70001,901,172,1
09/19/2021,ADAMS,10,112,0,1,122,1,65856,4267,824,78,70123,902,122,1
09/20/2021,ADAMS,12,93,0,0,105,0,65949,4279,824,78,70228,902,105,0
09/21/2021,ADAMS,26,118,1,2,144,3,66067,4305,826,79,70372,905,144,3
09/22/2021,ADAMS,14,137,0,0,151,0,66204,4319,826,79,70523,905,151,0
09/23/2021,ADAMS,9,140,0,0,149,0,66344,4328,826,79,70672,905,149,0
09/24/2021,ADAMS,7,171,0,0,178,0,66515,4335,826,79,70850,905,178,0
09/25/2021,ADAMS,10,86,0,1,96,1,66601,4345,827,79,70946,906,96,1
09/26/2021,ADAMS,11,80,0,1,91,1,66681,4356,828,79,71037,907,91,1
09/27/2021,ADAMS,16,84,0,0,100,0,66765,4372,828,79,71137,907,100,0
09/28/2021,ADAMS,14,103,0,3,117,3,66868,4386,831,79,71254,910,117,3
09/29/2021,ADAMS,16,177,0,0,193,0,67045,4402,831,79,71447,910,193,0
09/30/2021,ADAMS,23,128,0,3,151,3,67173,4425,834,79,71598,913,151,3
10/01/2021,ADAMS,14,138,0,1,152,1,67311,4439,835,79,71750,914,152,1
10/02/2021,ADAMS,8,117,0,0,125,0,67428,4447,835,79,71875,914,125,0
10/03/2021,ADAMS,2,125,0,3,127,3,67553,4449,838,79,72002,917,127,3
10/04/2021,ADAMS,18,90,1,2,108,3,67643,4467,840,80,72110,920,108,3
10/05/2021,ADAMS,20,115,1,3,135,4,67758,4487,843,81,72245,924,135,4
10/06/2021,ADAMS,30,178,1,0,208,1,67936,4517,843,82,72453,925,208,1
10/07/2021,ADAMS,16,185,0,0,201,0,68121,4533,843,82,72654,925,201,0
10/08/2021,ADAMS,24,163,0,0,187,0,68284,4557,843,82,72841,925,187,0
10/09/2021,ADAMS,22,180,0,2,202,2,68464,4579,845,82,73043,927,202,2
10/10/2021,ADAMS,9,150,0,0,159,0,68614,4588,845,82,73202,927,159,0
10/11/2021,ADAMS,13,80,0,3,93,3,68694,4601,848,82,73295,930,93,3
10/12/2021,ADAMS,15,177,0,0,192,0,68871,4616,848,82,73487,930,192,0
10/13/2021,ADAMS,16,172,1,1,188,2,69043,4632,849,83,73675,932,188,2
10/14/2021,ADAMS,21,247,0,1,268,1,69290,4653,850,83,73943,933,268,1
10/15/2021,ADAMS,16,159,1,2,175,3,69449,4669,852,84,74118,936,175,3
10/16/2021,ADAMS,5,124,0,2,129,2,69573,4674,854,84,74247,938,129,2
10/17/2021,ADAMS,12,115,0,3,127,3,69688,4686,857,84,74374,941,127,3
10/18/2021,ADAMS,30,118,0,0,148,0,69806,4716,857,84,74522,941,148,0
10/19/2021,ADAMS,43,114,0,2,157,2,69920,4759,859,84,74679,943,157,2
10/20/2021,ADAMS,25,263,0,2,288,2,70183,4784,861,84,74967,945,288,2
10/21/2021,ADAMS,22,222,0,3,244,3,70405,4806,864,84,75211,948,244,3
10/22/2021,ADAMS,19,239,1,3,258,4,70644,4825,867,85,75469,952,258,4
10/23/2021,ADAMS,31,205,0,4,236,4,70849,4856,871,85,75705,956,236,4
10/24/2021,ADAMS,19,160,0,1,179,1,71009,4875,872,85,75884,957,179,1
10/25/2021,ADAMS,25,120,0,4,145,4,71129,4900,876,85,76029,961,145,4
10/26/2021,ADAMS,25,243,0,0,268,0,71372,4925,876,85,76297,961,268,0
10/27/2021,ADAMS,12,261,1,9,273,10,71633,4937,885,86,76570,971,273,10
10/28/2021,ADAMS,36,268,0,5,304,5,71901,4973,890,86,76874,976,304,5
10/29/2021,ADAMS,21,192,0,3,213,3,72093,4994,893,86,77087,979,213,3
10/30/2021,ADAMS,37,191,0,3,228,3,72284,5031,896,86,77315,982,228,3
10/31/2021,ADAMS,23,137,0,2,160,2,72421,5054,898,86,77475,984,160,2
11/01/2021,ADAMS,27,145,1,2,172,3,72566,5081,900,87,77647,987,172,3
11/02/2021,ADAMS,30,185,0,4,215,4,72751,5111,904,87,77862,991,215,4
11/03/2021,ADAMS,26,343,0,1,369,1,73094,5137,905,87,78231,992,369,1
11/04/2021,ADAMS,34,246,0,2,280,2,73340,5171,907,87,78511,994,280,2
11/05/2021,ADAMS,37,268,0,2,305,2,73608,5208,909,87,78816,996,305,2
11/06/2021,ADAMS,15,245,0,6,260,6,73853,5223,915,87,79076,1002,260,6
11/07/2021,ADAMS,18,200,0,4,218,4,74053,5241,919,87,79294,1006,218,4
11/08/2021,ADAMS,31,124,0,5,155,5,74177,5272,924,87,79449,1011,155,5
11/09/2021,ADAMS,29,334,0,6,363,6,74511,5301,930,87,79812,1017,363,6
11/10/2021,ADAMS,27,341,0,5,368,5,74852,5328,935,87,80180,1022,368,5
11/11/2021,ADAMS,29,352,0,5,381,5,75204,5357,940,87,80561,1027,381,5
11/12/2021,ADAMS,29,304,0,3,333,3,75508,5386,943,87,80894,1030,333,3
11/13/2021,ADAMS,14,263,1,1,277,2,75771,5400,944,88,81171,1032,277,2
11/14/2021,ADAMS,22,232,1,1,254,2,76003,5422,945,89,81425,1034,254,2
11/15/2021,ADAMS,25,209,1,6,234,7,76212,5447,951,90,81659,1041,234,7
11/16/2021,ADAMS,23,324,0,5,347,5,76536,5470,956,90,82006,1046,347,5
11/17/2021,ADAMS,23,361,0,4,384,4,76897,5493,960,90,82390,1050,384,4
11/18/2021,ADAMS,16,305,0,1,321,1,77202,5509,961,90,82711,1051,321,1
11/19/2021,ADAMS,9,273,0,6,282,6,77475,5518,967,90,82993,1057,282,6
11/20/2021,ADAMS,12,221,0,3,233,3,77696,5530,970,90,83226,1060,233,3
11/21/2021,ADAMS,9,173,0,2,182,2,77869,5539,972,90,83408,1062,182,2
11/22/2021,ADAMS,34,247,0,3,281,3,78116,5573,975,90,83689,1065,281,3
11/23/2021,ADAMS,27,237,0,4,264,4,78353,5600,979,90,83953,1069,264,4
11/24/2021,ADAMS,21,244,0,1,265,1,78597,5621,980,90,84218,1070,265,1
11/25/2021,ADAMS,4,156,0,1,160,1,78753,5625,981,90,84378,1071,160,1
11/26/2021,ADAMS,15,150,0,4,165,4,78903,5640,985,90,84543,1075,165,4
11/27/2021,ADAMS,15,210,0,3,225,3,79113,5655,988,90,84768,1078,225,3
11/28/2021,ADAMS,24,163,0,1,187,1,79276,5679,989,90,84955,1079,187,1
11/29/2021,ADAMS,22,188,0,3,210,3,79464,5701,992,90,85165,1082,210,3
11/30/2021,ADAMS,25,319,1,4,344,5,79783,5726,996,91,85509,1087,344,5
12/01/2021,ADAMS,26,299,0,8,325,8,80082,5752,1004,91,85834,1095,325,8
12/02/2021,ADAMS,17,296,0,2,313,2,80378,5769,1006,91,86147,1097,313,2
12/03/2021,ADAMS,20,216,0,4,236,4,80594,5789,1010,91,86383,1101,236,4
12/04/2021,ADAMS,9,121,0,1,130,1,80715,5798,1011,91,86513,1102,130,1
12/05/2021,ADAMS,12,148,0,2,160,2,80863,5810,1013,91,86673,1104,160,2
12/06/2021,ADAMS,43,301,2,6,344,8,81164,5853,1019,93,87017,1112,344,8
12/07/2021,ADAMS,18,220,0,4,238,4,81384,5871,1023,93,87255,1116,238,4
12/08/2021,ADAMS,7,235,0,3,242,3,81619,5878,1026,93,87497,1119,242,3
12/09/2021,ADAMS,24,171,2,4,195,6,81790,5902,1030,95,87692,1125,195,6
12/10/2021,ADAMS,26,201,0,3,227,3,81991,5928,1033,95,87919,1128,227,3
12/11/2021,ADAMS,5,157,0,2,162,2,82148,5933,1035,95,88081,1130,162,2
12/12/2021,ADAMS,9,80,0,3,89,3,82228,5942,1038,95,88170,1133,89,3
12/13/2021,ADAMS,14,155,0,2,169,2,82383,5956,1040,95,88339,1135,169,2
12/14/2021,ADAMS,18,154,0,3,172,3,82537,5974,1043,95,88511,1138,172,3
12/15/2021,ADAMS,18,189,1,3,207,4,82726,5992,1046,96,88718,1142,207,4
12/16/2021,ADAMS,10,177,0,5,187,5,82903,6002,1051,96,88905,1147,187,5
12/17/2021,ADAMS,11,206,0,1,217,1,83109,6013,1052,96,89122,1148,217,1
12/18/2021,ADAMS,10,150,0,3,160,3,83259,6023,1055,96,89282,1151,160,3
12/19/2021,ADAMS,15,130,2,0,145,2,83389,6038,1055,98,89427,1153,145,2
12/20/2021,ADAMS,17,175,1,2,192,3,83564,6055,1057,99,89619,1156,192,3
12/21/2021,ADAMS,25,319,0,4,344,4,83883,6080,1061,99,89963,1160,344,4
12/22/2021,ADAMS,27,303,0,2,330,2,84186,6107,1063,99,90293,1162,330,2
12/23/2021,ADAMS,43,406,0,3,449,3,84592,6150,1066,99,90742,1165,449,3
12/24/2021,ADAMS,19,471,0,2,490,2,85063,6169,1068,99,91232,1167,490,2
12/25/2021,ADAMS,16,384,0,2,400,2,85447,6185,1070,99,91632,1169,400,2
12/26/2021,ADAMS,19,261,0,2,280,2,85708,6204,1072,99,91912,1171,280,2
12/27/2021,ADAMS,55,320,1,3,375,4,86028,6259,1075,100,92287,1175,375,4
12/28/2021,ADAMS,75,548,0,1,623,1,86576,6334,1076,100,92910,1176,623,1
12/29/2021,ADAMS,90,909,0,5,999,5,87485,6424,1081,100,93909,1181,999,5
12/30/2021,ADAMS,68,1022,0,2,1090,2,88507,6492,1083,100,94999,1183,1090,2
12/31/2021,ADAMS,42,1091,0,3,1133,3,89598,6534,1086,100,96132,1186,1133,3
01/01/2022,ADAMS,20,647,0,5,667,5,90245,6554,1091,100,96799,1191,667,5
01/02/2022,ADAMS,46,951,0,1,997,1,91196,6600,1092,100,97796,1192,997,1
01/03/2022,ADAMS,100,785,1,3,885,4,91981,6700,1095,101,98681,1196,885,4
01/04/2022,ADAMS,124,1399,0,10,1523,10,93380,6824,1105,101,100204,1206,1523,10
01/05/2022,ADAMS,128,1672,1,4,1800,5,95052,6952,1109,102,102004,1211,1800,5
01/06/2022,ADAMS,86,1979,0,2,2065,2,97031,7038,1111,102,104069,1213,2065,2
01/07/2022,ADAMS,82,1199,1,10,1281,11,98230,7120,1121,103,105350,1224,1281,11
01/08/2022,ADAMS,62,1077,0,6,1139,6,99307,7182,1127,103,106489,1230,1139,6
01/09/2022,ADAMS,34,754,0,3,788,3,100061,7216,1130,103,107277,1233,788,3
01/10/2022,ADAMS,75,1679,1,2,1754,3,101740,7291,1132,104,109031,1236,1754,3
01/11/2022,ADAMS,76,1108,0,2,1184,2,102848,7367,1134,104,110215,1238,1184,2
01/12/2022,ADAMS,86,1082,0,5,1168,5,103930,7453,1139,104,111383,1243,1168,5
01/13/2022,ADAMS,104,1291,0,6,1395,6,105221,7557,1145,104,112778,1249,1395,6
01/14/2022,ADAMS,114,1426,1,3,1540,4,106647,7671,1148,105,114318,1253,1540,4
01/15/2022,ADAMS,39,869,0,3,908,3,107516,7710,1151,105,115226,1256,908,3
01/16/2022,ADAMS,35,633,0,1,668,1,108149,7745,1152,105,115894,1257,668,1
01/17/2022,ADAMS,54,896,0,3,950,3,109045,7799,1155,105,116844,1260,950,3
01/18/2022,ADAMS,82,857,1,3,939,4,109902,7881,1158,106,117783,1264,939,4
01/19/2022,ADAMS,87,997,1,5,1084,6,110899,7968,1163,107,118867,1270,1084,6
01/20/2022,ADAMS,94,897,0,6,991,6,111796,8062,1169,107,119858,1276,991,6
01/21/2022,ADAMS,97,897,0,0,994,0,112693,8159,1169,107,120852,1276,994,0
01/22/2022,ADAMS,57,684,0,1,741,1,113377,8216,1170,107,121593,1277,741,1
01/23/2022,ADAMS,29,798,0,1,827,1,114175,8245,1171,107,122420,1278,827,1
01/24/2022,ADAMS,86,466,1,0,552,1,114641,8331,1171,108,122972,1279,552,1
01/25/2022,ADAMS,53,461,0,4,514,4,115102,8384,1175,108,123486,1283,514,4
01/26/2022,ADAMS,78,721,2,0,799,2,115823,8462,1175,110,124285,1285,799,2
01/27/2022,ADAMS,55,589,0,3,644,3,116412,8517,1178,110,124929,1288,644,3
01/28/2022,ADAMS,46,450,1,4,496,5,116862,8563,1182,111,125425,1293,496,5
01/29/2022,ADAMS,12,367,0,1,379,1,117229,8575,1183,111,125804,1294,379,1
01/30/2022,ADAMS,18,347,1,2,365,3,117576,8593,1185,112,126169,1297,365,3
01/31/2022,ADAMS,37,202,0,1,239,1,117778,8630,1186,112,126408,1298,239,1
02/01/2022,ADAMS,36,271,0,0,307,0,118049,8666,1186,112,126715,1298,307,0
02/02/2022,ADAMS,30,380,0,8,410,8,118429,8696,1194,112,127125,1306,410,8
02/03/2022,ADAMS,34,149,0,3,183,3,118578,8730,1197,112,127308,1309,183,3
02/04/2022,ADAMS,21,227,0,1,248,1,118805,8751,1198,112,127556,1310,248,1
02/05/2022,ADAMS,12,171,3,2,183,5,118976,8763,1200,115,127739,1315,183,5
02/06/2022,ADAMS,5,136,0,0,141,0,119112,8768,1200,115,127880,1315,141,0
02/07/2022,ADAMS,20,145,0,0,165,0,119257,8788,1200,115,128045,1315,165,0
02/08/2022,ADAMS,34,177,0,0,211,0,119434,8822,1200,115,128256,1315,211,0
02/09/2022,ADAMS,13,155,1,2,168,3,119589,8835,1202,116,128424,1318,168,3
02/10/2022,ADAMS,15,131,1,0,146,1,119720,8850,1202,117,128570,1319,146,1
02/11/2022,ADAMS,26,130,0,0,156,0,119850,8876,1202,117,128726,1319,156,0
02/12/2022,ADAMS,5,91,0,0,96,0,119941,8881,1202,117,128822,1319,96,0
02/13/2022,ADAMS,3,70,0,0,73,0,120011,8884,1202,117,128895,1319,73,0
02/14/2022,ADAMS,16,50,0,0,66,0,120061,8900,1202,117,128961,1319,66,0
02/15/2022,ADAMS,16,118,0,1,134,1,120179,8916,1203,117,129095,1320,134,1
02/16/2022,ADAMS,9,102,0,1,111,1,120281,8925,1204,117,129206,1321,111,1
02/17/2022,ADAMS,11,71,0,1,82,1,120352,8936,1205,117,129288,1322,82,1
02/18/2022,ADAMS,8,48,0,0,56,0,120400,8944,1205,117,129344,1322,56,0
02/19/2022,ADAMS,5,59,0,0,64,0,120459,8949,1205,117,129408,1322,64,0
02/20/2022,ADAMS,2,36,0,1,38,1,120495,8951,1206,117,129446,1323,38,1
02/21/2022,ADAMS,5,31,0,0,36,0,120526,8956,1206,117,129482,1323,36,0
02/22/2022,ADAMS,6,44,1,0,50,1,120570,8962,1206,118,129532,1324,50,1
02/23/2022,ADAMS,4,46,0,0,50,0,120616,8966,1206,118,129582,1324,50,0
02/24/2022,ADAMS,4,34,0,0,38,0,120650,8970,1206,118,129620,1324,38,0
02/25/2022,ADAMS,2,55,0,0,57,0,120705,8972,1206,118,129677,1324,57,0
02/26/2022,ADAMS,1,25,0,1,26,1,120730,8973,1207,118,129703,1325,26,1
02/27/2022,ADAMS,2,21,0,0,23,0,120751,8975,1207,118,129726,1325,23,0
02/28/2022,ADAMS,3,20,1,0,23,1,120771,8978,1207,119,129749,1326,23,1
03/01/2022,ADAMS,2,30,0,0,32,0,120801,8980,1207,119,129781,1326,32,0
03/02/2022,ADAMS,5,36,0,1,41,1,120837,8985,1208,119,129822,1327,41,1
03/03/2022,ADAMS,5,15,1,0,20,1,120852,8990,1208,120,129842,1328,20,1
03/04/2022,ADAMS,1,18,0,0,19,0,120870,8991,1208,120,129861,1328,19,0
03/05/2022,ADAMS,0,7,0,0,7,0,120877,8991,1208,120,129868,1328,7,0
03/06/2022,ADAMS,0,9,0,0,9,0,120886,8991,1208,120,129877,1328,9,0
03/07/2022,ADAMS,2,5,0,0,7,0,120891,8993,1208,120,129884,1328,7,0
03/08/2022,ADAMS,9,15,1,0,24,1,120906,9002,1208,121,129908,1329,24,1
03/09/2022,ADAMS,6,3,0,0,9,0,120909,9008,1208,121,129917,1329,9,0
03/10/2022,ADAMS,4,14,0,0,18,0,120923,9012,1208,121,129935,1329,18,0
03/11/2022,ADAMS,5,3,0,0,8,0,120926,9017,1208,121,129943,1329,8,0
03/12/2022,ADAMS,1,7,0,0,8,0,120933,9018,1208,121,129951,1329,8,0
03/13/2022,ADAMS,0,5,0,0,5,0,120938,9018,1208,121,129956,1329,5,0
03/14/2022,ADAMS,5,18,0,0,23,0,120956,9023,1208,121,129979,1329,23,0
03/15/2022,ADAMS,8,18,0,0,26,0,120974,9031,1208,121,130005,1329,26,0
03/16/2022,ADAMS,2,24,0,1,26,1,120998,9033,1209,121,130031,1330,26,1
03/17/2022,ADAMS,5,13,0,0,18,0,121011,9038,1209,121,130049,1330,18,0
03/18/2022,ADAMS,6,36,0,0,42,0,121047,9044,1209,121,130091,1330,42,0
03/19/2022,ADAMS,1,11,0,0,12,0,121058,9045,1209,121,130103,1330,12,0
03/20/2022,ADAMS,1,6,0,0,7,0,121064,9046,1209,121,130110,1330,7,0
03/26/2020,ALAMOSA,0,1,0,1,1,1,1,0,1,0,1,1,-130109,-1329
03/31/2020,ALAMOSA,0,3,0,0,3,0,4,0,1,0,4,1,3,0
04/07/2020,ALAMOSA,0,1,0,1,1,1,5,0,2,0,5,2,1,1
04/08/2020,ALAMOSA,0,2,0,0,2,0,7,0,2,0,7,2,2,0
04/19/2020,ALAMOSA,0,2,0,0,2,0,9,0,2,0,9,2,2,0
04/29/2020,ALAMOSA,0,1,0,0,1,0,10,0,2,0,10,2,1,0
05/01/2020,ALAMOSA,0,2,0,0,2,0,12,0,2,0,12,2,2,0
05/02/2020,ALAMOSA,0,1,0,0,1,0,13,0,2,0,13,2,1,0
05/03/2020,ALAMOSA,0,2,0,0,2,0,15,0,2,0,15,2,2,0
05/05/2020,ALAMOSA,0,8,0,1,8,1,23,0,3,0,23,3,8,1
05/06/2020,ALAMOSA,0,3,0,0,3,0,26,0,3,0,26,3,3,0
05/10/2020,ALAMOSA,0,5,0,0,5,0,31,0,3,0,31,3,5,0
05/11/2020,ALAMOSA,0,3,0,0,3,0,34,0,3,0,34,3,3,0
05/13/2020,ALAMOSA,0,4,0,0,4,0,38,0,3,0,38,3,4,0
05/15/2020,ALAMOSA,0,1,0,0,1,0,39,0,3,0,39,3,1,0
05/16/2020,ALAMOSA,0,2,0,0,2,0,41,0,3,0,41,3,2,0
05/17/2020,ALAMOSA,0,1,0,0,1,0,42,0,3,0,42,3,1,0
05/18/2020,ALAMOSA,1,1,0,0,2,0,43,1,3,0,44,3,2,0
05/20/2020,ALAMOSA,1,6,0,0,7,0,49,2,3,0,51,3,7,0
05/22/2020,ALAMOSA,0,2,0,0,2,0,51,2,3,0,53,3,2,0
05/23/2020,ALAMOSA,0,3,0,0,3,0,54,2,3,0,56,3,3,0
05/24/2020,ALAMOSA,0,3,0,0,3,0,57,2,3,0,59,3,3,0
05/25/2020,ALAMOSA,0,3,0,0,3,0,60,2,3,0,62,3,3,0
05/28/2020,ALAMOSA,0,2,0,0,2,0,62,2,3,0,64,3,2,0
05/29/2020,ALAMOSA,0,8,0,0,8,0,70,2,3,0,72,3,8,0
05/30/2020,ALAMOSA,0,2,0,0,2,0,72,2,3,0,74,3,2,0
05/31/2020,ALAMOSA,2,2,0,1,4,1,74,4,4,0,78,4,4,1
06/01/2020,ALAMOSA,1,4,0,0,5,0,78,5,4,0,83,4,5,0
06/04/2020,ALAMOSA,0,4,0,0,4,0,82,5,4,0,87,4,4,0
06/05/2020,ALAMOSA,0,3,0,0,3,0,85,5,4,0,90,4,3,0
06/06/2020,ALAMOSA,0,4,0,2,4,2,89,5,6,0,94,6,4,2
06/07/2020,ALAMOSA,0,1,0,0,1,0,90,5,6,0,95,6,1,0
06/08/2020,ALAMOSA,0,5,0,0,5,0,95,5,6,0,100,6,5,0
06/09/2020,ALAMOSA,0,6,0,0,6,0,101,5,6,0,106,6,6,0
06/10/2020,ALAMOSA,0,5,0,0,5,0,106,5,6,0,111,6,5,0
06/11/2020,ALAMOSA,0,2,0,0,2,0,108,5,6,0,113,6,2,0
06/12/2020,ALAMOSA,0,2,0,1,2,1,110,5,7,0,115,7,2,1
06/13/2020,ALAMOSA,0,2,0,0,2,0,112,5,7,0,117,7,2,0
06/14/2020,ALAMOSA,0,9,0,4,9,4,121,5,11,0,126,11,9,4
06/15/2020,ALAMOSA,0,3,0,1,3,1,124,5,12,0,129,12,3,1
06/16/2020,ALAMOSA,0,1,0,0,1,0,125,5,12,0,130,12,1,0
06/17/2020,ALAMOSA,0,10,0,0,10,0,135,5,12,0,140,12,10,0
06/18/2020,ALAMOSA,0,10,0,0,10,0,145,5,12,0,150,12,10,0
06/19/2020,ALAMOSA,2,7,0,0,9,0,152,7,12,0,159,12,9,0
06/20/2020,ALAMOSA,0,10,0,0,10,0,162,7,12,0,169,12,10,0
06/22/2020,ALAMOSA,0,6,0,0,6,0,168,7,12,0,175,12,6,0
06/23/2020,ALAMOSA,0,2,0,0,2,0,170,7,12,0,177,12,2,0
06/24/2020,ALAMOSA,0,1,0,0,1,0,171,7,12,0,178,12,1,0
06/25/2020,ALAMOSA,0,3,0,0,3,0,174,7,12,0,181,12,3,0
06/26/2020,ALAMOSA,3,4,0,0,7,0,178,10,12,0,188,12,7,0
06/27/2020,ALAMOSA,0,4,0,1,4,1,182,10,13,0,192,13,4,1
06/28/2020,ALAMOSA,2,0,0,0,2,0,182,12,13,0,194,13,2,0
06/29/2020,ALAMOSA,0,3,0,2,3,2,185,12,15,0,197,15,3,2
06/30/2020,ALAMOSA,0,1,0,0,1,0,186,12,15,0,198,15,1,0
07/01/2020,ALAMOSA,1,1,0,0,2,0,187,13,15,0,200,15,2,0
07/03/2020,ALAMOSA,0,1,0,0,1,0,188,13,15,0,201,15,1,0
07/06/2020,ALAMOSA,0,2,0,0,2,0,190,13,15,0,203,15,2,0
07/08/2020,ALAMOSA,0,1,0,0,1,0,191,13,15,0,204,15,1,0
07/14/2020,ALAMOSA,1,0,0,0,1,0,191,14,15,0,205,15,1,0
07/15/2020,ALAMOSA,0,2,0,0,2,0,193,14,15,0,207,15,2,0
07/16/2020,ALAMOSA,0,1,0,0,1,0,194,14,15,0,208,15,1,0
07/17/2020,ALAMOSA,1,1,0,0,2,0,195,15,15,0,210,15,2,0
07/20/2020,ALAMOSA,0,1,0,0,1,0,196,15,15,0,211,15,1,0
07/21/2020,ALAMOSA,1,5,0,1,6,1,201,16,16,0,217,16,6,1
07/22/2020,ALAMOSA,0,1,0,0,1,0,202,16,16,0,218,16,1,0
07/23/2020,ALAMOSA,3,0,0,0,3,0,202,19,16,0,221,16,3,0
07/27/2020,ALAMOSA,0,1,0,0,1,0,203,19,16,0,222,16,1,0
07/29/2020,ALAMOSA,1,1,0,0,2,0,204,20,16,0,224,16,2,0
07/30/2020,ALAMOSA,0,1,0,0,1,0,205,20,16,0,225,16,1,0
08/03/2020,ALAMOSA,1,0,0,0,1,0,205,21,16,0,226,16,1,0
08/06/2020,ALAMOSA,1,3,0,0,4,0,208,22,16,0,230,16,4,0
08/07/2020,ALAMOSA,0,1,0,0,1,0,209,22,16,0,231,16,1,0
08/14/2020,ALAMOSA,0,2,0,0,2,0,211,22,16,0,233,16,2,0
08/18/2020,ALAMOSA,0,1,0,0,1,0,212,22,16,0,234,16,1,0
08/19/2020,ALAMOSA,1,0,0,0,1,0,212,23,16,0,235,16,1,0
08/22/2020,ALAMOSA,0,1,0,0,1,0,213,23,16,0,236,16,1,0
08/26/2020,ALAMOSA,0,1,0,0,1,0,214,23,16,0,237,16,1,0
09/05/2020,ALAMOSA,0,1,0,0,1,0,215,23,16,0,238,16,1,0
09/09/2020,ALAMOSA,0,1,0,0,1,0,216,23,16,0,239,16,1,0
09/15/2020,ALAMOSA,0,1,0,0,1,0,217,23,16,0,240,16,1,0
09/21/2020,ALAMOSA,0,1,0,0,1,0,218,23,16,0,241,16,1,0
09/23/2020,ALAMOSA,0,1,0,1,1,1,219,23,17,0,242,17,1,1
09/25/2020,ALAMOSA,0,1,0,0,1,0,220,23,17,0,243,17,1,0
09/27/2020,ALAMOSA,0,1,0,0,1,0,221,23,17,0,244,17,1,0
09/29/2020,ALAMOSA,0,7,0,0,7,0,228,23,17,0,251,17,7,0
10/01/2020,ALAMOSA,0,1,0,0,1,0,229,23,17,0,252,17,1,0
10/02/2020,ALAMOSA,0,2,0,0,2,0,231,23,17,0,254,17,2,0
10/04/2020,ALAMOSA,0,2,0,0,2,0,233,23,17,0,256,17,2,0
10/05/2020,ALAMOSA,0,1,0,0,1,0,234,23,17,0,257,17,1,0
10/07/2020,ALAMOSA,0,2,0,0,2,0,236,23,17,0,259,17,2,0
10/08/2020,ALAMOSA,0,3,0,0,3,0,239,23,17,0,262,17,3,0
10/09/2020,ALAMOSA,0,4,0,0,4,0,243,23,17,0,266,17,4,0
10/10/2020,ALAMOSA,0,3,0,0,3,0,246,23,17,0,269,17,3,0
10/12/2020,ALAMOSA,0,2,0,0,2,0,248,23,17,0,271,17,2,0
10/13/2020,ALAMOSA,0,1,0,0,1,0,249,23,17,0,272,17,1,0
10/14/2020,ALAMOSA,0,7,0,0,7,0,256,23,17,0,279,17,7,0
10/15/2020,ALAMOSA,0,2,0,0,2,0,258,23,17,0,281,17,2,0
10/16/2020,ALAMOSA,0,6,0,0,6,0,264,23,17,0,287,17,6,0
10/17/2020,ALAMOSA,0,4,0,0,4,0,268,23,17,0,291,17,4,0
10/20/2020,ALAMOSA,0,3,0,0,3,0,271,23,17,0,294,17,3,0
10/21/2020,ALAMOSA,0,1,0,0,1,0,272,23,17,0,295,17,1,0
10/22/2020,ALAMOSA,0,4,0,0,4,0,276,23,17,0,299,17,4,0
10/23/2020,ALAMOSA,3,6,0,0,9,0,282,26,17,0,308,17,9,0
10/24/2020,ALAMOSA,2,6,0,0,8,0,288,28,17,0,316,17,8,0
10/25/2020,ALAMOSA,1,5,0,0,6,0,293,29,17,0,322,17,6,0
10/26/2020,ALAMOSA,1,4,0,0,5,0,297,30,17,0,327,17,5,0
10/27/2020,ALAMOSA,0,11,0,0,11,0,308,30,17,0,338,17,11,0
10/28/2020,ALAMOSA,0,10,0,0,10,0,318,30,17,0,348,17,10,0
10/29/2020,ALAMOSA,0,6,0,1,6,1,324,30,18,0,354,18,6,1
10/30/2020,ALAMOSA,0,22,0,0,22,0,346,30,18,0,376,18,22,0
10/31/2020,ALAMOSA,0,3,0,0,3,0,349,30,18,0,379,18,3,0
11/01/2020,ALAMOSA,0,1,0,0,1,0,350,30,18,0,380,18,1,0
11/02/2020,ALAMOSA,1,1,0,0,2,0,351,31,18,0,382,18,2,0
11/03/2020,ALAMOSA,0,6,0,0,6,0,357,31,18,0,388,18,6,0
11/04/2020,ALAMOSA,0,2,0,0,2,0,359,31,18,0,390,18,2,0
11/05/2020,ALAMOSA,0,10,0,0,10,0,369,31,18,0,400,18,10,0
11/06/2020,ALAMOSA,0,9,0,0,9,0,378,31,18,0,409,18,9,0
11/07/2020,ALAMOSA,0,7,0,0,7,0,385,31,18,0,416,18,7,0
11/08/2020,ALAMOSA,0,1,0,0,1,0,386,31,18,0,417,18,1,0
11/09/2020,ALAMOSA,2,4,0,0,6,0,390,33,18,0,423,18,6,0
11/10/2020,ALAMOSA,0,13,0,0,13,0,403,33,18,0,436,18,13,0
11/11/2020,ALAMOSA,0,15,0,1,15,1,418,33,19,0,451,19,15,1
11/12/2020,ALAMOSA,0,17,0,0,17,0,435,33,19,0,468,19,17,0
11/13/2020,ALAMOSA,0,6,0,0,6,0,441,33,19,0,474,19,6,0
11/14/2020,ALAMOSA,1,6,0,0,7,0,447,34,19,0,481,19,7,0
11/15/2020,ALAMOSA,2,6,0,0,8,0,453,36,19,0,489,19,8,0
11/16/2020,ALAMOSA,2,13,1,1,15,2,466,38,20,1,504,21,15,2
11/17/2020,ALAMOSA,0,7,0,0,7,0,473,38,20,1,511,21,7,0
11/18/2020,ALAMOSA,0,24,0,1,24,1,497,38,21,1,535,22,24,1
11/19/2020,ALAMOSA,1,10,0,0,11,0,507,39,21,1,546,22,11,0
11/20/2020,ALAMOSA,2,11,1,0,13,1,518,41,21,2,559,23,13,1
11/21/2020,ALAMOSA,1,9,0,0,10,0,527,42,21,2,569,23,10,0
11/22/2020,ALAMOSA,0,3,0,1,3,1,530,42,22,2,572,24,3,1
11/23/2020,ALAMOSA,0,4,0,0,4,0,534,42,22,2,576,24,4,0
11/24/2020,ALAMOSA,3,11,0,0,14,0,545,45,22,2,590,24,14,0
11/25/2020,ALAMOSA,1,33,0,0,34,0,578,46,22,2,624,24,34,0
11/26/2020,ALAMOSA,0,13,0,0,13,0,591,46,22,2,637,24,13,0
11/27/2020,ALAMOSA,1,3,0,0,4,0,594,47,22,2,641,24,4,0
11/28/2020,ALAMOSA,0,21,0,0,21,0,615,47,22,2,662,24,21,0
11/29/2020,ALAMOSA,0,3,0,0,3,0,618,47,22,2,665,24,3,0
11/30/2020,ALAMOSA,0,13,0,1,13,1,631,47,23,2,678,25,13,1
12/01/2020,ALAMOSA,0,4,0,0,4,0,635,47,23,2,682,25,4,0
12/02/2020,ALAMOSA,0,24,0,1,24,1,659,47,24,2,706,26,24,1
12/03/2020,ALAMOSA,0,21,0,0,21,0,680,47,24,2,727,26,21,0
12/04/2020,ALAMOSA,0,7,0,0,7,0,687,47,24,2,734,26,7,0
12/05/2020,ALAMOSA,0,18,0,0,18,0,705,47,24,2,752,26,18,0
12/06/2020,ALAMOSA,1,3,0,0,4,0,708,48,24,2,756,26,4,0
12/07/2020,ALAMOSA,2,8,0,0,10,0,716,50,24,2,766,26,10,0
12/08/2020,ALAMOSA,2,7,0,0,9,0,723,52,24,2,775,26,9,0
12/09/2020,ALAMOSA,0,27,0,2,27,2,750,52,26,2,802,28,27,2
12/10/2020,ALAMOSA,1,29,0,2,30,2,779,53,28,2,832,30,30,2
12/11/2020,ALAMOSA,3,7,0,1,10,1,786,56,29,2,842,31,10,1
12/12/2020,ALAMOSA,0,7,0,0,7,0,793,56,29,2,849,31,7,0
12/13/2020,ALAMOSA,0,3,0,0,3,0,796,56,29,2,852,31,3,0
12/14/2020,ALAMOSA,2,23,0,2,25,2,819,58,31,2,877,33,25,2
12/15/2020,ALAMOSA,1,5,0,0,6,0,824,59,31,2,883,33,6,0
12/16/2020,ALAMOSA,2,26,0,0,28,0,850,61,31,2,911,33,28,0
12/17/2020,ALAMOSA,1,9,0,0,10,0,859,62,31,2,921,33,10,0
12/18/2020,ALAMOSA,0,5,0,0,5,0,864,62,31,2,926,33,5,0
12/19/2020,ALAMOSA,0,5,0,1,5,1,869,62,32,2,931,34,5,1
12/20/2020,ALAMOSA,0,2,0,0,2,0,871,62,32,2,933,34,2,0
12/21/2020,ALAMOSA,1,6,0,0,7,0,877,63,32,2,940,34,7,0
12/22/2020,ALAMOSA,0,2,0,0,2,0,879,63,32,2,942,34,2,0
12/23/2020,ALAMOSA,2,8,0,0,10,0,887,65,32,2,952,34,10,0
12/24/2020,ALAMOSA,3,2,0,0,5,0,889,68,32,2,957,34,5,0
12/25/2020,ALAMOSA,0,2,0,0,2,0,891,68,32,2,959,34,2,0
12/26/2020,ALAMOSA,0,2,0,1,2,1,893,68,33,2,961,35,2,1
12/27/2020,ALAMOSA,1,1,0,0,2,0,894,69,33,2,963,35,2,0
12/28/2020,ALAMOSA,2,3,0,0,5,0,897,71,33,2,968,35,5,0
12/29/2020,ALAMOSA,1,7,0,1,8,1,904,72,34,2,976,36,8,1
12/30/2020,ALAMOSA,0,12,0,0,12,0,916,72,34,2,988,36,12,0
12/31/2020,ALAMOSA,3,9,0,1,12,1,925,75,35,2,1000,37,12,1
01/02/2021,ALAMOSA,2,4,0,0,6,0,929,77,35,2,1006,37,6,0
01/03/2021,ALAMOSA,0,1,0,0,1,0,930,77,35,2,1007,37,1,0
01/04/2021,ALAMOSA,1,4,0,0,5,0,934,78,35,2,1012,37,5,0
01/05/2021,ALAMOSA,1,6,0,0,7,0,940,79,35,2,1019,37,7,0
01/06/2021,ALAMOSA,0,13,0,0,13,0,953,79,35,2,1032,37,13,0
01/07/2021,ALAMOSA,1,10,0,0,11,0,963,80,35,2,1043,37,11,0
01/08/2021,ALAMOSA,0,3,0,0,3,0,966,80,35,2,1046,37,3,0
01/09/2021,ALAMOSA,2,1,0,0,3,0,967,82,35,2,1049,37,3,0
01/10/2021,ALAMOSA,1,3,0,0,4,0,970,83,35,2,1053,37,4,0
01/11/2021,ALAMOSA,5,4,0,0,9,0,974,88,35,2,1062,37,9,0
01/12/2021,ALAMOSA,0,10,0,0,10,0,984,88,35,2,1072,37,10,0
01/13/2021,ALAMOSA,0,12,0,0,12,0,996,88,35,2,1084,37,12,0
01/14/2021,ALAMOSA,0,11,0,0,11,0,1007,88,35,2,1095,37,11,0
01/15/2021,ALAMOSA,2,13,0,0,15,0,1020,90,35,2,1110,37,15,0
01/16/2021,ALAMOSA,0,5,0,0,5,0,1025,90,35,2,1115,37,5,0
01/17/2021,ALAMOSA,1,2,0,0,3,0,1027,91,35,2,1118,37,3,0
01/18/2021,ALAMOSA,0,10,0,0,10,0,1037,91,35,2,1128,37,10,0
01/19/2021,ALAMOSA,1,4,0,0,5,0,1041,92,35,2,1133,37,5,0
01/20/2021,ALAMOSA,2,9,0,0,11,0,1050,94,35,2,1144,37,11,0
01/21/2021,ALAMOSA,0,5,0,0,5,0,1055,94,35,2,1149,37,5,0
01/22/2021,ALAMOSA,0,3,0,0,3,0,1058,94,35,2,1152,37,3,0
01/23/2021,ALAMOSA,0,2,0,0,2,0,1060,94,35,2,1154,37,2,0
01/24/2021,ALAMOSA,0,3,0,0,3,0,1063,94,35,2,1157,37,3,0
01/25/2021,ALAMOSA,0,2,0,0,2,0,1065,94,35,2,1159,37,2,0
01/26/2021,ALAMOSA,0,3,0,0,3,0,1068,94,35,2,1162,37,3,0
01/27/2021,ALAMOSA,2,12,0,0,14,0,1080,96,35,2,1176,37,14,0
01/28/2021,ALAMOSA,2,6,0,0,8,0,1086,98,35,2,1184,37,8,0
01/29/2021,ALAMOSA,0,5,0,0,5,0,1091,98,35,2,1189,37,5,0
01/30/2021,ALAMOSA,0,14,0,0,14,0,1105,98,35,2,1203,37,14,0
01/31/2021,ALAMOSA,0,2,0,0,2,0,1107,98,35,2,1205,37,2,0
02/01/2021,ALAMOSA,6,2,0,0,8,0,1109,104,35,2,1213,37,8,0
02/02/2021,ALAMOSA,0,4,0,0,4,0,1113,104,35,2,1217,37,4,0
02/03/2021,ALAMOSA,2,7,0,0,9,0,1120,106,35,2,1226,37,9,0
02/04/2021,ALAMOSA,4,3,0,0,7,0,1123,110,35,2,1233,37,7,0
02/05/2021,ALAMOSA,0,2,0,0,2,0,1125,110,35,2,1235,37,2,0
02/06/2021,ALAMOSA,0,1,0,0,1,0,1126,110,35,2,1236,37,1,0
02/07/2021,ALAMOSA,0,1,0,0,1,0,1127,110,35,2,1237,37,1,0
02/08/2021,ALAMOSA,0,2,0,0,2,0,1129,110,35,2,1239,37,2,0
02/09/2021,ALAMOSA,7,0,0,0,7,0,1129,117,35,2,1246,37,7,0
02/10/2021,ALAMOSA,0,1,0,0,1,0,1130,117,35,2,1247,37,1,0
02/11/2021,ALAMOSA,0,7,0,0,7,0,1137,117,35,2,1254,37,7,0
02/12/2021,ALAMOSA,1,0,0,0,1,0,1137,118,35,2,1255,37,1,0
02/13/2021,ALAMOSA,0,2,0,0,2,0,1139,118,35,2,1257,37,2,0
02/14/2021,ALAMOSA,0,2,0,0,2,0,1141,118,35,2,1259,37,2,0
02/15/2021,ALAMOSA,3,3,0,0,6,0,1144,121,35,2,1265,37,6,0
02/16/2021,ALAMOSA,0,3,0,0,3,0,1147,121,35,2,1268,37,3,0
02/17/2021,ALAMOSA,0,5,0,0,5,0,1152,121,35,2,1273,37,5,0
02/18/2021,ALAMOSA,0,5,0,0,5,0,1157,121,35,2,1278,37,5,0
02/19/2021,ALAMOSA,1,2,0,0,3,0,1159,122,35,2,1281,37,3,0
02/20/2021,ALAMOSA,0,3,0,0,3,0,1162,122,35,2,1284,37,3,0
02/22/2021,ALAMOSA,0,3,0,0,3,0,1165,122,35,2,1287,37,3,0
02/23/2021,ALAMOSA,1,2,0,0,3,0,1167,123,35,2,1290,37,3,0
02/24/2021,ALAMOSA,1,6,0,0,7,0,1173,124,35,2,1297,37,7,0
02/25/2021,ALAMOSA,1,3,0,0,4,0,1176,125,35,2,1301,37,4,0
02/26/2021,ALAMOSA,0,5,0,0,5,0,1181,125,35,2,1306,37,5,0
02/27/2021,ALAMOSA,0,2,0,0,2,0,1183,125,35,2,1308,37,2,0
02/28/2021,ALAMOSA,0,2,0,0,2,0,1185,125,35,2,1310,37,2,0
03/01/2021,ALAMOSA,1,1,0,0,2,0,1186,126,35,2,1312,37,2,0
03/02/2021,ALAMOSA,2,1,0,0,3,0,1187,128,35,2,1315,37,3,0
03/03/2021,ALAMOSA,0,11,0,1,11,1,1198,128,36,2,1326,38,11,1
03/04/2021,ALAMOSA,0,3,0,0,3,0,1201,128,36,2,1329,38,3,0
03/05/2021,ALAMOSA,1,0,0,0,1,0,1201,129,36,2,1330,38,1,0
03/06/2021,ALAMOSA,0,4,0,0,4,0,1205,129,36,2,1334,38,4,0
03/09/2021,ALAMOSA,2,2,0,0,4,0,1207,131,36,2,1338,38,4,0
03/10/2021,ALAMOSA,2,0,0,0,2,0,1207,133,36,2,1340,38,2,0
03/11/2021,ALAMOSA,0,1,0,0,1,0,1208,133,36,2,1341,38,1,0
03/12/2021,ALAMOSA,0,1,0,0,1,0,1209,133,36,2,1342,38,1,0
03/13/2021,ALAMOSA,1,0,0,0,1,0,1209,134,36,2,1343,38,1,0
03/14/2021,ALAMOSA,1,0,0,0,1,0,1209,135,36,2,1344,38,1,0
03/15/2021,ALAMOSA,0,1,0,0,1,0,1210,135,36,2,1345,38,1,0
03/16/2021,ALAMOSA,2,2,0,0,4,0,1212,137,36,2,1349,38,4,0
03/17/2021,ALAMOSA,3,0,0,0,3,0,1212,140,36,2,1352,38,3,0
03/19/2021,ALAMOSA,1,0,0,0,1,0,1212,141,36,2,1353,38,1,0
03/25/2021,ALAMOSA,1,1,0,0,2,0,1213,142,36,2,1355,38,2,0
03/26/2021,ALAMOSA,2,0,0,0,2,0,1213,144,36,2,1357,38,2,0
03/30/2021,ALAMOSA,2,2,0,0,4,0,1215,146,36,2,1361,38,4,0
03/31/2021,ALAMOSA,1,2,0,0,3,0,1217,147,36,2,1364,38,3,0
04/01/2021,ALAMOSA,0,1,0,0,1,0,1218,147,36,2,1365,38,1,0
04/02/2021,ALAMOSA,0,1,0,0,1,0,1219,147,36,2,1366,38,1,0
04/03/2021,ALAMOSA,1,1,0,0,2,0,1220,148,36,2,1368,38,2,0
04/05/2021,ALAMOSA,1,0,0,0,1,0,1220,149,36,2,1369,38,1,0
04/06/2021,ALAMOSA,0,4,0,0,4,0,1224,149,36,2,1373,38,4,0
04/07/2021,ALAMOSA,2,5,0,0,7,0,1229,151,36,2,1380,38,7,0
04/08/2021,ALAMOSA,0,9,0,0,9,0,1238,151,36,2,1389,38,9,0
04/09/2021,ALAMOSA,0,2,0,0,2,0,1240,151,36,2,1391,38,2,0
04/10/2021,ALAMOSA,0,3,0,0,3,0,1243,151,36,2,1394,38,3,0
04/11/2021,ALAMOSA,4,1,0,0,5,0,1244,155,36,2,1399,38,5,0
04/12/2021,ALAMOSA,2,0,0,0,2,0,1244,157,36,2,1401,38,2,0
04/13/2021,ALAMOSA,2,0,0,0,2,0,1244,159,36,2,1403,38,2,0
04/14/2021,ALAMOSA,0,5,0,0,5,0,1249,159,36,2,1408,38,5,0
04/15/2021,ALAMOSA,2,4,0,0,6,0,1253,161,36,2,1414,38,6,0
04/17/2021,ALAMOSA,0,6,0,0,6,0,1259,161,36,2,1420,38,6,0
04/18/2021,ALAMOSA,1,0,0,0,1,0,1259,162,36,2,1421,38,1,0
04/19/2021,ALAMOSA,2,2,0,0,4,0,1261,164,36,2,1425,38,4,0
04/20/2021,ALAMOSA,1,2,0,0,3,0,1263,165,36,2,1428,38,3,0
04/21/2021,ALAMOSA,0,4,0,0,4,0,1267,165,36,2,1432,38,4,0
04/22/2021,ALAMOSA,0,2,0,0,2,0,1269,165,36,2,1434,38,2,0
04/23/2021,ALAMOSA,0,3,0,0,3,0,1272,165,36,2,1437,38,3,0
04/24/2021,ALAMOSA,0,5,0,1,5,1,1277,165,37,2,1442,39,5,1
04/25/2021,ALAMOSA,0,1,0,0,1,0,1278,165,37,2,1443,39,1,0
04/26/2021,ALAMOSA,0,2,0,1,2,1,1280,165,38,2,1445,40,2,1
04/27/2021,ALAMOSA,0,4,0,1,4,1,1284,165,39,2,1449,41,4,1
04/28/2021,ALAMOSA,0,5,0,0,5,0,1289,165,39,2,1454,41,5,0
04/29/2021,ALAMOSA,3,5,0,0,8,0,1294,168,39,2,1462,41,8,0
04/30/2021,ALAMOSA,2,4,0,0,6,0,1298,170,39,2,1468,41,6,0
05/01/2021,ALAMOSA,0,3,0,0,3,0,1301,170,39,2,1471,41,3,0
05/02/2021,ALAMOSA,2,4,0,0,6,0,1305,172,39,2,1477,41,6,0
05/03/2021,ALAMOSA,2,0,0,0,2,0,1305,174,39,2,1479,41,2,0
05/04/2021,ALAMOSA,0,8,0,0,8,0,1313,174,39,2,1487,41,8,0
05/05/2021,ALAMOSA,3,13,0,0,16,0,1326,177,39,2,1503,41,16,0
05/06/2021,ALAMOSA,0,11,0,0,11,0,1337,177,39,2,1514,41,11,0
05/07/2021,ALAMOSA,0,3,0,0,3,0,1340,177,39,2,1517,41,3,0
05/08/2021,ALAMOSA,0,7,0,0,7,0,1347,177,39,2,1524,41,7,0
05/09/2021,ALAMOSA,2,5,0,0,7,0,1352,179,39,2,1531,41,7,0
05/10/2021,ALAMOSA,5,3,0,0,8,0,1355,184,39,2,1539,41,8,0
05/11/2021,ALAMOSA,6,10,0,0,16,0,1365,190,39,2,1555,41,16,0
05/12/2021,ALAMOSA,1,15,0,1,16,1,1380,191,40,2,1571,42,16,1
05/13/2021,ALAMOSA,1,5,0,0,6,0,1385,192,40,2,1577,42,6,0
05/14/2021,ALAMOSA,1,7,0,1,8,1,1392,193,41,2,1585,43,8,1
05/15/2021,ALAMOSA,0,13,0,0,13,0,1405,193,41,2,1598,43,13,0
05/16/2021,ALAMOSA,0,2,0,0,2,0,1407,193,41,2,1600,43,2,0
05/17/2021,ALAMOSA,1,2,0,0,3,0,1409,194,41,2,1603,43,3,0
05/18/2021,ALAMOSA,7,8,0,0,15,0,1417,201,41,2,1618,43,15,0
05/19/2021,ALAMOSA,0,4,0,0,4,0,1421,201,41,2,1622,43,4,0
05/20/2021,ALAMOSA,1,9,0,0,10,0,1430,202,41,2,1632,43,10,0
05/21/2021,ALAMOSA,4,3,0,0,7,0,1433,206,41,2,1639,43,7,0
05/22/2021,ALAMOSA,0,3,0,0,3,0,1436,206,41,2,1642,43,3,0
05/23/2021,ALAMOSA,0,2,0,0,2,0,1438,206,41,2,1644,43,2,0
05/24/2021,ALAMOSA,1,5,0,0,6,0,1443,207,41,2,1650,43,6,0
05/25/2021,ALAMOSA,4,7,0,0,11,0,1450,211,41,2,1661,43,11,0
05/26/2021,ALAMOSA,4,3,0,0,7,0,1453,215,41,2,1668,43,7,0
05/27/2021,ALAMOSA,1,3,0,0,4,0,1456,216,41,2,1672,43,4,0
05/28/2021,ALAMOSA,1,2,0,0,3,0,1458,217,41,2,1675,43,3,0
05/29/2021,ALAMOSA,1,2,0,0,3,0,1460,218,41,2,1678,43,3,0
05/30/2021,ALAMOSA,0,1,0,1,1,1,1461,218,42,2,1679,44,1,1
05/31/2021,ALAMOSA,0,1,0,0,1,0,1462,218,42,2,1680,44,1,0
06/01/2021,ALAMOSA,4,3,0,1,7,1,1465,222,43,2,1687,45,7,1
06/02/2021,ALAMOSA,2,2,0,0,4,0,1467,224,43,2,1691,45,4,0
06/03/2021,ALAMOSA,2,4,0,0,6,0,1471,226,43,2,1697,45,6,0
06/04/2021,ALAMOSA,2,4,0,0,6,0,1475,228,43,2,1703,45,6,0
06/05/2021,ALAMOSA,1,1,0,0,2,0,1476,229,43,2,1705,45,2,0
06/06/2021,ALAMOSA,0,1,0,0,1,0,1477,229,43,2,1706,45,1,0
06/07/2021,ALAMOSA,1,0,0,0,1,0,1477,230,43,2,1707,45,1,0
06/09/2021,ALAMOSA,1,2,0,0,3,0,1479,231,43,2,1710,45,3,0
06/10/2021,ALAMOSA,0,1,0,0,1,0,1480,231,43,2,1711,45,1,0
06/11/2021,ALAMOSA,0,2,0,0,2,0,1482,231,43,2,1713,45,2,0
06/16/2021,ALAMOSA,0,1,0,0,1,0,1483,231,43,2,1714,45,1,0
06/17/2021,ALAMOSA,0,2,0,0,2,0,1485,231,43,2,1716,45,2,0
06/18/2021,ALAMOSA,0,3,0,0,3,0,1488,231,43,2,1719,45,3,0
06/21/2021,ALAMOSA,0,3,0,0,3,0,1491,231,43,2,1722,45,3,0
06/22/2021,ALAMOSA,0,1,0,0,1,0,1492,231,43,2,1723,45,1,0
06/23/2021,ALAMOSA,0,2,0,0,2,0,1494,231,43,2,1725,45,2,0
06/24/2021,ALAMOSA,1,3,0,0,4,0,1497,232,43,2,1729,45,4,0
06/26/2021,ALAMOSA,0,2,0,0,2,0,1499,232,43,2,1731,45,2,0
06/27/2021,ALAMOSA,0,1,0,0,1,0,1500,232,43,2,1732,45,1,0
06/28/2021,ALAMOSA,0,1,0,0,1,0,1501,232,43,2,1733,45,1,0
06/29/2021,ALAMOSA,0,2,0,0,2,0,1503,232,43,2,1735,45,2,0
06/30/2021,ALAMOSA,4,1,0,0,5,0,1504,236,43,2,1740,45,5,0
07/01/2021,ALAMOSA,0,1,0,0,1,0,1505,236,43,2,1741,45,1,0
07/02/2021,ALAMOSA,0,1,0,0,1,0,1506,236,43,2,1742,45,1,0
07/06/2021,ALAMOSA,0,3,0,0,3,0,1509,236,43,2,1745,45,3,0
07/07/2021,ALAMOSA,1,3,0,0,4,0,1512,237,43,2,1749,45,4,0
07/08/2021,ALAMOSA,2,2,0,0,4,0,1514,239,43,2,1753,45,4,0
07/10/2021,ALAMOSA,0,2,0,0,2,0,1516,239,43,2,1755,45,2,0
07/12/2021,ALAMOSA,1,1,0,0,2,0,1517,240,43,2,1757,45,2,0
07/13/2021,ALAMOSA,0,4,0,0,4,0,1521,240,43,2,1761,45,4,0
07/14/2021,ALAMOSA,2,3,0,0,5,0,1524,242,43,2,1766,45,5,0
07/15/2021,ALAMOSA,0,2,0,0,2,0,1526,242,43,2,1768,45,2,0
07/16/2021,ALAMOSA,0,3,0,0,3,0,1529,242,43,2,1771,45,3,0
07/18/2021,ALAMOSA,0,1,0,0,1,0,1530,242,43,2,1772,45,1,0
07/19/2021,ALAMOSA,1,0,0,0,1,0,1530,243,43,2,1773,45,1,0
07/20/2021,ALAMOSA,2,5,0,1,7,1,1535,245,44,2,1780,46,7,1
07/21/2021,ALAMOSA,1,1,0,0,2,0,1536,246,44,2,1782,46,2,0
07/22/2021,ALAMOSA,0,4,0,0,4,0,1540,246,44,2,1786,46,4,0
07/23/2021,ALAMOSA,0,2,0,0,2,0,1542,246,44,2,1788,46,2,0
07/24/2021,ALAMOSA,0,3,0,0,3,0,1545,246,44,2,1791,46,3,0
07/25/2021,ALAMOSA,0,1,0,0,1,0,1546,246,44,2,1792,46,1,0
07/27/2021,ALAMOSA,3,2,0,0,5,0,1548,249,44,2,1797,46,5,0
07/29/2021,ALAMOSA,0,2,0,1,2,1,1550,249,45,2,1799,47,2,1
07/30/2021,ALAMOSA,1,6,0,0,7,0,1556,250,45,2,1806,47,7,0
07/31/2021,ALAMOSA,0,1,0,0,1,0,1557,250,45,2,1807,47,1,0
08/02/2021,ALAMOSA,3,4,0,0,7,0,1561,253,45,2,1814,47,7,0
08/03/2021,ALAMOSA,2,3,0,0,5,0,1564,255,45,2,1819,47,5,0
08/04/2021,ALAMOSA,0,4,0,0,4,0,1568,255,45,2,1823,47,4,0
08/05/2021,ALAMOSA,1,2,0,0,3,0,1570,256,45,2,1826,47,3,0
08/06/2021,ALAMOSA,0,8,0,0,8,0,1578,256,45,2,1834,47,8,0
08/09/2021,ALAMOSA,1,5,0,1,6,1,1583,257,46,2,1840,48,6,1
08/10/2021,ALAMOSA,6,2,0,0,8,0,1585,263,46,2,1848,48,8,0
08/11/2021,ALAMOSA,0,1,0,0,1,0,1586,263,46,2,1849,48,1,0
08/12/2021,ALAMOSA,0,1,0,0,1,0,1587,263,46,2,1850,48,1,0
08/13/2021,ALAMOSA,0,10,0,0,10,0,1597,263,46,2,1860,48,10,0
08/15/2021,ALAMOSA,0,1,0,0,1,0,1598,263,46,2,1861,48,1,0
08/16/2021,ALAMOSA,0,2,0,0,2,0,1600,263,46,2,1863,48,2,0
08/17/2021,ALAMOSA,0,3,0,0,3,0,1603,263,46,2,1866,48,3,0
08/18/2021,ALAMOSA,0,1,0,0,1,0,1604,263,46,2,1867,48,1,0
08/19/2021,ALAMOSA,0,2,0,0,2,0,1606,263,46,2,1869,48,2,0
08/20/2021,ALAMOSA,0,4,0,0,4,0,1610,263,46,2,1873,48,4,0
08/21/2021,ALAMOSA,0,1,0,0,1,0,1611,263,46,2,1874,48,1,0
08/23/2021,ALAMOSA,0,1,0,0,1,0,1612,263,46,2,1875,48,1,0
08/24/2021,ALAMOSA,0,2,0,0,2,0,1614,263,46,2,1877,48,2,0
08/25/2021,ALAMOSA,0,6,0,0,6,0,1620,263,46,2,1883,48,6,0
08/26/2021,ALAMOSA,4,5,0,0,9,0,1625,267,46,2,1892,48,9,0
08/27/2021,ALAMOSA,0,1,0,0,1,0,1626,267,46,2,1893,48,1,0
08/28/2021,ALAMOSA,0,2,0,0,2,0,1628,267,46,2,1895,48,2,0
08/29/2021,ALAMOSA,0,4,0,1,4,1,1632,267,47,2,1899,49,4,1
08/30/2021,ALAMOSA,0,18,0,0,18,0,1650,267,47,2,1917,49,18,0
08/31/2021,ALAMOSA,0,12,0,0,12,0,1662,267,47,2,1929,49,12,0
09/01/2021,ALAMOSA,3,6,0,0,9,0,1668,270,47,2,1938,49,9,0
09/02/2021,ALAMOSA,2,14,0,0,16,0,1682,272,47,2,1954,49,16,0
09/03/2021,ALAMOSA,2,3,0,0,5,0,1685,274,47,2,1959,49,5,0
09/04/2021,ALAMOSA,0,4,0,1,4,1,1689,274,48,2,1963,50,4,1
09/05/2021,ALAMOSA,0,3,0,0,3,0,1692,274,48,2,1966,50,3,0
09/06/2021,ALAMOSA,3,2,0,0,5,0,1694,277,48,2,1971,50,5,0
09/07/2021,ALAMOSA,2,1,0,0,3,0,1695,279,48,2,1974,50,3,0
09/08/2021,ALAMOSA,1,0,0,0,1,0,1695,280,48,2,1975,50,1,0
09/09/2021,ALAMOSA,3,8,0,0,11,0,1703,283,48,2,1986,50,11,0
09/10/2021,ALAMOSA,2,9,0,0,11,0,1712,285,48,2,1997,50,11,0
09/11/2021,ALAMOSA,1,3,0,0,4,0,1715,286,48,2,2001,50,4,0
09/12/2021,ALAMOSA,0,1,0,0,1,0,1716,286,48,2,2002,50,1,0
09/14/2021,ALAMOSA,1,3,0,0,4,0,1719,287,48,2,2006,50,4,0
09/15/2021,ALAMOSA,5,8,0,0,13,0,1727,292,48,2,2019,50,13,0
09/16/2021,ALAMOSA,2,6,0,0,8,0,1733,294,48,2,2027,50,8,0
09/17/2021,ALAMOSA,4,6,0,0,10,0,1739,298,48,2,2037,50,10,0
09/18/2021,ALAMOSA,0,6,0,0,6,0,1745,298,48,2,2043,50,6,0
09/19/2021,ALAMOSA,0,5,0,0,5,0,1750,298,48,2,2048,50,5,0
09/20/2021,ALAMOSA,3,1,0,0,4,0,1751,301,48,2,2052,50,4,0
09/21/2021,ALAMOSA,0,4,0,1,4,1,1755,301,49,2,2056,51,4,1
09/22/2021,ALAMOSA,2,8,0,0,10,0,1763,303,49,2,2066,51,10,0
09/23/2021,ALAMOSA,6,11,0,0,17,0,1774,309,49,2,2083,51,17,0
09/24/2021,ALAMOSA,2,7,0,0,9,0,1781,311,49,2,2092,51,9,0
09/25/2021,ALAMOSA,2,2,0,0,4,0,1783,313,49,2,2096,51,4,0
09/26/2021,ALAMOSA,1,5,0,0,6,0,1788,314,49,2,2102,51,6,0
09/27/2021,ALAMOSA,12,8,0,0,20,0,1796,326,49,2,2122,51,20,0
09/28/2021,ALAMOSA,9,9,0,0,18,0,1805,335,49,2,2140,51,18,0
09/29/2021,ALAMOSA,9,11,0,0,20,0,1816,344,49,2,2160,51,20,0
09/30/2021,ALAMOSA,3,6,1,0,9,1,1822,347,49,3,2169,52,9,1
10/01/2021,ALAMOSA,7,9,0,0,16,0,1831,354,49,3,2185,52,16,0
10/02/2021,ALAMOSA,1,11,0,0,12,0,1842,355,49,3,2197,52,12,0
10/03/2021,ALAMOSA,0,2,0,0,2,0,1844,355,49,3,2199,52,2,0
10/04/2021,ALAMOSA,12,7,0,0,19,0,1851,367,49,3,2218,52,19,0
10/05/2021,ALAMOSA,6,8,0,0,14,0,1859,373,49,3,2232,52,14,0
10/06/2021,ALAMOSA,5,4,0,0,9,0,1863,378,49,3,2241,52,9,0
10/07/2021,ALAMOSA,4,21,0,0,25,0,1884,382,49,3,2266,52,25,0
10/08/2021,ALAMOSA,3,7,0,0,10,0,1891,385,49,3,2276,52,10,0
10/09/2021,ALAMOSA,5,7,0,1,12,1,1898,390,50,3,2288,53,12,1
10/10/2021,ALAMOSA,2,3,0,0,5,0,1901,392,50,3,2293,53,5,0
10/11/2021,ALAMOSA,8,1,0,0,9,0,1902,400,50,3,2302,53,9,0
10/12/2021,ALAMOSA,8,3,0,0,11,0,1905,408,50,3,2313,53,11,0
10/13/2021,ALAMOSA,7,9,0,0,16,0,1914,415,50,3,2329,53,16,0
10/14/2021,ALAMOSA,5,14,0,0,19,0,1928,420,50,3,2348,53,19,0
10/15/2021,ALAMOSA,1,6,0,0,7,0,1934,421,50,3,2355,53,7,0
10/16/2021,ALAMOSA,6,3,0,0,9,0,1937,427,50,3,2364,53,9,0
10/17/2021,ALAMOSA,1,1,0,0,2,0,1938,428,50,3,2366,53,2,0
10/18/2021,ALAMOSA,7,5,0,0,12,0,1943,435,50,3,2378,53,12,0
10/19/2021,ALAMOSA,7,8,0,0,15,0,1951,442,50,3,2393,53,15,0
10/20/2021,ALAMOSA,0,12,0,0,12,0,1963,442,50,3,2405,53,12,0
10/21/2021,ALAMOSA,6,9,0,0,15,0,1972,448,50,3,2420,53,15,0
10/22/2021,ALAMOSA,0,4,0,0,4,0,1976,448,50,3,2424,53,4,0
10/23/2021,ALAMOSA,0,5,0,0,5,0,1981,448,50,3,2429,53,5,0
10/24/2021,ALAMOSA,0,4,0,0,4,0,1985,448,50,3,2433,53,4,0
10/25/2021,ALAMOSA,5,3,0,0,8,0,1988,453,50,3,2441,53,8,0
10/26/2021,ALAMOSA,6,13,0,0,19,0,2001,459,50,3,2460,53,19,0
10/27/2021,ALAMOSA,6,13,0,1,19,1,2014,465,51,3,2479,54,19,1
10/28/2021,ALAMOSA,12,6,0,0,18,0,2020,477,51,3,2497,54,18,0
10/29/2021,ALAMOSA,5,9,1,0,14,1,2029,482,51,4,2511,55,14,1
10/30/2021,ALAMOSA,3,9,0,0,12,0,2038,485,51,4,2523,55,12,0
10/31/2021,ALAMOSA,0,3,0,0,3,0,2041,485,51,4,2526,55,3,0
11/01/2021,ALAMOSA,16,3,0,0,19,0,2044,501,51,4,2545,55,19,0
11/02/2021,ALAMOSA,20,9,0,0,29,0,2053,521,51,4,2574,55,29,0
11/03/2021,ALAMOSA,3,7,0,0,10,0,2060,524,51,4,2584,55,10,0
11/04/2021,ALAMOSA,9,12,0,0,21,0,2072,533,51,4,2605,55,21,0
11/05/2021,ALAMOSA,5,7,0,0,12,0,2079,538,51,4,2617,55,12,0
11/06/2021,ALAMOSA,3,6,0,0,9,0,2085,541,51,4,2626,55,9,0
11/07/2021,ALAMOSA,1,5,0,0,6,0,2090,542,51,4,2632,55,6,0
11/08/2021,ALAMOSA,5,8,0,0,13,0,2098,547,51,4,2645,55,13,0
11/09/2021,ALAMOSA,8,11,0,0,19,0,2109,555,51,4,2664,55,19,0
11/10/2021,ALAMOSA,6,9,0,0,15,0,2118,561,51,4,2679,55,15,0
11/11/2021,ALAMOSA,3,5,0,0,8,0,2123,564,51,4,2687,55,8,0
11/12/2021,ALAMOSA,4,29,0,1,33,1,2152,568,52,4,2720,56,33,1
11/13/2021,ALAMOSA,0,5,0,0,5,0,2157,568,52,4,2725,56,5,0
11/14/2021,ALAMOSA,0,6,0,0,6,0,2163,568,52,4,2731,56,6,0
11/15/2021,ALAMOSA,8,14,0,1,22,1,2177,576,53,4,2753,57,22,1
11/16/2021,ALAMOSA,4,7,0,0,11,0,2184,580,53,4,2764,57,11,0
11/17/2021,ALAMOSA,5,10,0,0,15,0,2194,585,53,4,2779,57,15,0
11/18/2021,ALAMOSA,10,14,0,0,24,0,2208,595,53,4,2803,57,24,0
11/19/2021,ALAMOSA,2,9,0,0,11,0,2217,597,53,4,2814,57,11,0
11/20/2021,ALAMOSA,3,7,0,0,10,0,2224,600,53,4,2824,57,10,0
11/21/2021,ALAMOSA,0,13,0,0,13,0,2237,600,53,4,2837,57,13,0
11/22/2021,ALAMOSA,1,13,0,1,14,1,2250,601,54,4,2851,58,14,1
11/23/2021,ALAMOSA,2,10,0,1,12,1,2260,603,55,4,2863,59,12,1
11/24/2021,ALAMOSA,0,7,0,1,7,1,2267,603,56,4,2870,60,7,1
11/25/2021,ALAMOSA,0,2,0,0,2,0,2269,603,56,4,2872,60,2,0
11/26/2021,ALAMOSA,0,4,0,0,4,0,2273,603,56,4,2876,60,4,0
11/27/2021,ALAMOSA,0,13,0,1,13,1,2286,603,57,4,2889,61,13,1
11/28/2021,ALAMOSA,0,9,0,0,9,0,2295,603,57,4,2898,61,9,0
11/29/2021,ALAMOSA,5,14,0,0,19,0,2309,608,57,4,2917,61,19,0
11/30/2021,ALAMOSA,4,7,0,1,11,1,2316,612,58,4,2928,62,11,1
12/01/2021,ALAMOSA,5,11,0,0,16,0,2327,617,58,4,2944,62,16,0
12/02/2021,ALAMOSA,2,5,0,0,7,0,2332,619,58,4,2951,62,7,0
12/03/2021,ALAMOSA,4,6,0,0,10,0,2338,623,58,4,2961,62,10,0
12/04/2021,ALAMOSA,0,2,0,0,2,0,2340,623,58,4,2963,62,2,0
12/05/2021,ALAMOSA,0,1,0,0,1,0,2341,623,58,4,2964,62,1,0
12/06/2021,ALAMOSA,0,11,0,0,11,0,2352,623,58,4,2975,62,11,0
12/07/2021,ALAMOSA,1,9,0,0,10,0,2361,624,58,4,2985,62,10,0
12/08/2021,ALAMOSA,3,5,0,1,8,1,2366,627,59,4,2993,63,8,1
12/09/2021,ALAMOSA,1,10,0,0,11,0,2376,628,59,4,3004,63,11,0
12/10/2021,ALAMOSA,0,5,0,1,5,1,2381,628,60,4,3009,64,5,1
12/11/2021,ALAMOSA,0,2,0,0,2,0,2383,628,60,4,3011,64,2,0
12/12/2021,ALAMOSA,0,1,0,0,1,0,2384,628,60,4,3012,64,1,0
12/13/2021,ALAMOSA,1,1,0,0,2,0,2385,629,60,4,3014,64,2,0
12/14/2021,ALAMOSA,0,2,0,0,2,0,2387,629,60,4,3016,64,2,0
12/15/2021,ALAMOSA,1,2,0,0,3,0,2389,630,60,4,3019,64,3,0
12/16/2021,ALAMOSA,0,5,0,0,5,0,2394,630,60,4,3024,64,5,0
12/17/2021,ALAMOSA,1,3,0,1,4,1,2397,631,61,4,3028,65,4,1
12/18/2021,ALAMOSA,0,6,0,0,6,0,2403,631,61,4,3034,65,6,0
12/20/2021,ALAMOSA,1,5,0,0,6,0,2408,632,61,4,3040,65,6,0
12/21/2021,ALAMOSA,1,8,0,1,9,1,2416,633,62,4,3049,66,9,1
12/22/2021,ALAMOSA,2,6,0,0,8,0,2422,635,62,4,3057,66,8,0
12/23/2021,ALAMOSA,2,7,0,0,9,0,2429,637,62,4,3066,66,9,0
12/24/2021,ALAMOSA,0,3,0,0,3,0,2432,637,62,4,3069,66,3,0
12/26/2021,ALAMOSA,0,4,0,0,4,0,2436,637,62,4,3073,66,4,0
12/27/2021,ALAMOSA,0,7,0,0,7,0,2443,637,62,4,3080,66,7,0
12/28/2021,ALAMOSA,2,12,0,0,14,0,2455,639,62,4,3094,66,14,0
12/29/2021,ALAMOSA,0,4,0,0,4,0,2459,639,62,4,3098,66,4,0
12/30/2021,ALAMOSA,4,8,0,0,12,0,2467,643,62,4,3110,66,12,0
12/31/2021,ALAMOSA,0,10,0,0,10,0,2477,643,62,4,3120,66,10,0
01/01/2022,ALAMOSA,0,1,0,0,1,0,2478,643,62,4,3121,66,1,0
01/03/2022,ALAMOSA,18,20,0,0,38,0,2498,661,62,4,3159,66,38,0
01/04/2022,ALAMOSA,5,30,0,0,35,0,2528,666,62,4,3194,66,35,0
01/05/2022,ALAMOSA,4,15,0,0,19,0,2543,670,62,4,3213,66,19,0
01/06/2022,ALAMOSA,6,19,0,0,25,0,2562,676,62,4,3238,66,25,0
01/07/2022,ALAMOSA,2,12,0,0,14,0,2574,678,62,4,3252,66,14,0
01/08/2022,ALAMOSA,0,17,0,0,17,0,2591,678,62,4,3269,66,17,0
01/09/2022,ALAMOSA,0,12,0,0,12,0,2603,678,62,4,3281,66,12,0
01/10/2022,ALAMOSA,8,28,0,0,36,0,2631,686,62,4,3317,66,36,0
01/11/2022,ALAMOSA,14,44,0,0,58,0,2675,700,62,4,3375,66,58,0
01/12/2022,ALAMOSA,19,46,0,0,65,0,2721,719,62,4,3440,66,65,0
01/13/2022,ALAMOSA,5,18,0,0,23,0,2739,724,62,4,3463,66,23,0
01/14/2022,ALAMOSA,11,28,0,0,39,0,2767,735,62,4,3502,66,39,0
01/15/2022,ALAMOSA,3,36,0,0,39,0,2803,738,62,4,3541,66,39,0
01/16/2022,ALAMOSA,0,25,0,0,25,0,2828,738,62,4,3566,66,25,0
01/17/2022,ALAMOSA,2,18,0,0,20,0,2846,740,62,4,3586,66,20,0
01/18/2022,ALAMOSA,11,40,0,0,51,0,2886,751,62,4,3637,66,51,0
01/19/2022,ALAMOSA,11,54,0,0,65,0,2940,762,62,4,3702,66,65,0
01/20/2022,ALAMOSA,11,42,0,0,53,0,2982,773,62,4,3755,66,53,0
01/21/2022,ALAMOSA,11,59,0,0,70,0,3041,784,62,4,3825,66,70,0
01/22/2022,ALAMOSA,1,52,0,0,53,0,3093,785,62,4,3878,66,53,0
01/23/2022,ALAMOSA,1,19,0,0,20,0,3112,786,62,4,3898,66,20,0
01/24/2022,ALAMOSA,15,26,0,0,41,0,3138,801,62,4,3939,66,41,0
01/25/2022,ALAMOSA,10,31,0,0,41,0,3169,811,62,4,3980,66,41,0
01/26/2022,ALAMOSA,9,46,0,0,55,0,3215,820,62,4,4035,66,55,0
01/27/2022,ALAMOSA,8,23,0,0,31,0,3238,828,62,4,4066,66,31,0
01/28/2022,ALAMOSA,1,36,0,0,37,0,3274,829,62,4,4103,66,37,0
01/29/2022,ALAMOSA,3,28,0,0,31,0,3302,832,62,4,4134,66,31,0
01/30/2022,ALAMOSA,0,10,0,0,10,0,3312,832,62,4,4144,66,10,0
01/31/2022,ALAMOSA,14,29,0,0,43,0,3341,846,62,4,4187,66,43,0
02/01/2022,ALAMOSA,4,22,0,1,26,1,3363,850,63,4,4213,67,26,1
02/02/2022,ALAMOSA,7,20,0,0,27,0,3383,857,63,4,4240,67,27,0
02/03/2022,ALAMOSA,6,13,0,0,19,0,3396,863,63,4,4259,67,19,0
02/04/2022,ALAMOSA,3,17,0,1,20,1,3413,866,64,4,4279,68,20,1
02/05/2022,ALAMOSA,2,11,0,0,13,0,3424,868,64,4,4292,68,13,0
02/06/2022,ALAMOSA,0,1,0,0,1,0,3425,868,64,4,4293,68,1,0
02/07/2022,ALAMOSA,8,14,0,0,22,0,3439,876,64,4,4315,68,22,0
02/08/2022,ALAMOSA,2,6,0,0,8,0,3445,878,64,4,4323,68,8,0
02/09/2022,ALAMOSA,3,18,0,0,21,0,3463,881,64,4,4344,68,21,0
02/10/2022,ALAMOSA,2,13,0,0,15,0,3476,883,64,4,4359,68,15,0
02/11/2022,ALAMOSA,1,5,0,0,6,0,3481,884,64,4,4365,68,6,0
02/12/2022,ALAMOSA,0,5,0,0,5,0,3486,884,64,4,4370,68,5,0
02/13/2022,ALAMOSA,0,2,0,0,2,0,3488,884,64,4,4372,68,2,0
02/14/2022,ALAMOSA,0,3,0,0,3,0,3491,884,64,4,4375,68,3,0
02/15/2022,ALAMOSA,4,5,0,0,9,0,3496,888,64,4,4384,68,9,0
02/16/2022,ALAMOSA,0,10,0,0,10,0,3506,888,64,4,4394,68,10,0
02/17/2022,ALAMOSA,1,3,0,0,4,0,3509,889,64,4,4398,68,4,0
02/18/2022,ALAMOSA,1,5,0,0,6,0,3514,890,64,4,4404,68,6,0
02/19/2022,ALAMOSA,0,1,0,0,1,0,3515,890,64,4,4405,68,1,0
02/20/2022,ALAMOSA,0,2,0,0,2,0,3517,890,64,4,4407,68,2,0
02/21/2022,ALAMOSA,1,1,0,0,2,0,3518,891,64,4,4409,68,2,0
02/22/2022,ALAMOSA,1,12,0,0,13,0,3530,892,64,4,4422,68,13,0
02/23/2022,ALAMOSA,2,8,0,0,10,0,3538,894,64,4,4432,68,10,0
02/24/2022,ALAMOSA,0,1,0,0,1,0,3539,894,64,4,4433,68,1,0
02/25/2022,ALAMOSA,0,4,0,0,4,0,3543,894,64,4,4437,68,4,0
02/26/2022,ALAMOSA,0,5,0,0,5,0,3548,894,64,4,4442,68,5,0
02/27/2022,ALAMOSA,0,1,0,0,1,0,3549,894,64,4,4443,68,1,0
02/28/2022,ALAMOSA,2,5,0,0,7,0,3554,896,64,4,4450,68,7,0
03/01/2022,ALAMOSA,1,2,0,0,3,0,3556,897,64,4,4453,68,3,0
03/02/2022,ALAMOSA,0,6,0,0,6,0,3562,897,64,4,4459,68,6,0
03/03/2022,ALAMOSA,2,3,0,0,5,0,3565,899,64,4,4464,68,5,0
03/05/2022,ALAMOSA,0,1,0,0,1,0,3566,899,64,4,4465,68,1,0
03/06/2022,ALAMOSA,1,0,0,0,1,0,3566,900,64,4,4466,68,1,0
03/07/2022,ALAMOSA,2,1,0,0,3,0,3567,902,64,4,4469,68,3,0
03/08/2022,ALAMOSA,2,2,0,0,4,0,3569,904,64,4,4473,68,4,0
03/09/2022,ALAMOSA,0,1,0,0,1,0,3570,904,64,4,4474,68,1,0
03/10/2022,ALAMOSA,0,1,0,0,1,0,3571,904,64,4,4475,68,1,0
03/11/2022,ALAMOSA,1,1,0,0,2,0,3572,905,64,4,4477,68,2,0
03/12/2022,ALAMOSA,0,3,0,0,3,0,3575,905,64,4,4480,68,3,0
03/14/2022,ALAMOSA,1,0,0,0,1,0,3575,906,64,4,4481,68,1,0
03/16/2022,ALAMOSA,0,1,0,0,1,0,3576,906,64,4,4482,68,1,0
03/18/2022,ALAMOSA,0,1,0,0,1,0,3577,906,64,4,4483,68,1,0
03/07/2020,ARAPAHOE,2,0,0,0,2,0,0,2,0,0,2,0,-4481,-68
03/08/2020,ARAPAHOE,1,0,0,0,1,0,0,3,0,0,3,0,1,0
03/09/2020,ARAPAHOE,0,1,0,0,1,0,1,3,0,0,4,0,1,0
03/10/2020,ARAPAHOE,0,1,0,0,1,0,2,3,0,0,5,0,1,0
03/11/2020,ARAPAHOE,1,1,0,0,2,0,3,4,0,0,7,0,2,0
03/12/2020,ARAPAHOE,1,0,0,0,1,0,3,5,0,0,8,0,1,0
03/13/2020,ARAPAHOE,1,2,0,0,3,0,5,6,0,0,11,0,3,0
03/14/2020,ARAPAHOE,0,4,0,0,4,0,9,6,0,0,15,0,4,0
03/15/2020,ARAPAHOE,1,3,0,0,4,0,12,7,0,0,19,0,4,0
03/16/2020,ARAPAHOE,0,3,0,0,3,0,15,7,0,0,22,0,3,0
03/17/2020,ARAPAHOE,0,2,0,0,2,0,17,7,0,0,24,0,2,0
03/18/2020,ARAPAHOE,1,1,0,0,2,0,18,8,0,0,26,0,2,0
03/19/2020,ARAPAHOE,1,10,0,0,11,0,28,9,0,0,37,0,11,0
03/20/2020,ARAPAHOE,0,9,0,0,9,0,37,9,0,0,46,0,9,0
03/21/2020,ARAPAHOE,1,5,0,0,6,0,42,10,0,0,52,0,6,0
03/22/2020,ARAPAHOE,0,14,0,1,14,1,56,10,1,0,66,1,14,1
03/23/2020,ARAPAHOE,2,12,0,3,14,3,68,12,4,0,80,4,14,3
03/24/2020,ARAPAHOE,1,21,1,0,22,1,89,13,4,1,102,5,22,1
03/25/2020,ARAPAHOE,1,36,0,3,37,3,125,14,7,1,139,8,37,3
03/26/2020,ARAPAHOE,0,39,0,2,39,2,164,14,9,1,178,10,39,2
03/27/2020,ARAPAHOE,1,54,0,5,55,5,218,15,14,1,233,15,55,5
03/28/2020,ARAPAHOE,1,40,0,3,41,3,258,16,17,1,274,18,41,3
03/29/2020,ARAPAHOE,1,49,0,3,50,3,307,17,20,1,324,21,50,3
03/30/2020,ARAPAHOE,2,35,1,5,37,6,342,19,25,2,361,27,37,6
03/31/2020,ARAPAHOE,1,50,0,8,51,8,392,20,33,2,412,35,51,8
04/01/2020,ARAPAHOE,2,62,0,8,64,8,454,22,41,2,476,43,64,8
04/02/2020,ARAPAHOE,2,62,0,10,64,10,516,24,51,2,540,53,64,10
04/03/2020,ARAPAHOE,1,64,0,4,65,4,580,25,55,2,605,57,65,4
04/04/2020,ARAPAHOE,1,64,0,4,65,4,644,26,59,2,670,61,65,4
04/05/2020,ARAPAHOE,2,47,0,14,49,14,691,28,73,2,719,75,49,14
04/06/2020,ARAPAHOE,2,57,1,13,59,14,748,30,86,3,778,89,59,14
04/07/2020,ARAPAHOE,2,57,0,6,59,6,805,32,92,3,837,95,59,6
04/08/2020,ARAPAHOE,4,100,0,16,104,16,905,36,108,3,941,111,104,16
04/09/2020,ARAPAHOE,3,53,1,9,56,10,958,39,117,4,997,121,56,10
04/10/2020,ARAPAHOE,2,84,0,11,86,11,1042,41,128,4,1083,132,86,11
04/11/2020,ARAPAHOE,6,86,5,11,92,16,1128,47,139,9,1175,148,92,16
04/12/2020,ARAPAHOE,0,51,0,10,51,10,1179,47,149,9,1226,158,51,10
04/13/2020,ARAPAHOE,3,31,2,2,34,4,1210,50,151,11,1260,162,34,4
04/14/2020,ARAPAHOE,6,63,2,4,69,6,1273,56,155,13,1329,168,69,6
04/15/2020,ARAPAHOE,5,93,1,26,98,27,1366,61,181,14,1427,195,98,27
04/16/2020,ARAPAHOE,8,73,0,11,81,11,1439,69,192,14,1508,206,81,11
04/17/2020,ARAPAHOE,6,91,0,16,97,16,1530,75,208,14,1605,222,97,16
04/18/2020,ARAPAHOE,4,32,0,7,36,7,1562,79,215,14,1641,229,36,7
04/19/2020,ARAPAHOE,2,48,0,12,50,12,1610,81,227,14,1691,241,50,12
04/20/2020,ARAPAHOE,11,47,1,8,58,9,1657,92,235,15,1749,250,58,9
04/21/2020,ARAPAHOE,7,63,5,15,70,20,1720,99,250,20,1819,270,70,20
04/22/2020,ARAPAHOE,32,75,8,14,107,22,1795,131,264,28,1926,292,107,22
04/23/2020,ARAPAHOE,26,184,18,21,210,39,1979,157,285,46,2136,331,210,39
04/24/2020,ARAPAHOE,4,63,0,8,67,8,2042,161,293,46,2203,339,67,8
04/25/2020,ARAPAHOE,5,79,0,12,84,12,2121,166,305,46,2287,351,84,12
04/26/2020,ARAPAHOE,9,90,0,10,99,10,2211,175,315,46,2386,361,99,10
04/27/2020,ARAPAHOE,4,75,0,12,79,12,2286,179,327,46,2465,373,79,12
04/28/2020,ARAPAHOE,3,79,0,9,82,9,2365,182,336,46,2547,382,82,9
04/29/2020,ARAPAHOE,1,191,0,6,192,6,2556,183,342,46,2739,388,192,6
04/30/2020,ARAPAHOE,3,69,0,6,72,6,2625,186,348,46,2811,394,72,6
05/01/2020,ARAPAHOE,1,76,0,8,77,8,2701,187,356,46,2888,402,77,8
05/02/2020,ARAPAHOE,2,84,1,8,86,9,2785,189,364,47,2974,411,86,9
05/03/2020,ARAPAHOE,2,38,0,1,40,1,2823,191,365,47,3014,412,40,1
05/04/2020,ARAPAHOE,1,63,0,5,64,5,2886,192,370,47,3078,417,64,5
05/05/2020,ARAPAHOE,8,59,3,5,67,8,2945,200,375,50,3145,425,67,8
05/06/2020,ARAPAHOE,6,80,4,3,86,7,3025,206,378,54,3231,432,86,7
05/07/2020,ARAPAHOE,3,51,2,2,54,4,3076,209,380,56,3285,436,54,4
05/08/2020,ARAPAHOE,0,90,0,9,90,9,3166,209,389,56,3375,445,90,9
05/09/2020,ARAPAHOE,1,48,1,6,49,7,3214,210,395,57,3424,452,49,7
05/10/2020,ARAPAHOE,1,35,0,4,36,4,3249,211,399,57,3460,456,36,4
05/11/2020,ARAPAHOE,6,49,2,3,55,5,3298,217,402,59,3515,461,55,5
05/12/2020,ARAPAHOE,20,72,11,6,92,17,3370,237,408,70,3607,478,92,17
05/13/2020,ARAPAHOE,3,70,3,0,73,3,3440,240,408,73,3680,481,73,3
05/14/2020,ARAPAHOE,7,61,5,3,68,8,3501,247,411,78,3748,489,68,8
05/15/2020,ARAPAHOE,8,74,8,5,82,13,3575,255,416,86,3830,502,82,13
05/16/2020,ARAPAHOE,9,62,8,1,71,9,3637,264,417,94,3901,511,71,9
05/17/2020,ARAPAHOE,2,54,0,0,56,0,3691,266,417,94,3957,511,56,0
05/18/2020,ARAPAHOE,4,60,0,4,64,4,3751,270,421,94,4021,515,64,4
05/19/2020,ARAPAHOE,5,54,4,3,59,7,3805,275,424,98,4080,522,59,7
05/20/2020,ARAPAHOE,2,46,0,5,48,5,3851,277,429,98,4128,527,48,5
05/21/2020,ARAPAHOE,1,35,0,6,36,6,3886,278,435,98,4164,533,36,6
05/22/2020,ARAPAHOE,1,60,0,2,61,2,3946,279,437,98,4225,535,61,2
05/23/2020,ARAPAHOE,1,20,0,3,21,3,3966,280,440,98,4246,538,21,3
05/24/2020,ARAPAHOE,0,38,0,2,38,2,4004,280,442,98,4284,540,38,2
05/25/2020,ARAPAHOE,0,38,0,0,38,0,4042,280,442,98,4322,540,38,0
05/26/2020,ARAPAHOE,11,28,8,3,39,11,4070,291,445,106,4361,551,39,11
05/27/2020,ARAPAHOE,2,35,0,2,37,2,4105,293,447,106,4398,553,37,2
05/28/2020,ARAPAHOE,2,40,0,2,42,2,4145,295,449,106,4440,555,42,2
05/29/2020,ARAPAHOE,1,99,0,3,100,3,4244,296,452,106,4540,558,100,3
05/30/2020,ARAPAHOE,0,42,0,3,42,3,4286,296,455,106,4582,561,42,3
05/31/2020,ARAPAHOE,0,23,0,1,23,1,4309,296,456,106,4605,562,23,1
06/01/2020,ARAPAHOE,0,36,0,6,36,6,4345,296,462,106,4641,568,36,6
06/02/2020,ARAPAHOE,1,39,0,0,40,0,4384,297,462,106,4681,568,40,0
06/03/2020,ARAPAHOE,5,58,3,1,63,4,4442,302,463,109,4744,572,63,4
06/04/2020,ARAPAHOE,1,40,1,0,41,1,4482,303,463,110,4785,573,41,1
06/05/2020,ARAPAHOE,2,34,0,2,36,2,4516,305,465,110,4821,575,36,2
06/06/2020,ARAPAHOE,0,15,0,0,15,0,4531,305,465,110,4836,575,15,0
06/07/2020,ARAPAHOE,0,14,0,0,14,0,4545,305,465,110,4850,575,14,0
06/08/2020,ARAPAHOE,2,21,1,1,23,2,4566,307,466,111,4873,577,23,2
06/09/2020,ARAPAHOE,0,11,0,0,11,0,4577,307,466,111,4884,577,11,0
06/10/2020,ARAPAHOE,3,11,0,0,14,0,4588,310,466,111,4898,577,14,0
06/11/2020,ARAPAHOE,2,43,0,1,45,1,4631,312,467,111,4943,578,45,1
06/12/2020,ARAPAHOE,0,33,0,0,33,0,4664,312,467,111,4976,578,33,0
06/13/2020,ARAPAHOE,0,16,0,2,16,2,4680,312,469,111,4992,580,16,2
06/14/2020,ARAPAHOE,0,13,0,0,13,0,4693,312,469,111,5005,580,13,0
06/15/2020,ARAPAHOE,0,12,0,0,12,0,4705,312,469,111,5017,580,12,0
06/16/2020,ARAPAHOE,1,31,0,2,32,2,4736,313,471,111,5049,582,32,2
06/17/2020,ARAPAHOE,1,27,1,0,28,1,4763,314,471,112,5077,583,28,1
06/18/2020,ARAPAHOE,1,33,0,0,34,0,4796,315,471,112,5111,583,34,0
06/19/2020,ARAPAHOE,1,21,0,1,22,1,4817,316,472,112,5133,584,22,1
06/20/2020,ARAPAHOE,1,21,0,1,22,1,4838,317,473,112,5155,585,22,1
06/21/2020,ARAPAHOE,0,31,0,0,31,0,4869,317,473,112,5186,585,31,0
06/22/2020,ARAPAHOE,0,20,0,2,20,2,4889,317,475,112,5206,587,20,2
06/23/2020,ARAPAHOE,0,30,0,0,30,0,4919,317,475,112,5236,587,30,0
06/24/2020,ARAPAHOE,3,33,0,0,36,0,4952,320,475,112,5272,587,36,0
06/25/2020,ARAPAHOE,4,33,0,1,37,1,4985,324,476,112,5309,588,37,1
06/26/2020,ARAPAHOE,5,30,0,1,35,1,5015,329,477,112,5344,589,35,1
06/27/2020,ARAPAHOE,0,32,0,0,32,0,5047,329,477,112,5376,589,32,0
06/28/2020,ARAPAHOE,0,7,0,1,7,1,5054,329,478,112,5383,590,7,1
06/29/2020,ARAPAHOE,0,29,0,0,29,0,5083,329,478,112,5412,590,29,0
06/30/2020,ARAPAHOE,0,31,0,0,31,0,5114,329,478,112,5443,590,31,0
07/01/2020,ARAPAHOE,1,34,0,0,35,0,5148,330,478,112,5478,590,35,0
07/02/2020,ARAPAHOE,0,44,0,0,44,0,5192,330,478,112,5522,590,44,0
07/03/2020,ARAPAHOE,0,37,0,0,37,0,5229,330,478,112,5559,590,37,0
07/04/2020,ARAPAHOE,1,22,0,0,23,0,5251,331,478,112,5582,590,23,0
07/05/2020,ARAPAHOE,0,15,0,0,15,0,5266,331,478,112,5597,590,15,0
07/06/2020,ARAPAHOE,0,52,0,1,52,1,5318,331,479,112,5649,591,52,1
07/07/2020,ARAPAHOE,1,36,0,0,37,0,5354,332,479,112,5686,591,37,0
07/08/2020,ARAPAHOE,1,50,1,0,51,1,5404,333,479,113,5737,592,51,1
07/09/2020,ARAPAHOE,0,66,0,0,66,0,5470,333,479,113,5803,592,66,0
07/10/2020,ARAPAHOE,3,45,0,0,48,0,5515,336,479,113,5851,592,48,0
07/11/2020,ARAPAHOE,4,25,0,1,29,1,5540,340,480,113,5880,593,29,1
07/12/2020,ARAPAHOE,1,39,0,0,40,0,5579,341,480,113,5920,593,40,0
07/13/2020,ARAPAHOE,1,46,1,0,47,1,5625,342,480,114,5967,594,47,1
07/14/2020,ARAPAHOE,1,48,0,1,49,1,5673,343,481,114,6016,595,49,1
07/15/2020,ARAPAHOE,3,64,0,0,67,0,5737,346,481,114,6083,595,67,0
07/16/2020,ARAPAHOE,3,84,0,0,87,0,5821,349,481,114,6170,595,87,0
07/17/2020,ARAPAHOE,3,69,0,1,72,1,5890,352,482,114,6242,596,72,1
07/18/2020,ARAPAHOE,0,42,0,0,42,0,5932,352,482,114,6284,596,42,0
07/19/2020,ARAPAHOE,3,42,0,1,45,1,5974,355,483,114,6329,597,45,1
07/20/2020,ARAPAHOE,0,83,0,1,83,1,6057,355,484,114,6412,598,83,1
07/21/2020,ARAPAHOE,0,59,0,0,59,0,6116,355,484,114,6471,598,59,0
07/22/2020,ARAPAHOE,3,71,0,0,74,0,6187,358,484,114,6545,598,74,0
07/23/2020,ARAPAHOE,2,100,0,0,102,0,6287,360,484,114,6647,598,102,0
07/24/2020,ARAPAHOE,2,95,0,1,97,1,6382,362,485,114,6744,599,97,1
07/25/2020,ARAPAHOE,3,78,0,0,81,0,6460,365,485,114,6825,599,81,0
07/26/2020,ARAPAHOE,2,22,0,0,24,0,6482,367,485,114,6849,599,24,0
07/27/2020,ARAPAHOE,4,128,1,0,132,1,6610,371,485,115,6981,600,132,1
07/28/2020,ARAPAHOE,1,67,0,0,68,0,6677,372,485,115,7049,600,68,0
07/29/2020,ARAPAHOE,1,57,0,0,58,0,6734,373,485,115,7107,600,58,0
07/30/2020,ARAPAHOE,6,75,0,0,81,0,6809,379,485,115,7188,600,81,0
07/31/2020,ARAPAHOE,6,64,1,1,70,2,6873,385,486,116,7258,602,70,2
08/01/2020,ARAPAHOE,1,74,0,0,75,0,6947,386,486,116,7333,602,75,0
08/02/2020,ARAPAHOE,0,17,0,0,17,0,6964,386,486,116,7350,602,17,0
08/03/2020,ARAPAHOE,5,69,0,0,74,0,7033,391,486,116,7424,602,74,0
08/04/2020,ARAPAHOE,1,58,0,0,59,0,7091,392,486,116,7483,602,59,0
08/05/2020,ARAPAHOE,1,36,0,0,37,0,7127,393,486,116,7520,602,37,0
08/06/2020,ARAPAHOE,2,46,0,0,48,0,7173,395,486,116,7568,602,48,0
08/07/2020,ARAPAHOE,3,40,0,1,43,1,7213,398,487,116,7611,603,43,1
08/08/2020,ARAPAHOE,3,26,0,0,29,0,7239,401,487,116,7640,603,29,0
08/09/2020,ARAPAHOE,4,33,0,0,37,0,7272,405,487,116,7677,603,37,0
08/10/2020,ARAPAHOE,3,32,1,0,35,1,7304,408,487,117,7712,604,35,1
08/11/2020,ARAPAHOE,1,30,0,1,31,1,7334,409,488,117,7743,605,31,1
08/12/2020,ARAPAHOE,5,51,0,0,56,0,7385,414,488,117,7799,605,56,0
08/13/2020,ARAPAHOE,4,40,0,0,44,0,7425,418,488,117,7843,605,44,0
08/14/2020,ARAPAHOE,5,37,0,0,42,0,7462,423,488,117,7885,605,42,0
08/15/2020,ARAPAHOE,1,40,0,0,41,0,7502,424,488,117,7926,605,41,0
08/16/2020,ARAPAHOE,2,19,0,0,21,0,7521,426,488,117,7947,605,21,0
08/17/2020,ARAPAHOE,8,36,0,0,44,0,7557,434,488,117,7991,605,44,0
08/18/2020,ARAPAHOE,3,31,0,0,34,0,7588,437,488,117,8025,605,34,0
08/19/2020,ARAPAHOE,8,25,0,0,33,0,7613,445,488,117,8058,605,33,0
08/20/2020,ARAPAHOE,2,41,0,0,43,0,7654,447,488,117,8101,605,43,0
08/21/2020,ARAPAHOE,2,36,0,0,38,0,7690,449,488,117,8139,605,38,0
08/22/2020,ARAPAHOE,3,44,0,0,47,0,7734,452,488,117,8186,605,47,0
08/23/2020,ARAPAHOE,1,19,0,0,20,0,7753,453,488,117,8206,605,20,0
08/24/2020,ARAPAHOE,3,38,0,0,41,0,7791,456,488,117,8247,605,41,0
08/25/2020,ARAPAHOE,7,21,0,0,28,0,7812,463,488,117,8275,605,28,0
08/26/2020,ARAPAHOE,3,38,0,0,41,0,7850,466,488,117,8316,605,41,0
08/27/2020,ARAPAHOE,5,49,0,1,54,1,7899,471,489,117,8370,606,54,1
08/28/2020,ARAPAHOE,5,37,1,0,42,1,7936,476,489,118,8412,607,42,1
08/29/2020,ARAPAHOE,2,26,0,0,28,0,7962,478,489,118,8440,607,28,0
08/30/2020,ARAPAHOE,2,20,0,0,22,0,7982,480,489,118,8462,607,22,0
08/31/2020,ARAPAHOE,10,37,0,1,47,1,8019,490,490,118,8509,608,47,1
09/01/2020,ARAPAHOE,7,29,0,0,36,0,8048,497,490,118,8545,608,36,0
09/02/2020,ARAPAHOE,2,29,0,0,31,0,8077,499,490,118,8576,608,31,0
09/03/2020,ARAPAHOE,4,34,0,1,38,1,8111,503,491,118,8614,609,38,1
09/04/2020,ARAPAHOE,1,35,0,0,36,0,8146,504,491,118,8650,609,36,0
09/05/2020,ARAPAHOE,2,26,0,0,28,0,8172,506,491,118,8678,609,28,0
09/06/2020,ARAPAHOE,0,19,0,0,19,0,8191,506,491,118,8697,609,19,0
09/07/2020,ARAPAHOE,6,18,0,0,24,0,8209,512,491,118,8721,609,24,0
09/08/2020,ARAPAHOE,4,28,0,0,32,0,8237,516,491,118,8753,609,32,0
09/09/2020,ARAPAHOE,2,26,0,2,28,2,8263,518,493,118,8781,611,28,2
09/10/2020,ARAPAHOE,8,33,0,0,41,0,8296,526,493,118,8822,611,41,0
09/11/2020,ARAPAHOE,4,41,0,0,45,0,8337,530,493,118,8867,611,45,0
09/12/2020,ARAPAHOE,3,44,1,1,47,2,8381,533,494,119,8914,613,47,2
09/13/2020,ARAPAHOE,6,49,0,0,55,0,8430,539,494,119,8969,613,55,0
09/14/2020,ARAPAHOE,11,58,0,0,69,0,8488,550,494,119,9038,613,69,0
09/15/2020,ARAPAHOE,0,25,0,0,25,0,8513,550,494,119,9063,613,25,0
09/16/2020,ARAPAHOE,2,48,0,0,50,0,8561,552,494,119,9113,613,50,0
09/17/2020,ARAPAHOE,2,50,0,0,52,0,8611,554,494,119,9165,613,52,0
09/18/2020,ARAPAHOE,3,43,0,0,46,0,8654,557,494,119,9211,613,46,0
09/19/2020,ARAPAHOE,1,36,0,0,37,0,8690,558,494,119,9248,613,37,0
09/20/2020,ARAPAHOE,1,38,0,0,39,0,8728,559,494,119,9287,613,39,0
09/21/2020,ARAPAHOE,2,65,0,0,67,0,8793,561,494,119,9354,613,67,0
09/22/2020,ARAPAHOE,2,50,0,0,52,0,8843,563,494,119,9406,613,52,0
09/23/2020,ARAPAHOE,10,64,0,0,74,0,8907,573,494,119,9480,613,74,0
09/24/2020,ARAPAHOE,4,64,0,0,68,0,8971,577,494,119,9548,613,68,0
09/25/2020,ARAPAHOE,1,49,0,0,50,0,9020,578,494,119,9598,613,50,0
09/26/2020,ARAPAHOE,1,54,0,0,55,0,9074,579,494,119,9653,613,55,0
09/27/2020,ARAPAHOE,6,66,0,0,72,0,9140,585,494,119,9725,613,72,0
09/28/2020,ARAPAHOE,2,52,0,0,54,0,9192,587,494,119,9779,613,54,0
09/29/2020,ARAPAHOE,5,63,0,0,68,0,9255,592,494,119,9847,613,68,0
09/30/2020,ARAPAHOE,6,61,0,0,67,0,9316,598,494,119,9914,613,67,0
10/01/2020,ARAPAHOE,0,84,0,1,84,1,9400,598,495,119,9998,614,84,1
10/02/2020,ARAPAHOE,3,61,0,0,64,0,9461,601,495,119,10062,614,64,0
10/03/2020,ARAPAHOE,0,54,0,0,54,0,9515,601,495,119,10116,614,54,0
10/04/2020,ARAPAHOE,2,63,0,0,65,0,9578,603,495,119,10181,614,65,0
10/05/2020,ARAPAHOE,5,95,0,0,100,0,9673,608,495,119,10281,614,100,0
10/06/2020,ARAPAHOE,10,64,0,0,74,0,9737,618,495,119,10355,614,74,0
10/07/2020,ARAPAHOE,27,90,0,0,117,0,9827,645,495,119,10472,614,117,0
10/08/2020,ARAPAHOE,10,85,0,0,95,0,9912,655,495,119,10567,614,95,0
10/09/2020,ARAPAHOE,4,131,1,1,135,2,10043,659,496,120,10702,616,135,2
10/10/2020,ARAPAHOE,7,122,0,0,129,0,10165,666,496,120,10831,616,129,0
10/11/2020,ARAPAHOE,10,89,1,0,99,1,10254,676,496,121,10930,617,99,1
10/12/2020,ARAPAHOE,4,154,0,1,158,1,10408,680,497,121,11088,618,158,1
10/13/2020,ARAPAHOE,3,89,0,0,92,0,10497,683,497,121,11180,618,92,0
10/14/2020,ARAPAHOE,8,103,0,0,111,0,10600,691,497,121,11291,618,111,0
10/15/2020,ARAPAHOE,10,112,0,0,122,0,10712,701,497,121,11413,618,122,0
10/16/2020,ARAPAHOE,22,120,0,0,142,0,10832,723,497,121,11555,618,142,0
10/17/2020,ARAPAHOE,4,123,0,0,127,0,10955,727,497,121,11682,618,127,0
10/18/2020,ARAPAHOE,8,113,0,0,121,0,11068,735,497,121,11803,618,121,0
10/19/2020,ARAPAHOE,9,134,0,1,143,1,11202,744,498,121,11946,619,143,1
10/20/2020,ARAPAHOE,6,133,1,3,139,4,11335,750,501,122,12085,623,139,4
10/21/2020,ARAPAHOE,7,140,1,4,147,5,11475,757,505,123,12232,628,147,5
10/22/2020,ARAPAHOE,7,139,1,1,146,2,11614,764,506,124,12378,630,146,2
10/23/2020,ARAPAHOE,11,174,0,2,185,2,11788,775,508,124,12563,632,185,2
10/24/2020,ARAPAHOE,5,200,1,1,205,2,11988,780,509,125,12768,634,205,2
10/25/2020,ARAPAHOE,11,340,0,2,351,2,12328,791,511,125,13119,636,351,2
10/26/2020,ARAPAHOE,27,161,1,1,188,2,12489,818,512,126,13307,638,188,2
10/27/2020,ARAPAHOE,21,156,0,2,177,2,12645,839,514,126,13484,640,177,2
10/28/2020,ARAPAHOE,19,216,0,1,235,1,12861,858,515,126,13719,641,235,1
10/29/2020,ARAPAHOE,16,267,0,0,283,0,13128,874,515,126,14002,641,283,0
10/30/2020,ARAPAHOE,13,329,0,2,342,2,13457,887,517,126,14344,643,342,2
10/31/2020,ARAPAHOE,10,326,0,5,336,5,13783,897,522,126,14680,648,336,5
11/01/2020,ARAPAHOE,6,279,0,0,285,0,14062,903,522,126,14965,648,285,0
11/02/2020,ARAPAHOE,11,307,0,4,318,4,14369,914,526,126,15283,652,318,4
11/03/2020,ARAPAHOE,8,291,0,0,299,0,14660,922,526,126,15582,652,299,0
11/04/2020,ARAPAHOE,13,413,0,5,426,5,15073,935,531,126,16008,657,426,5
11/05/2020,ARAPAHOE,12,434,0,1,446,1,15507,947,532,126,16454,658,446,1
11/06/2020,ARAPAHOE,24,423,0,1,447,1,15930,971,533,126,16901,659,447,1
11/07/2020,ARAPAHOE,9,424,0,3,433,3,16354,980,536,126,17334,662,433,3
11/08/2020,ARAPAHOE,9,464,0,0,473,0,16818,989,536,126,17807,662,473,0
11/09/2020,ARAPAHOE,13,443,0,3,456,3,17261,1002,539,126,18263,665,456,3
11/10/2020,ARAPAHOE,7,420,0,4,427,4,17681,1009,543,126,18690,669,427,4
11/11/2020,ARAPAHOE,30,578,0,1,608,1,18259,1039,544,126,19298,670,608,1
11/12/2020,ARAPAHOE,19,733,0,9,752,9,18992,1058,553,126,20050,679,752,9
11/13/2020,ARAPAHOE,15,505,0,4,520,4,19497,1073,557,126,20570,683,520,4
11/14/2020,ARAPAHOE,8,498,0,4,506,4,19995,1081,561,126,21076,687,506,4
11/15/2020,ARAPAHOE,11,401,0,3,412,3,20396,1092,564,126,21488,690,412,3
11/16/2020,ARAPAHOE,19,476,0,2,495,2,20872,1111,566,126,21983,692,495,2
11/17/2020,ARAPAHOE,17,568,1,3,585,4,21440,1128,569,127,22568,696,585,4
11/18/2020,ARAPAHOE,8,649,0,4,657,4,22089,1136,573,127,23225,700,657,4
11/19/2020,ARAPAHOE,12,555,0,3,567,3,22644,1148,576,127,23792,703,567,3
11/20/2020,ARAPAHOE,36,681,0,3,717,3,23325,1184,579,127,24509,706,717,3
11/21/2020,ARAPAHOE,10,434,0,3,444,3,23759,1194,582,127,24953,709,444,3
11/22/2020,ARAPAHOE,8,434,0,0,442,0,24193,1202,582,127,25395,709,442,0
11/23/2020,ARAPAHOE,25,341,0,3,366,3,24534,1227,585,127,25761,712,366,3
11/24/2020,ARAPAHOE,8,384,0,4,392,4,24918,1235,589,127,26153,716,392,4
11/25/2020,ARAPAHOE,8,678,0,1,686,1,25596,1243,590,127,26839,717,686,1
11/26/2020,ARAPAHOE,6,412,0,7,418,7,26008,1249,597,127,27257,724,418,7
11/27/2020,ARAPAHOE,21,489,0,5,510,5,26497,1270,602,127,27767,729,510,5
11/28/2020,ARAPAHOE,15,423,0,10,438,10,26920,1285,612,127,28205,739,438,10
11/29/2020,ARAPAHOE,9,525,0,5,534,5,27445,1294,617,127,28739,744,534,5
11/30/2020,ARAPAHOE,32,554,0,1,586,1,27999,1326,618,127,29325,745,586,1
12/01/2020,ARAPAHOE,12,348,0,4,360,4,28347,1338,622,127,29685,749,360,4
12/02/2020,ARAPAHOE,17,653,0,8,670,8,29000,1355,630,127,30355,757,670,8
12/03/2020,ARAPAHOE,12,571,1,0,583,1,29571,1367,630,128,30938,758,583,1
12/04/2020,ARAPAHOE,14,563,1,6,577,7,30134,1381,636,129,31515,765,577,7
12/05/2020,ARAPAHOE,15,432,0,4,447,4,30566,1396,640,129,31962,769,447,4
12/06/2020,ARAPAHOE,4,409,0,3,413,3,30975,1400,643,129,32375,772,413,3
12/07/2020,ARAPAHOE,14,429,1,3,443,4,31404,1414,646,130,32818,776,443,4
12/08/2020,ARAPAHOE,11,321,0,5,332,5,31725,1425,651,130,33150,781,332,5
12/09/2020,ARAPAHOE,11,439,0,1,450,1,32164,1436,652,130,33600,782,450,1
12/10/2020,ARAPAHOE,14,477,2,4,491,6,32641,1450,656,132,34091,788,491,6
12/11/2020,ARAPAHOE,12,387,0,4,399,4,33028,1462,660,132,34490,792,399,4
12/12/2020,ARAPAHOE,8,288,1,1,296,2,33316,1470,661,133,34786,794,296,2
12/13/2020,ARAPAHOE,5,368,0,4,373,4,33684,1475,665,133,35159,798,373,4
12/14/2020,ARAPAHOE,11,199,1,2,210,3,33883,1486,667,134,35369,801,210,3
12/15/2020,ARAPAHOE,21,266,0,1,287,1,34149,1507,668,134,35656,802,287,1
12/16/2020,ARAPAHOE,18,328,0,2,346,2,34477,1525,670,134,36002,804,346,2
12/17/2020,ARAPAHOE,13,392,0,2,405,2,34869,1538,672,134,36407,806,405,2
12/18/2020,ARAPAHOE,14,238,0,3,252,3,35107,1552,675,134,36659,809,252,3
12/19/2020,ARAPAHOE,10,237,0,3,247,3,35344,1562,678,134,36906,812,247,3
12/20/2020,ARAPAHOE,6,258,0,3,264,3,35602,1568,681,134,37170,815,264,3
12/21/2020,ARAPAHOE,18,222,1,2,240,3,35824,1586,683,135,37410,818,240,3
12/22/2020,ARAPAHOE,11,236,1,3,247,4,36060,1597,686,136,37657,822,247,4
12/23/2020,ARAPAHOE,11,284,0,2,295,2,36344,1608,688,136,37952,824,295,2
12/24/2020,ARAPAHOE,14,363,0,4,377,4,36707,1622,692,136,38329,828,377,4
12/25/2020,ARAPAHOE,15,130,0,2,145,2,36837,1637,694,136,38474,830,145,2
12/26/2020,ARAPAHOE,6,122,0,1,128,1,36959,1643,695,136,38602,831,128,1
12/27/2020,ARAPAHOE,16,192,0,0,208,0,37151,1659,695,136,38810,831,208,0
12/28/2020,ARAPAHOE,7,105,1,0,112,1,37256,1666,695,137,38922,832,112,1
12/29/2020,ARAPAHOE,5,221,0,0,226,0,37477,1671,695,137,39148,832,226,0
12/30/2020,ARAPAHOE,11,362,0,1,373,1,37839,1682,696,137,39521,833,373,1
12/31/2020,ARAPAHOE,13,301,0,1,314,1,38140,1695,697,137,39835,834,314,1
01/01/2021,ARAPAHOE,4,199,0,0,203,0,38339,1699,697,137,40038,834,203,0
01/02/2021,ARAPAHOE,8,211,0,1,219,1,38550,1707,698,137,40257,835,219,1
01/03/2021,ARAPAHOE,14,217,0,1,231,1,38767,1721,699,137,40488,836,231,1
01/04/2021,ARAPAHOE,6,132,0,3,138,3,38899,1727,702,137,40626,839,138,3
01/05/2021,ARAPAHOE,14,269,0,2,283,2,39168,1741,704,137,40909,841,283,2
01/06/2021,ARAPAHOE,26,378,0,2,404,2,39546,1767,706,137,41313,843,404,2
01/07/2021,ARAPAHOE,16,348,0,5,364,5,39894,1783,711,137,41677,848,364,5
01/08/2021,ARAPAHOE,10,309,0,3,319,3,40203,1793,714,137,41996,851,319,3
01/09/2021,ARAPAHOE,11,253,0,2,264,2,40456,1804,716,137,42260,853,264,2
01/10/2021,ARAPAHOE,6,207,0,1,213,1,40663,1810,717,137,42473,854,213,1
01/11/2021,ARAPAHOE,11,128,0,0,139,0,40791,1821,717,137,42612,854,139,0
01/12/2021,ARAPAHOE,16,262,0,2,278,2,41053,1837,719,137,42890,856,278,2
01/13/2021,ARAPAHOE,45,245,0,4,290,4,41298,1882,723,137,43180,860,290,4
01/14/2021,ARAPAHOE,13,214,0,3,227,3,41512,1895,726,137,43407,863,227,3
01/15/2021,ARAPAHOE,17,209,0,1,226,1,41721,1912,727,137,43633,864,226,1
01/16/2021,ARAPAHOE,12,176,0,2,188,2,41897,1924,729,137,43821,866,188,2
01/17/2021,ARAPAHOE,6,113,0,3,119,3,42010,1930,732,137,43940,869,119,3
01/18/2021,ARAPAHOE,15,147,0,2,162,2,42157,1945,734,137,44102,871,162,2
01/19/2021,ARAPAHOE,15,139,1,1,154,2,42296,1960,735,138,44256,873,154,2
01/20/2021,ARAPAHOE,22,190,0,4,212,4,42486,1982,739,138,44468,877,212,4
01/21/2021,ARAPAHOE,7,222,0,1,229,1,42708,1989,740,138,44697,878,229,1
01/22/2021,ARAPAHOE,10,223,1,1,233,2,42931,1999,741,139,44930,880,233,2
01/23/2021,ARAPAHOE,11,156,0,0,167,0,43087,2010,741,139,45097,880,167,0
01/24/2021,ARAPAHOE,10,138,0,0,148,0,43225,2020,741,139,45245,880,148,0
01/25/2021,ARAPAHOE,15,97,0,4,112,4,43322,2035,745,139,45357,884,112,4
01/26/2021,ARAPAHOE,10,168,0,2,178,2,43490,2045,747,139,45535,886,178,2
01/27/2021,ARAPAHOE,12,158,0,2,170,2,43648,2057,749,139,45705,888,170,2
01/28/2021,ARAPAHOE,6,204,0,0,210,0,43852,2063,749,139,45915,888,210,0
01/29/2021,ARAPAHOE,7,148,0,1,155,1,44000,2070,750,139,46070,889,155,1
01/30/2021,ARAPAHOE,8,132,0,2,140,2,44132,2078,752,139,46210,891,140,2
01/31/2021,ARAPAHOE,8,133,0,0,141,0,44265,2086,752,139,46351,891,141,0
02/01/2021,ARAPAHOE,24,84,0,2,108,2,44349,2110,754,139,46459,893,108,2
02/02/2021,ARAPAHOE,19,135,0,1,154,1,44484,2129,755,139,46613,894,154,1
02/03/2021,ARAPAHOE,13,161,0,1,174,1,44645,2142,756,139,46787,895,174,1
02/04/2021,ARAPAHOE,17,175,1,0,192,1,44820,2159,756,140,46979,896,192,1
02/05/2021,ARAPAHOE,21,168,0,1,189,1,44988,2180,757,140,47168,897,189,1
02/06/2021,ARAPAHOE,11,115,0,0,126,0,45103,2191,757,140,47294,897,126,0
02/07/2021,ARAPAHOE,13,89,0,0,102,0,45192,2204,757,140,47396,897,102,0
02/08/2021,ARAPAHOE,7,74,0,0,81,0,45266,2211,757,140,47477,897,81,0
02/09/2021,ARAPAHOE,5,142,0,1,147,1,45408,2216,758,140,47624,898,147,1
02/10/2021,ARAPAHOE,9,141,1,1,150,2,45549,2225,759,141,47774,900,150,2
02/11/2021,ARAPAHOE,14,145,0,0,159,0,45694,2239,759,141,47933,900,159,0
02/12/2021,ARAPAHOE,11,106,1,0,117,1,45800,2250,759,142,48050,901,117,1
02/13/2021,ARAPAHOE,6,115,0,1,121,1,45915,2256,760,142,48171,902,121,1
02/14/2021,ARAPAHOE,7,64,0,0,71,0,45979,2263,760,142,48242,902,71,0
02/15/2021,ARAPAHOE,14,42,0,0,56,0,46021,2277,760,142,48298,902,56,0
02/16/2021,ARAPAHOE,10,98,0,0,108,0,46119,2287,760,142,48406,902,108,0
02/17/2021,ARAPAHOE,11,105,0,0,116,0,46224,2298,760,142,48522,902,116,0
02/18/2021,ARAPAHOE,14,112,0,2,126,2,46336,2312,762,142,48648,904,126,2
02/19/2021,ARAPAHOE,13,110,0,1,123,1,46446,2325,763,142,48771,905,123,1
02/20/2021,ARAPAHOE,8,102,0,0,110,0,46548,2333,763,142,48881,905,110,0
02/21/2021,ARAPAHOE,8,76,0,0,84,0,46624,2341,763,142,48965,905,84,0
02/22/2021,ARAPAHOE,13,97,0,0,110,0,46721,2354,763,142,49075,905,110,0
02/23/2021,ARAPAHOE,12,135,0,0,147,0,46856,2366,763,142,49222,905,147,0
02/24/2021,ARAPAHOE,12,125,0,0,137,0,46981,2378,763,142,49359,905,137,0
02/25/2021,ARAPAHOE,12,119,0,1,131,1,47100,2390,764,142,49490,906,131,1
02/26/2021,ARAPAHOE,7,112,0,0,119,0,47212,2397,764,142,49609,906,119,0
02/27/2021,ARAPAHOE,3,66,0,1,69,1,47278,2400,765,142,49678,907,69,1
02/28/2021,ARAPAHOE,3,97,0,1,100,1,47375,2403,766,142,49778,908,100,1
03/01/2021,ARAPAHOE,14,71,0,0,85,0,47446,2417,766,142,49863,908,85,0
03/02/2021,ARAPAHOE,11,87,0,0,98,0,47533,2428,766,142,49961,908,98,0
03/03/2021,ARAPAHOE,3,129,0,0,132,0,47662,2431,766,142,50093,908,132,0
03/04/2021,ARAPAHOE,7,118,0,0,125,0,47780,2438,766,142,50218,908,125,0
03/05/2021,ARAPAHOE,10,103,0,0,113,0,47883,2448,766,142,50331,908,113,0
03/06/2021,ARAPAHOE,2,77,0,1,79,1,47960,2450,767,142,50410,909,79,1
03/07/2021,ARAPAHOE,5,59,0,0,64,0,48019,2455,767,142,50474,909,64,0
03/08/2021,ARAPAHOE,14,56,0,1,70,1,48075,2469,768,142,50544,910,70,1
03/09/2021,ARAPAHOE,9,102,0,1,111,1,48177,2478,769,142,50655,911,111,1
03/10/2021,ARAPAHOE,12,102,0,2,114,2,48279,2490,771,142,50769,913,114,2
03/11/2021,ARAPAHOE,22,112,0,0,134,0,48391,2512,771,142,50903,913,134,0
03/12/2021,ARAPAHOE,8,130,0,1,138,1,48521,2520,772,142,51041,914,138,1
03/13/2021,ARAPAHOE,3,122,0,0,125,0,48643,2523,772,142,51166,914,125,0
03/14/2021,ARAPAHOE,1,43,0,0,44,0,48686,2524,772,142,51210,914,44,0
03/15/2021,ARAPAHOE,13,9,0,1,22,1,48695,2537,773,142,51232,915,22,1
03/16/2021,ARAPAHOE,14,40,0,0,54,0,48735,2551,773,142,51286,915,54,0
03/17/2021,ARAPAHOE,8,116,0,0,124,0,48851,2559,773,142,51410,915,124,0
03/18/2021,ARAPAHOE,8,163,0,1,171,1,49014,2567,774,142,51581,916,171,1
03/19/2021,ARAPAHOE,19,129,0,1,148,1,49143,2586,775,142,51729,917,148,1
03/20/2021,ARAPAHOE,14,89,0,0,103,0,49232,2600,775,142,51832,917,103,0
03/21/2021,ARAPAHOE,7,22,0,0,29,0,49254,2607,775,142,51861,917,29,0
03/22/2021,ARAPAHOE,8,121,0,1,129,1,49375,2615,776,142,51990,918,129,1
03/23/2021,ARAPAHOE,25,119,0,1,144,1,49494,2640,777,142,52134,919,144,1
03/24/2021,ARAPAHOE,9,109,1,1,118,2,49603,2649,778,143,52252,921,118,2
03/25/2021,ARAPAHOE,19,126,1,0,145,1,49729,2668,778,144,52397,922,145,1
03/26/2021,ARAPAHOE,14,118,0,0,132,0,49847,2682,778,144,52529,922,132,0
03/27/2021,ARAPAHOE,7,123,0,0,130,0,49970,2689,778,144,52659,922,130,0
03/28/2021,ARAPAHOE,9,80,0,0,89,0,50050,2698,778,144,52748,922,89,0
03/29/2021,ARAPAHOE,14,94,0,0,108,0,50144,2712,778,144,52856,922,108,0
03/30/2021,ARAPAHOE,30,130,4,0,160,4,50274,2742,778,148,53016,926,160,4
03/31/2021,ARAPAHOE,24,141,0,1,165,1,50415,2766,779,148,53181,927,165,1
04/01/2021,ARAPAHOE,10,157,1,2,167,3,50572,2776,781,149,53348,930,167,3
04/02/2021,ARAPAHOE,15,157,0,1,172,1,50729,2791,782,149,53520,931,172,1
04/03/2021,ARAPAHOE,18,159,0,0,177,0,50888,2809,782,149,53697,931,177,0
04/04/2021,ARAPAHOE,11,103,0,1,114,1,50991,2820,783,149,53811,932,114,1
04/05/2021,ARAPAHOE,5,85,0,0,90,0,51076,2825,783,149,53901,932,90,0
04/06/2021,ARAPAHOE,9,212,0,0,221,0,51288,2834,783,149,54122,932,221,0
04/07/2021,ARAPAHOE,28,218,0,1,246,1,51506,2862,784,149,54368,933,246,1
04/08/2021,ARAPAHOE,10,209,1,2,219,3,51715,2872,786,150,54587,936,219,3
04/09/2021,ARAPAHOE,16,171,0,3,187,3,51886,2888,789,150,54774,939,187,3
04/10/2021,ARAPAHOE,8,167,0,0,175,0,52053,2896,789,150,54949,939,175,0
04/11/2021,ARAPAHOE,7,104,0,2,111,2,52157,2903,791,150,55060,941,111,2
04/12/2021,ARAPAHOE,22,149,0,0,171,0,52306,2925,791,150,55231,941,171,0
04/13/2021,ARAPAHOE,14,212,0,0,226,0,52518,2939,791,150,55457,941,226,0
04/14/2021,ARAPAHOE,14,166,0,1,180,1,52684,2953,792,150,55637,942,180,1
04/15/2021,ARAPAHOE,19,241,0,1,260,1,52925,2972,793,150,55897,943,260,1
04/16/2021,ARAPAHOE,12,180,0,0,192,0,53105,2984,793,150,56089,943,192,0
04/17/2021,ARAPAHOE,20,167,0,2,187,2,53272,3004,795,150,56276,945,187,2
04/18/2021,ARAPAHOE,12,91,0,0,103,0,53363,3016,795,150,56379,945,103,0
04/19/2021,ARAPAHOE,11,203,0,2,214,2,53566,3027,797,150,56593,947,214,2
04/20/2021,ARAPAHOE,2,196,0,2,198,2,53762,3029,799,150,56791,949,198,2
04/21/2021,ARAPAHOE,26,311,1,1,337,2,54073,3055,800,151,57128,951,337,2
04/22/2021,ARAPAHOE,14,239,0,1,253,1,54312,3069,801,151,57381,952,253,1
04/23/2021,ARAPAHOE,11,203,1,2,214,3,54515,3080,803,152,57595,955,214,3
04/24/2021,ARAPAHOE,17,235,0,1,252,1,54750,3097,804,152,57847,956,252,1
04/25/2021,ARAPAHOE,9,128,0,1,137,1,54878,3106,805,152,57984,957,137,1
04/26/2021,ARAPAHOE,20,137,0,0,157,0,55015,3126,805,152,58141,957,157,0
04/27/2021,ARAPAHOE,16,160,0,2,176,2,55175,3142,807,152,58317,959,176,2
04/28/2021,ARAPAHOE,22,257,0,1,279,1,55432,3164,808,152,58596,960,279,1
04/29/2021,ARAPAHOE,22,203,0,0,225,0,55635,3186,808,152,58821,960,225,0
04/30/2021,ARAPAHOE,33,238,0,2,271,2,55873,3219,810,152,59092,962,271,2
05/01/2021,ARAPAHOE,11,135,0,0,146,0,56008,3230,810,152,59238,962,146,0
05/02/2021,ARAPAHOE,8,99,0,0,107,0,56107,3238,810,152,59345,962,107,0
05/03/2021,ARAPAHOE,15,111,0,0,126,0,56218,3253,810,152,59471,962,126,0
05/04/2021,ARAPAHOE,22,166,0,0,188,0,56384,3275,810,152,59659,962,188,0
05/05/2021,ARAPAHOE,14,146,1,4,160,5,56530,3289,814,153,59819,967,160,5
05/06/2021,ARAPAHOE,24,121,0,0,145,0,56651,3313,814,153,59964,967,145,0
05/07/2021,ARAPAHOE,22,176,0,0,198,0,56827,3335,814,153,60162,967,198,0
05/08/2021,ARAPAHOE,5,134,0,1,139,1,56961,3340,815,153,60301,968,139,1
05/09/2021,ARAPAHOE,8,103,0,1,111,1,57064,3348,816,153,60412,969,111,1
05/10/2021,ARAPAHOE,21,89,0,0,110,0,57153,3369,816,153,60522,969,110,0
05/11/2021,ARAPAHOE,14,125,0,1,139,1,57278,3383,817,153,60661,970,139,1
05/12/2021,ARAPAHOE,17,222,1,1,239,2,57500,3400,818,154,60900,972,239,2
05/13/2021,ARAPAHOE,12,130,0,0,142,0,57630,3412,818,154,61042,972,142,0
05/14/2021,ARAPAHOE,6,126,0,0,132,0,57756,3418,818,154,61174,972,132,0
05/15/2021,ARAPAHOE,8,89,0,0,97,0,57845,3426,818,154,61271,972,97,0
05/16/2021,ARAPAHOE,2,71,0,1,73,1,57916,3428,819,154,61344,973,73,1
05/17/2021,ARAPAHOE,8,47,0,0,55,0,57963,3436,819,154,61399,973,55,0
05/18/2021,ARAPAHOE,7,107,0,1,114,1,58070,3443,820,154,61513,974,114,1
05/19/2021,ARAPAHOE,4,103,0,0,107,0,58173,3447,820,154,61620,974,107,0
05/20/2021,ARAPAHOE,6,80,0,0,86,0,58253,3453,820,154,61706,974,86,0
05/21/2021,ARAPAHOE,5,66,0,0,71,0,58319,3458,820,154,61777,974,71,0
05/22/2021,ARAPAHOE,1,67,0,0,68,0,58386,3459,820,154,61845,974,68,0
05/23/2021,ARAPAHOE,1,39,0,1,40,1,58425,3460,821,154,61885,975,40,1
05/24/2021,ARAPAHOE,3,111,0,3,114,3,58536,3463,824,154,61999,978,114,3
05/25/2021,ARAPAHOE,2,70,0,1,72,1,58606,3465,825,154,62071,979,72,1
05/26/2021,ARAPAHOE,11,75,0,0,86,0,58681,3476,825,154,62157,979,86,0
05/27/2021,ARAPAHOE,11,72,0,0,83,0,58753,3487,825,154,62240,979,83,0
05/28/2021,ARAPAHOE,6,51,0,0,57,0,58804,3493,825,154,62297,979,57,0
05/29/2021,ARAPAHOE,1,43,0,0,44,0,58847,3494,825,154,62341,979,44,0
05/30/2021,ARAPAHOE,0,24,0,0,24,0,58871,3494,825,154,62365,979,24,0
05/31/2021,ARAPAHOE,7,30,0,0,37,0,58901,3501,825,154,62402,979,37,0
06/01/2021,ARAPAHOE,6,25,0,0,31,0,58926,3507,825,154,62433,979,31,0
06/02/2021,ARAPAHOE,17,52,0,0,69,0,58978,3524,825,154,62502,979,69,0
06/03/2021,ARAPAHOE,1,51,0,0,52,0,59029,3525,825,154,62554,979,52,0
06/04/2021,ARAPAHOE,3,38,0,1,41,1,59067,3528,826,154,62595,980,41,1
06/05/2021,ARAPAHOE,3,24,0,0,27,0,59091,3531,826,154,62622,980,27,0
06/06/2021,ARAPAHOE,2,23,0,0,25,0,59114,3533,826,154,62647,980,25,0
06/07/2021,ARAPAHOE,15,16,0,0,31,0,59130,3548,826,154,62678,980,31,0
06/08/2021,ARAPAHOE,10,27,0,0,37,0,59157,3558,826,154,62715,980,37,0
06/09/2021,ARAPAHOE,11,37,0,1,48,1,59194,3569,827,154,62763,981,48,1
06/10/2021,ARAPAHOE,8,36,0,1,44,1,59230,3577,828,154,62807,982,44,1
06/11/2021,ARAPAHOE,10,56,0,0,66,0,59286,3587,828,154,62873,982,66,0
06/12/2021,ARAPAHOE,4,38,0,1,42,1,59324,3591,829,154,62915,983,42,1
06/13/2021,ARAPAHOE,3,9,1,0,12,1,59333,3594,829,155,62927,984,12,1
06/14/2021,ARAPAHOE,7,43,0,0,50,0,59376,3601,829,155,62977,984,50,0
06/15/2021,ARAPAHOE,0,33,0,0,33,0,59409,3601,829,155,63010,984,33,0
06/16/2021,ARAPAHOE,2,27,0,2,29,2,59436,3603,831,155,63039,986,29,2
06/17/2021,ARAPAHOE,3,16,0,0,19,0,59452,3606,831,155,63058,986,19,0
06/18/2021,ARAPAHOE,2,29,0,0,31,0,59481,3608,831,155,63089,986,31,0
06/19/2021,ARAPAHOE,3,23,0,0,26,0,59504,3611,831,155,63115,986,26,0
06/20/2021,ARAPAHOE,2,24,0,0,26,0,59528,3613,831,155,63141,986,26,0
06/21/2021,ARAPAHOE,3,38,0,0,41,0,59566,3616,831,155,63182,986,41,0
06/22/2021,ARAPAHOE,5,25,0,0,30,0,59591,3621,831,155,63212,986,30,0
06/23/2021,ARAPAHOE,5,31,0,0,36,0,59622,3626,831,155,63248,986,36,0
06/24/2021,ARAPAHOE,11,18,0,1,29,1,59640,3637,832,155,63277,987,29,1
06/25/2021,ARAPAHOE,18,34,0,1,52,1,59674,3655,833,155,63329,988,52,1
06/26/2021,ARAPAHOE,0,18,0,3,18,3,59692,3655,836,155,63347,991,18,3
06/27/2021,ARAPAHOE,1,28,0,0,29,0,59720,3656,836,155,63376,991,29,0
06/28/2021,ARAPAHOE,13,18,1,0,31,1,59738,3669,836,156,63407,992,31,1
06/29/2021,ARAPAHOE,5,39,0,2,44,2,59777,3674,838,156,63451,994,44,2
06/30/2021,ARAPAHOE,10,42,0,2,52,2,59819,3684,840,156,63503,996,52,2
07/01/2021,ARAPAHOE,4,40,0,0,44,0,59859,3688,840,156,63547,996,44,0
07/02/2021,ARAPAHOE,7,28,0,0,35,0,59887,3695,840,156,63582,996,35,0
07/03/2021,ARAPAHOE,1,37,0,0,38,0,59924,3696,840,156,63620,996,38,0
07/04/2021,ARAPAHOE,7,24,0,0,31,0,59948,3703,840,156,63651,996,31,0
07/05/2021,ARAPAHOE,2,11,0,1,13,1,59959,3705,841,156,63664,997,13,1
07/06/2021,ARAPAHOE,5,23,0,0,28,0,59982,3710,841,156,63692,997,28,0
07/07/2021,ARAPAHOE,6,36,0,0,42,0,60018,3716,841,156,63734,997,42,0
07/08/2021,ARAPAHOE,2,31,0,0,33,0,60049,3718,841,156,63767,997,33,0
07/09/2021,ARAPAHOE,5,47,0,1,52,1,60096,3723,842,156,63819,998,52,1
07/10/2021,ARAPAHOE,2,39,0,0,41,0,60135,3725,842,156,63860,998,41,0
07/11/2021,ARAPAHOE,3,26,0,0,29,0,60161,3728,842,156,63889,998,29,0
07/12/2021,ARAPAHOE,2,31,0,0,33,0,60192,3730,842,156,63922,998,33,0
07/13/2021,ARAPAHOE,6,42,0,0,48,0,60234,3736,842,156,63970,998,48,0
07/14/2021,ARAPAHOE,6,42,0,0,48,0,60276,3742,842,156,64018,998,48,0
07/15/2021,ARAPAHOE,6,41,0,0,47,0,60317,3748,842,156,64065,998,47,0
07/16/2021,ARAPAHOE,13,49,2,0,62,2,60366,3761,842,158,64127,1000,62,2
07/17/2021,ARAPAHOE,2,44,0,0,46,0,60410,3763,842,158,64173,1000,46,0
07/18/2021,ARAPAHOE,1,36,0,0,37,0,60446,3764,842,158,64210,1000,37,0
07/19/2021,ARAPAHOE,6,37,0,0,43,0,60483,3770,842,158,64253,1000,43,0
07/20/2021,ARAPAHOE,3,45,0,0,48,0,60528,3773,842,158,64301,1000,48,0
07/21/2021,ARAPAHOE,8,74,0,1,82,1,60602,3781,843,158,64383,1001,82,1
07/22/2021,ARAPAHOE,6,53,0,0,59,0,60655,3787,843,158,64442,1001,59,0
07/23/2021,ARAPAHOE,8,67,0,0,75,0,60722,3795,843,158,64517,1001,75,0
07/24/2021,ARAPAHOE,10,67,0,0,77,0,60789,3805,843,158,64594,1001,77,0
07/25/2021,ARAPAHOE,6,49,0,0,55,0,60838,3811,843,158,64649,1001,55,0
07/26/2021,ARAPAHOE,6,57,0,0,63,0,60895,3817,843,158,64712,1001,63,0
07/27/2021,ARAPAHOE,10,66,0,1,76,1,60961,3827,844,158,64788,1002,76,1
07/28/2021,ARAPAHOE,7,81,0,0,88,0,61042,3834,844,158,64876,1002,88,0
07/29/2021,ARAPAHOE,4,108,0,0,112,0,61150,3838,844,158,64988,1002,112,0
07/30/2021,ARAPAHOE,13,89,0,0,102,0,61239,3851,844,158,65090,1002,102,0
07/31/2021,ARAPAHOE,13,108,0,1,121,1,61347,3864,845,158,65211,1003,121,1
08/01/2021,ARAPAHOE,5,71,0,1,76,1,61418,3869,846,158,65287,1004,76,1
08/02/2021,ARAPAHOE,7,68,0,0,75,0,61486,3876,846,158,65362,1004,75,0
08/03/2021,ARAPAHOE,14,124,0,0,138,0,61610,3890,846,158,65500,1004,138,0
08/04/2021,ARAPAHOE,12,107,0,0,119,0,61717,3902,846,158,65619,1004,119,0
08/05/2021,ARAPAHOE,10,123,0,0,133,0,61840,3912,846,158,65752,1004,133,0
08/06/2021,ARAPAHOE,18,126,0,0,144,0,61966,3930,846,158,65896,1004,144,0
08/07/2021,ARAPAHOE,5,81,0,2,86,2,62047,3935,848,158,65982,1006,86,2
08/08/2021,ARAPAHOE,6,83,0,0,89,0,62130,3941,848,158,66071,1006,89,0
08/09/2021,ARAPAHOE,9,73,0,0,82,0,62203,3950,848,158,66153,1006,82,0
08/10/2021,ARAPAHOE,14,128,0,2,142,2,62331,3964,850,158,66295,1008,142,2
08/11/2021,ARAPAHOE,17,169,0,1,186,1,62500,3981,851,158,66481,1009,186,1
08/12/2021,ARAPAHOE,11,123,0,2,134,2,62623,3992,853,158,66615,1011,134,2
08/13/2021,ARAPAHOE,14,158,0,2,172,2,62781,4006,855,158,66787,1013,172,2
08/14/2021,ARAPAHOE,16,113,0,0,129,0,62894,4022,855,158,66916,1013,129,0
08/15/2021,ARAPAHOE,11,65,0,0,76,0,62959,4033,855,158,66992,1013,76,0
08/16/2021,ARAPAHOE,18,99,0,2,117,2,63058,4051,857,158,67109,1015,117,2
08/17/2021,ARAPAHOE,23,239,0,2,262,2,63297,4074,859,158,67371,1017,262,2
08/18/2021,ARAPAHOE,21,157,0,2,178,2,63454,4095,861,158,67549,1019,178,2
08/19/2021,ARAPAHOE,18,167,0,1,185,1,63621,4113,862,158,67734,1020,185,1
08/20/2021,ARAPAHOE,19,192,0,1,211,1,63813,4132,863,158,67945,1021,211,1
08/21/2021,ARAPAHOE,14,155,0,2,169,2,63968,4146,865,158,68114,1023,169,2
08/22/2021,ARAPAHOE,4,104,0,0,108,0,64072,4150,865,158,68222,1023,108,0
08/23/2021,ARAPAHOE,17,100,0,0,117,0,64172,4167,865,158,68339,1023,117,0
08/24/2021,ARAPAHOE,22,217,0,1,239,1,64389,4189,866,158,68578,1024,239,1
08/25/2021,ARAPAHOE,15,229,0,2,244,2,64618,4204,868,158,68822,1026,244,2
08/26/2021,ARAPAHOE,9,219,0,1,228,1,64837,4213,869,158,69050,1027,228,1
08/27/2021,ARAPAHOE,12,185,0,1,197,1,65022,4225,870,158,69247,1028,197,1
08/28/2021,ARAPAHOE,10,131,0,0,141,0,65153,4235,870,158,69388,1028,141,0
08/29/2021,ARAPAHOE,12,123,0,2,135,2,65276,4247,872,158,69523,1030,135,2
08/30/2021,ARAPAHOE,14,139,0,0,153,0,65415,4261,872,158,69676,1030,153,0
08/31/2021,ARAPAHOE,20,196,0,1,216,1,65611,4281,873,158,69892,1031,216,1
09/01/2021,ARAPAHOE,25,234,1,0,259,1,65845,4306,873,159,70151,1032,259,1
09/02/2021,ARAPAHOE,20,215,0,1,235,1,66060,4326,874,159,70386,1033,235,1
09/03/2021,ARAPAHOE,15,156,0,2,171,2,66216,4341,876,159,70557,1035,171,2
09/04/2021,ARAPAHOE,14,168,0,1,182,1,66384,4355,877,159,70739,1036,182,1
09/05/2021,ARAPAHOE,3,167,0,1,170,1,66551,4358,878,159,70909,1037,170,1
09/06/2021,ARAPAHOE,12,126,0,1,138,1,66677,4370,879,159,71047,1038,138,1
09/07/2021,ARAPAHOE,17,119,0,1,136,1,66796,4387,880,159,71183,1039,136,1
09/08/2021,ARAPAHOE,25,227,0,2,252,2,67023,4412,882,159,71435,1041,252,2
09/09/2021,ARAPAHOE,18,178,1,0,196,1,67201,4430,882,160,71631,1042,196,1
09/10/2021,ARAPAHOE,17,214,0,5,231,5,67415,4447,887,160,71862,1047,231,5
09/11/2021,ARAPAHOE,9,198,0,0,207,0,67613,4456,887,160,72069,1047,207,0
09/12/2021,ARAPAHOE,8,104,0,0,112,0,67717,4464,887,160,72181,1047,112,0
09/13/2021,ARAPAHOE,15,136,0,0,151,0,67853,4479,887,160,72332,1047,151,0
09/14/2021,ARAPAHOE,13,175,0,1,188,1,68028,4492,888,160,72520,1048,188,1
09/15/2021,ARAPAHOE,8,167,0,1,175,1,68195,4500,889,160,72695,1049,175,1
09/16/2021,ARAPAHOE,9,199,0,1,208,1,68394,4509,890,160,72903,1050,208,1
09/17/2021,ARAPAHOE,12,159,0,0,171,0,68553,4521,890,160,73074,1050,171,0
09/18/2021,ARAPAHOE,4,158,0,0,162,0,68711,4525,890,160,73236,1050,162,0
09/19/2021,ARAPAHOE,6,85,0,1,91,1,68796,4531,891,160,73327,1051,91,1
09/20/2021,ARAPAHOE,13,109,0,1,122,1,68905,4544,892,160,73449,1052,122,1
09/21/2021,ARAPAHOE,14,131,0,2,145,2,69036,4558,894,160,73594,1054,145,2
09/22/2021,ARAPAHOE,12,152,0,2,164,2,69188,4570,896,160,73758,1056,164,2
09/23/2021,ARAPAHOE,12,149,0,2,161,2,69337,4582,898,160,73919,1058,161,2
09/24/2021,ARAPAHOE,9,179,0,2,188,2,69516,4591,900,160,74107,1060,188,2
09/25/2021,ARAPAHOE,7,139,0,2,146,2,69655,4598,902,160,74253,1062,146,2
09/26/2021,ARAPAHOE,17,80,1,2,97,3,69735,4615,904,161,74350,1065,97,3
09/27/2021,ARAPAHOE,16,111,0,0,127,0,69846,4631,904,161,74477,1065,127,0
09/28/2021,ARAPAHOE,18,128,0,2,146,2,69974,4649,906,161,74623,1067,146,2
09/29/2021,ARAPAHOE,10,221,0,2,231,2,70195,4659,908,161,74854,1069,231,2
09/30/2021,ARAPAHOE,7,181,0,3,188,3,70376,4666,911,161,75042,1072,188,3
10/01/2021,ARAPAHOE,15,169,0,2,184,2,70545,4681,913,161,75226,1074,184,2
10/02/2021,ARAPAHOE,5,180,0,2,185,2,70725,4686,915,161,75411,1076,185,2
10/03/2021,ARAPAHOE,14,112,0,0,126,0,70837,4700,915,161,75537,1076,126,0
10/04/2021,ARAPAHOE,22,110,1,1,132,2,70947,4722,916,162,75669,1078,132,2
10/05/2021,ARAPAHOE,17,170,0,3,187,3,71117,4739,919,162,75856,1081,187,3
10/06/2021,ARAPAHOE,20,248,0,4,268,4,71365,4759,923,162,76124,1085,268,4
10/07/2021,ARAPAHOE,30,288,0,2,318,2,71653,4789,925,162,76442,1087,318,2
10/08/2021,ARAPAHOE,13,243,0,2,256,2,71896,4802,927,162,76698,1089,256,2
10/09/2021,ARAPAHOE,11,204,0,4,215,4,72100,4813,931,162,76913,1093,215,4
10/10/2021,ARAPAHOE,9,159,0,0,168,0,72259,4822,931,162,77081,1093,168,0
10/11/2021,ARAPAHOE,15,120,0,1,135,1,72379,4837,932,162,77216,1094,135,1
10/12/2021,ARAPAHOE,22,166,0,1,188,1,72545,4859,933,162,77404,1095,188,1
10/13/2021,ARAPAHOE,22,232,1,1,254,2,72777,4881,934,163,77658,1097,254,2
10/14/2021,ARAPAHOE,25,203,0,3,228,3,72980,4906,937,163,77886,1100,228,3
10/15/2021,ARAPAHOE,20,199,0,1,219,1,73179,4926,938,163,78105,1101,219,1
10/16/2021,ARAPAHOE,24,157,0,5,181,5,73336,4950,943,163,78286,1106,181,5
10/17/2021,ARAPAHOE,6,127,0,3,133,3,73463,4956,946,163,78419,1109,133,3
10/18/2021,ARAPAHOE,41,109,0,1,150,1,73572,4997,947,163,78569,1110,150,1
10/19/2021,ARAPAHOE,24,150,0,0,174,0,73722,5021,947,163,78743,1110,174,0
10/20/2021,ARAPAHOE,19,249,0,0,268,0,73971,5040,947,163,79011,1110,268,0
10/21/2021,ARAPAHOE,31,204,0,3,235,3,74175,5071,950,163,79246,1113,235,3
10/22/2021,ARAPAHOE,16,234,0,1,250,1,74409,5087,951,163,79496,1114,250,1
10/23/2021,ARAPAHOE,17,175,0,1,192,1,74584,5104,952,163,79688,1115,192,1
10/24/2021,ARAPAHOE,16,156,0,1,172,1,74740,5120,953,163,79860,1116,172,1
10/25/2021,ARAPAHOE,32,135,1,0,167,1,74875,5152,953,164,80027,1117,167,1
10/26/2021,ARAPAHOE,34,249,0,1,283,1,75124,5186,954,164,80310,1118,283,1
10/27/2021,ARAPAHOE,27,319,0,5,346,5,75443,5213,959,164,80656,1123,346,5
10/28/2021,ARAPAHOE,22,256,1,1,278,2,75699,5235,960,165,80934,1125,278,2
10/29/2021,ARAPAHOE,28,273,0,0,301,0,75972,5263,960,165,81235,1125,301,0
10/30/2021,ARAPAHOE,20,254,0,1,274,1,76226,5283,961,165,81509,1126,274,1
10/31/2021,ARAPAHOE,12,124,0,1,136,1,76350,5295,962,165,81645,1127,136,1
11/01/2021,ARAPAHOE,38,161,0,1,199,1,76511,5333,963,165,81844,1128,199,1
11/02/2021,ARAPAHOE,27,233,0,3,260,3,76744,5360,966,165,82104,1131,260,3
11/03/2021,ARAPAHOE,37,324,1,0,361,1,77068,5397,966,166,82465,1132,361,1
11/04/2021,ARAPAHOE,24,308,0,2,332,2,77376,5421,968,166,82797,1134,332,2
11/05/2021,ARAPAHOE,37,293,1,3,330,4,77669,5458,971,167,83127,1138,330,4
11/06/2021,ARAPAHOE,17,313,0,2,330,2,77982,5475,973,167,83457,1140,330,2
11/07/2021,ARAPAHOE,12,236,0,2,248,2,78218,5487,975,167,83705,1142,248,2
11/08/2021,ARAPAHOE,35,144,0,1,179,1,78362,5522,976,167,83884,1143,179,1
11/09/2021,ARAPAHOE,36,403,0,0,439,0,78765,5558,976,167,84323,1143,439,0
11/10/2021,ARAPAHOE,41,299,0,7,340,7,79064,5599,983,167,84663,1150,340,7
11/11/2021,ARAPAHOE,25,341,0,5,366,5,79405,5624,988,167,85029,1155,366,5
11/12/2021,ARAPAHOE,23,309,0,1,332,1,79714,5647,989,167,85361,1156,332,1
11/13/2021,ARAPAHOE,21,310,0,1,331,1,80024,5668,990,167,85692,1157,331,1
11/14/2021,ARAPAHOE,27,190,0,2,217,2,80214,5695,992,167,85909,1159,217,2
11/15/2021,ARAPAHOE,26,233,0,6,259,6,80447,5721,998,167,86168,1165,259,6
11/16/2021,ARAPAHOE,27,386,1,3,413,4,80833,5748,1001,168,86581,1169,413,4
11/17/2021,ARAPAHOE,21,343,0,3,364,3,81176,5769,1004,168,86945,1172,364,3
11/18/2021,ARAPAHOE,27,331,0,2,358,2,81507,5796,1006,168,87303,1174,358,2
11/19/2021,ARAPAHOE,27,307,0,2,334,2,81814,5823,1008,168,87637,1176,334,2
11/20/2021,ARAPAHOE,10,258,0,3,268,3,82072,5833,1011,168,87905,1179,268,3
11/21/2021,ARAPAHOE,16,174,0,2,190,2,82246,5849,1013,168,88095,1181,190,2
11/22/2021,ARAPAHOE,26,199,0,1,225,1,82445,5875,1014,168,88320,1182,225,1
11/23/2021,ARAPAHOE,30,250,1,2,280,3,82695,5905,1016,169,88600,1185,280,3
11/24/2021,ARAPAHOE,35,263,0,0,298,0,82958,5940,1016,169,88898,1185,298,0
11/25/2021,ARAPAHOE,4,133,0,1,137,1,83091,5944,1017,169,89035,1186,137,1
11/26/2021,ARAPAHOE,21,172,1,2,193,3,83263,5965,1019,170,89228,1189,193,3
11/27/2021,ARAPAHOE,31,283,0,2,314,2,83546,5996,1021,170,89542,1191,314,2
11/28/2021,ARAPAHOE,23,137,0,3,160,3,83683,6019,1024,170,89702,1194,160,3
11/29/2021,ARAPAHOE,35,234,0,0,269,0,83917,6054,1024,170,89971,1194,269,0
11/30/2021,ARAPAHOE,27,381,0,3,408,3,84298,6081,1027,170,90379,1197,408,3
12/01/2021,ARAPAHOE,29,311,0,3,340,3,84609,6110,1030,170,90719,1200,340,3
12/02/2021,ARAPAHOE,32,322,0,1,354,1,84931,6142,1031,170,91073,1201,354,1
12/03/2021,ARAPAHOE,31,258,0,1,289,1,85189,6173,1032,170,91362,1202,289,1
12/04/2021,ARAPAHOE,12,162,0,0,174,0,85351,6185,1032,170,91536,1202,174,0
12/05/2021,ARAPAHOE,6,118,0,0,124,0,85469,6191,1032,170,91660,1202,124,0
12/06/2021,ARAPAHOE,30,298,1,3,328,4,85767,6221,1035,171,91988,1206,328,4
12/07/2021,ARAPAHOE,28,248,0,1,276,1,86015,6249,1036,171,92264,1207,276,1
12/08/2021,ARAPAHOE,15,275,0,3,290,3,86290,6264,1039,171,92554,1210,290,3
12/09/2021,ARAPAHOE,17,223,2,2,240,4,86513,6281,1041,173,92794,1214,240,4
12/10/2021,ARAPAHOE,12,191,0,2,203,2,86704,6293,1043,173,92997,1216,203,2
12/11/2021,ARAPAHOE,11,174,0,3,185,3,86878,6304,1046,173,93182,1219,185,3
12/12/2021,ARAPAHOE,7,83,0,0,90,0,86961,6311,1046,173,93272,1219,90,0
12/13/2021,ARAPAHOE,21,133,0,3,154,3,87094,6332,1049,173,93426,1222,154,3
12/14/2021,ARAPAHOE,36,158,0,1,194,1,87252,6368,1050,173,93620,1223,194,1
12/15/2021,ARAPAHOE,34,272,0,2,306,2,87524,6402,1052,173,93926,1225,306,2
12/16/2021,ARAPAHOE,22,198,0,1,220,1,87722,6424,1053,173,94146,1226,220,1
12/17/2021,ARAPAHOE,15,279,0,3,294,3,88001,6439,1056,173,94440,1229,294,3
12/18/2021,ARAPAHOE,12,252,0,3,264,3,88253,6451,1059,173,94704,1232,264,3
12/19/2021,ARAPAHOE,20,221,1,2,241,3,88474,6471,1061,174,94945,1235,241,3
12/20/2021,ARAPAHOE,52,206,2,2,258,4,88680,6523,1063,176,95203,1239,258,4
12/21/2021,ARAPAHOE,50,556,0,1,606,1,89236,6573,1064,176,95809,1240,606,1
12/22/2021,ARAPAHOE,53,504,0,2,557,2,89740,6626,1066,176,96366,1242,557,2
12/23/2021,ARAPAHOE,57,738,0,2,795,2,90478,6683,1068,176,97161,1244,795,2
12/24/2021,ARAPAHOE,50,752,0,1,802,1,91230,6733,1069,176,97963,1245,802,1
12/25/2021,ARAPAHOE,31,640,0,0,671,0,91870,6764,1069,176,98634,1245,671,0
12/26/2021,ARAPAHOE,35,513,0,4,548,4,92383,6799,1073,176,99182,1249,548,4
12/27/2021,ARAPAHOE,96,596,0,1,692,1,92979,6895,1074,176,99874,1250,692,1
12/28/2021,ARAPAHOE,122,984,0,5,1106,5,93963,7017,1079,176,100980,1255,1106,5
12/29/2021,ARAPAHOE,105,1331,1,2,1436,3,95294,7122,1081,177,102416,1258,1436,3
12/30/2021,ARAPAHOE,117,1550,0,1,1667,1,96844,7239,1082,177,104083,1259,1667,1
12/31/2021,ARAPAHOE,59,1837,1,4,1896,5,98681,7298,1086,178,105979,1264,1896,5
01/01/2022,ARAPAHOE,52,893,0,7,945,7,99574,7350,1093,178,106924,1271,945,7
01/02/2022,ARAPAHOE,96,949,0,1,1045,1,100523,7446,1094,178,107969,1272,1045,1
01/03/2022,ARAPAHOE,134,995,0,3,1129,3,101518,7580,1097,178,109098,1275,1129,3
01/04/2022,ARAPAHOE,171,1735,0,2,1906,2,103253,7751,1099,178,111004,1277,1906,2
01/05/2022,ARAPAHOE,175,2215,0,7,2390,7,105468,7926,1106,178,113394,1284,2390,7
01/06/2022,ARAPAHOE,135,2359,0,4,2494,4,107827,8061,1110,178,115888,1288,2494,4
01/07/2022,ARAPAHOE,141,1479,0,4,1620,4,109306,8202,1114,178,117508,1292,1620,4
01/08/2022,ARAPAHOE,86,1623,0,6,1709,6,110929,8288,1120,178,119217,1298,1709,6
01/09/2022,ARAPAHOE,78,847,1,5,925,6,111776,8366,1125,179,120142,1304,925,6
01/10/2022,ARAPAHOE,139,1806,0,3,1945,3,113582,8505,1128,179,122087,1307,1945,3
01/11/2022,ARAPAHOE,151,1422,0,4,1573,4,115004,8656,1132,179,123660,1311,1573,4
01/12/2022,ARAPAHOE,147,1652,2,2,1799,4,116656,8803,1134,181,125459,1315,1799,4
01/13/2022,ARAPAHOE,97,1688,0,6,1785,6,118344,8900,1140,181,127244,1321,1785,6
01/14/2022,ARAPAHOE,108,1763,1,3,1871,4,120107,9008,1143,182,129115,1325,1871,4
01/15/2022,ARAPAHOE,59,1196,0,4,1255,4,121303,9067,1147,182,130370,1329,1255,4
01/16/2022,ARAPAHOE,50,709,0,7,759,7,122012,9117,1154,182,131129,1336,759,7
01/17/2022,ARAPAHOE,74,1201,0,3,1275,3,123213,9191,1157,182,132404,1339,1275,3
01/18/2022,ARAPAHOE,82,1118,1,2,1200,3,124331,9273,1159,183,133604,1342,1200,3
01/19/2022,ARAPAHOE,60,1431,0,4,1491,4,125762,9333,1163,183,135095,1346,1491,4
01/20/2022,ARAPAHOE,77,1236,1,5,1313,6,126998,9410,1168,184,136408,1352,1313,6
01/21/2022,ARAPAHOE,78,1041,0,0,1119,0,128039,9488,1168,184,137527,1352,1119,0
01/22/2022,ARAPAHOE,59,888,0,2,947,2,128927,9547,1170,184,138474,1354,947,2
01/23/2022,ARAPAHOE,34,767,1,0,801,1,129694,9581,1170,185,139275,1355,801,1
01/24/2022,ARAPAHOE,78,612,1,1,690,2,130306,9659,1171,186,139965,1357,690,2
01/25/2022,ARAPAHOE,74,696,0,1,770,1,131002,9733,1172,186,140735,1358,770,1
01/26/2022,ARAPAHOE,69,929,0,1,998,1,131931,9802,1173,186,141733,1359,998,1
01/27/2022,ARAPAHOE,63,722,0,0,785,0,132653,9865,1173,186,142518,1359,785,0
01/28/2022,ARAPAHOE,52,512,0,1,564,1,133165,9917,1174,186,143082,1360,564,1
01/29/2022,ARAPAHOE,19,469,0,0,488,0,133634,9936,1174,186,143570,1360,488,0
01/30/2022,ARAPAHOE,15,264,0,0,279,0,133898,9951,1174,186,143849,1360,279,0
01/31/2022,ARAPAHOE,39,223,1,1,262,2,134121,9990,1175,187,144111,1362,262,2
02/01/2022,ARAPAHOE,34,349,0,0,383,0,134470,10024,1175,187,144494,1362,383,0
02/02/2022,ARAPAHOE,22,401,0,0,423,0,134871,10046,1175,187,144917,1362,423,0
02/03/2022,ARAPAHOE,27,185,0,0,212,0,135056,10073,1175,187,145129,1362,212,0
02/04/2022,ARAPAHOE,23,239,1,0,262,1,135295,10096,1175,188,145391,1363,262,1
02/05/2022,ARAPAHOE,8,242,0,0,250,0,135537,10104,1175,188,145641,1363,250,0
02/06/2022,ARAPAHOE,7,135,0,0,142,0,135672,10111,1175,188,145783,1363,142,0
02/07/2022,ARAPAHOE,14,125,0,1,139,1,135797,10125,1176,188,145922,1364,139,1
02/08/2022,ARAPAHOE,62,206,0,0,268,0,136003,10187,1176,188,146190,1364,268,0
02/09/2022,ARAPAHOE,13,173,1,1,186,2,136176,10200,1177,189,146376,1366,186,2
02/10/2022,ARAPAHOE,5,156,1,0,161,1,136332,10205,1177,190,146537,1367,161,1
02/11/2022,ARAPAHOE,38,168,0,1,206,1,136500,10243,1178,190,146743,1368,206,1
02/12/2022,ARAPAHOE,4,100,0,2,104,2,136600,10247,1180,190,146847,1370,104,2
02/13/2022,ARAPAHOE,5,61,1,0,66,1,136661,10252,1180,191,146913,1371,66,1
02/14/2022,ARAPAHOE,14,73,1,0,87,1,136734,10266,1180,192,147000,1372,87,1
02/15/2022,ARAPAHOE,8,111,0,0,119,0,136845,10274,1180,192,147119,1372,119,0
02/16/2022,ARAPAHOE,8,113,0,0,121,0,136958,10282,1180,192,147240,1372,121,0
02/17/2022,ARAPAHOE,5,86,0,0,91,0,137044,10287,1180,192,147331,1372,91,0
02/18/2022,ARAPAHOE,5,73,0,0,78,0,137117,10292,1180,192,147409,1372,78,0
02/19/2022,ARAPAHOE,5,57,0,0,62,0,137174,10297,1180,192,147471,1372,62,0
02/20/2022,ARAPAHOE,1,50,0,0,51,0,137224,10298,1180,192,147522,1372,51,0
02/21/2022,ARAPAHOE,4,49,0,1,53,1,137273,10302,1181,192,147575,1373,53,1
02/22/2022,ARAPAHOE,6,76,1,1,82,2,137349,10308,1182,193,147657,1375,82,2
02/23/2022,ARAPAHOE,2,56,0,0,58,0,137405,10310,1182,193,147715,1375,58,0
02/24/2022,ARAPAHOE,4,42,0,0,46,0,137447,10314,1182,193,147761,1375,46,0
02/25/2022,ARAPAHOE,5,73,0,0,78,0,137520,10319,1182,193,147839,1375,78,0
02/26/2022,ARAPAHOE,2,51,0,0,53,0,137571,10321,1182,193,147892,1375,53,0
02/27/2022,ARAPAHOE,2,39,0,0,41,0,137610,10323,1182,193,147933,1375,41,0
02/28/2022,ARAPAHOE,2,43,0,0,45,0,137653,10325,1182,193,147978,1375,45,0
03/01/2022,ARAPAHOE,6,49,0,0,55,0,137702,10331,1182,193,148033,1375,55,0
03/02/2022,ARAPAHOE,0,45,0,0,45,0,137747,10331,1182,193,148078,1375,45,0
03/03/2022,ARAPAHOE,2,45,0,0,47,0,137792,10333,1182,193,148125,1375,47,0
03/04/2022,ARAPAHOE,1,33,0,0,34,0,137825,10334,1182,193,148159,1375,34,0
03/05/2022,ARAPAHOE,0,10,0,0,10,0,137835,10334,1182,193,148169,1375,10,0
03/06/2022,ARAPAHOE,0,9,0,0,9,0,137844,10334,1182,193,148178,1375,9,0
03/07/2022,ARAPAHOE,0,9,0,0,9,0,137853,10334,1182,193,148187,1375,9,0
03/08/2022,ARAPAHOE,2,26,0,0,28,0,137879,10336,1182,193,148215,1375,28,0
03/09/2022,ARAPAHOE,1,6,0,0,7,0,137885,10337,1182,193,148222,1375,7,0
03/10/2022,ARAPAHOE,6,18,0,0,24,0,137903,10343,1182,193,148246,1375,24,0
03/11/2022,ARAPAHOE,2,14,0,0,16,0,137917,10345,1182,193,148262,1375,16,0
03/12/2022,ARAPAHOE,0,10,0,0,10,0,137927,10345,1182,193,148272,1375,10,0
03/13/2022,ARAPAHOE,0,7,0,0,7,0,137934,10345,1182,193,148279,1375,7,0
03/14/2022,ARAPAHOE,2,26,0,0,28,0,137960,10347,1182,193,148307,1375,28,0
03/15/2022,ARAPAHOE,1,33,1,0,34,1,137993,10348,1182,194,148341,1376,34,1
03/16/2022,ARAPAHOE,4,33,0,0,37,0,138026,10352,1182,194,148378,1376,37,0
03/17/2022,ARAPAHOE,8,21,0,0,29,0,138047,10360,1182,194,148407,1376,29,0
03/18/2022,ARAPAHOE,2,32,0,0,34,0,138079,10362,1182,194,148441,1376,34,0
03/19/2022,ARAPAHOE,1,10,0,0,11,0,138089,10363,1182,194,148452,1376,11,0
03/20/2022,ARAPAHOE,4,8,0,0,12,0,138097,10367,1182,194,148464,1376,12,0
03/26/2020,ARCHULETA,0,1,0,0,1,0,1,0,0,0,1,0,-148463,-1376
04/05/2020,ARCHULETA,3,2,0,0,5,0,3,3,0,0,6,0,5,0
04/14/2020,ARCHULETA,0,1,0,0,1,0,4,3,0,0,7,0,1,0
04/17/2020,ARCHULETA,1,0,0,0,1,0,4,4,0,0,8,0,1,0
07/03/2020,ARCHULETA,0,2,0,0,2,0,6,4,0,0,10,0,2,0
07/06/2020,ARCHULETA,1,0,0,0,1,0,6,5,0,0,11,0,1,0
07/07/2020,ARCHULETA,0,1,0,0,1,0,7,5,0,0,12,0,1,0
07/14/2020,ARCHULETA,1,1,0,0,2,0,8,6,0,0,14,0,2,0
07/15/2020,ARCHULETA,0,2,0,0,2,0,10,6,0,0,16,0,2,0
07/16/2020,ARCHULETA,0,1,0,0,1,0,11,6,0,0,17,0,1,0
07/17/2020,ARCHULETA,0,1,0,0,1,0,12,6,0,0,18,0,1,0
07/20/2020,ARCHULETA,0,3,0,0,3,0,15,6,0,0,21,0,3,0
07/21/2020,ARCHULETA,0,1,0,0,1,0,16,6,0,0,22,0,1,0
07/23/2020,ARCHULETA,0,1,0,0,1,0,17,6,0,0,23,0,1,0
07/24/2020,ARCHULETA,1,1,0,0,2,0,18,7,0,0,25,0,2,0
07/25/2020,ARCHULETA,0,2,0,0,2,0,20,7,0,0,27,0,2,0
07/26/2020,ARCHULETA,0,2,0,0,2,0,22,7,0,0,29,0,2,0
07/28/2020,ARCHULETA,0,1,0,0,1,0,23,7,0,0,30,0,1,0
07/30/2020,ARCHULETA,0,1,0,0,1,0,24,7,0,0,31,0,1,0
07/31/2020,ARCHULETA,0,1,0,0,1,0,25,7,0,0,32,0,1,0
08/04/2020,ARCHULETA,0,1,0,0,1,0,26,7,0,0,33,0,1,0
08/07/2020,ARCHULETA,0,2,0,0,2,0,28,7,0,0,35,0,2,0
08/12/2020,ARCHULETA,0,1,0,0,1,0,29,7,0,0,36,0,1,0
08/13/2020,ARCHULETA,0,2,0,0,2,0,31,7,0,0,38,0,2,0
08/18/2020,ARCHULETA,1,0,0,0,1,0,31,8,0,0,39,0,1,0
08/19/2020,ARCHULETA,0,1,0,0,1,0,32,8,0,0,40,0,1,0
08/21/2020,ARCHULETA,0,1,0,0,1,0,33,8,0,0,41,0,1,0
08/23/2020,ARCHULETA,0,1,0,0,1,0,34,8,0,0,42,0,1,0
08/26/2020,ARCHULETA,0,1,0,0,1,0,35,8,0,0,43,0,1,0
08/29/2020,ARCHULETA,0,1,0,0,1,0,36,8,0,0,44,0,1,0
08/30/2020,ARCHULETA,0,1,0,0,1,0,37,8,0,0,45,0,1,0
09/18/2020,ARCHULETA,0,1,0,0,1,0,38,8,0,0,46,0,1,0
09/21/2020,ARCHULETA,0,5,0,0,5,0,43,8,0,0,51,0,5,0
10/02/2020,ARCHULETA,0,1,0,0,1,0,44,8,0,0,52,0,1,0
10/05/2020,ARCHULETA,0,1,0,0,1,0,45,8,0,0,53,0,1,0
10/06/2020,ARCHULETA,0,2,0,0,2,0,47,8,0,0,55,0,2,0
10/07/2020,ARCHULETA,0,1,0,0,1,0,48,8,0,0,56,0,1,0
10/15/2020,ARCHULETA,1,0,0,0,1,0,48,9,0,0,57,0,1,0
10/16/2020,ARCHULETA,0,1,0,0,1,0,49,9,0,0,58,0,1,0
10/17/2020,ARCHULETA,0,2,0,0,2,0,51,9,0,0,60,0,2,0
10/19/2020,ARCHULETA,1,0,0,0,1,0,51,10,0,0,61,0,1,0
10/22/2020,ARCHULETA,1,1,0,0,2,0,52,11,0,0,63,0,2,0
10/23/2020,ARCHULETA,0,1,0,0,1,0,53,11,0,0,64,0,1,0
10/25/2020,ARCHULETA,0,1,0,0,1,0,54,11,0,0,65,0,1,0
10/26/2020,ARCHULETA,0,1,0,0,1,0,55,11,0,0,66,0,1,0
10/27/2020,ARCHULETA,0,1,0,0,1,0,56,11,0,0,67,0,1,0
11/02/2020,ARCHULETA,0,1,0,0,1,0,57,11,0,0,68,0,1,0
11/05/2020,ARCHULETA,0,3,0,0,3,0,60,11,0,0,71,0,3,0
11/06/2020,ARCHULETA,0,3,0,0,3,0,63,11,0,0,74,0,3,0
11/08/2020,ARCHULETA,0,3,0,0,3,0,66,11,0,0,77,0,3,0
11/10/2020,ARCHULETA,0,2,0,0,2,0,68,11,0,0,79,0,2,0
11/11/2020,ARCHULETA,0,3,0,0,3,0,71,11,0,0,82,0,3,0
11/12/2020,ARCHULETA,0,11,0,0,11,0,82,11,0,0,93,0,11,0
11/13/2020,ARCHULETA,0,5,0,0,5,0,87,11,0,0,98,0,5,0
11/14/2020,ARCHULETA,0,4,0,0,4,0,91,11,0,0,102,0,4,0
11/15/2020,ARCHULETA,0,5,0,0,5,0,96,11,0,0,107,0,5,0
11/16/2020,ARCHULETA,0,3,0,0,3,0,99,11,0,0,110,0,3,0
11/18/2020,ARCHULETA,0,13,0,0,13,0,112,11,0,0,123,0,13,0
11/19/2020,ARCHULETA,0,10,0,0,10,0,122,11,0,0,133,0,10,0
11/20/2020,ARCHULETA,0,10,0,0,10,0,132,11,0,0,143,0,10,0
11/21/2020,ARCHULETA,0,1,0,0,1,0,133,11,0,0,144,0,1,0
11/22/2020,ARCHULETA,0,12,0,0,12,0,145,11,0,0,156,0,12,0
11/23/2020,ARCHULETA,0,17,0,0,17,0,162,11,0,0,173,0,17,0
11/24/2020,ARCHULETA,0,10,0,0,10,0,172,11,0,0,183,0,10,0
11/25/2020,ARCHULETA,1,29,0,0,30,0,201,12,0,0,213,0,30,0
11/26/2020,ARCHULETA,0,14,0,0,14,0,215,12,0,0,227,0,14,0
11/27/2020,ARCHULETA,0,2,0,0,2,0,217,12,0,0,229,0,2,0
11/28/2020,ARCHULETA,0,11,0,0,11,0,228,12,0,0,240,0,11,0
11/29/2020,ARCHULETA,0,6,0,0,6,0,234,12,0,0,246,0,6,0
11/30/2020,ARCHULETA,0,1,0,0,1,0,235,12,0,0,247,0,1,0
12/01/2020,ARCHULETA,0,16,0,0,16,0,251,12,0,0,263,0,16,0
12/02/2020,ARCHULETA,0,22,0,0,22,0,273,12,0,0,285,0,22,0
12/03/2020,ARCHULETA,0,18,0,0,18,0,291,12,0,0,303,0,18,0
12/04/2020,ARCHULETA,0,8,0,0,8,0,299,12,0,0,311,0,8,0
12/05/2020,ARCHULETA,0,19,0,0,19,0,318,12,0,0,330,0,19,0
12/06/2020,ARCHULETA,0,18,0,0,18,0,336,12,0,0,348,0,18,0
12/07/2020,ARCHULETA,0,7,0,0,7,0,343,12,0,0,355,0,7,0
12/08/2020,ARCHULETA,0,21,0,0,21,0,364,12,0,0,376,0,21,0
12/09/2020,ARCHULETA,0,9,0,0,9,0,373,12,0,0,385,0,9,0
12/10/2020,ARCHULETA,0,23,0,0,23,0,396,12,0,0,408,0,23,0
12/11/2020,ARCHULETA,0,5,0,0,5,0,401,12,0,0,413,0,5,0
12/12/2020,ARCHULETA,0,2,0,0,2,0,403,12,0,0,415,0,2,0
12/13/2020,ARCHULETA,0,1,0,0,1,0,404,12,0,0,416,0,1,0
12/14/2020,ARCHULETA,0,5,0,0,5,0,409,12,0,0,421,0,5,0
12/15/2020,ARCHULETA,0,2,0,0,2,0,411,12,0,0,423,0,2,0
12/16/2020,ARCHULETA,0,1,0,0,1,0,412,12,0,0,424,0,1,0
12/17/2020,ARCHULETA,0,8,0,0,8,0,420,12,0,0,432,0,8,0
12/18/2020,ARCHULETA,0,2,0,0,2,0,422,12,0,0,434,0,2,0
12/19/2020,ARCHULETA,0,3,0,0,3,0,425,12,0,0,437,0,3,0
12/20/2020,ARCHULETA,0,1,0,0,1,0,426,12,0,0,438,0,1,0
12/21/2020,ARCHULETA,0,6,0,0,6,0,432,12,0,0,444,0,6,0
12/22/2020,ARCHULETA,0,3,0,0,3,0,435,12,0,0,447,0,3,0
12/23/2020,ARCHULETA,0,5,0,0,5,0,440,12,0,0,452,0,5,0
12/24/2020,ARCHULETA,0,7,0,0,7,0,447,12,0,0,459,0,7,0
12/25/2020,ARCHULETA,0,4,0,0,4,0,451,12,0,0,463,0,4,0
12/26/2020,ARCHULETA,0,5,0,0,5,0,456,12,0,0,468,0,5,0
12/27/2020,ARCHULETA,0,3,0,0,3,0,459,12,0,0,471,0,3,0
12/29/2020,ARCHULETA,0,1,0,0,1,0,460,12,0,0,472,0,1,0
12/30/2020,ARCHULETA,0,14,0,1,14,1,474,12,1,0,486,1,14,1
12/31/2020,ARCHULETA,0,2,0,0,2,0,476,12,1,0,488,1,2,0
01/01/2021,ARCHULETA,0,6,0,0,6,0,482,12,1,0,494,1,6,0
01/02/2021,ARCHULETA,0,7,0,0,7,0,489,12,1,0,501,1,7,0
01/03/2021,ARCHULETA,0,2,0,0,2,0,491,12,1,0,503,1,2,0
01/04/2021,ARCHULETA,0,5,0,0,5,0,496,12,1,0,508,1,5,0
01/05/2021,ARCHULETA,0,1,0,0,1,0,497,12,1,0,509,1,1,0
01/06/2021,ARCHULETA,0,10,0,0,10,0,507,12,1,0,519,1,10,0
01/07/2021,ARCHULETA,0,16,0,0,16,0,523,12,1,0,535,1,16,0
01/08/2021,ARCHULETA,0,3,0,0,3,0,526,12,1,0,538,1,3,0
01/09/2021,ARCHULETA,1,2,0,0,3,0,528,13,1,0,541,1,3,0
01/10/2021,ARCHULETA,0,3,0,0,3,0,531,13,1,0,544,1,3,0
01/11/2021,ARCHULETA,0,6,0,0,6,0,537,13,1,0,550,1,6,0
01/13/2021,ARCHULETA,2,1,0,0,3,0,538,15,1,0,553,1,3,0
01/14/2021,ARCHULETA,0,6,0,0,6,0,544,15,1,0,559,1,6,0
01/15/2021,ARCHULETA,0,5,0,0,5,0,549,15,1,0,564,1,5,0
01/16/2021,ARCHULETA,0,6,0,0,6,0,555,15,1,0,570,1,6,0
01/17/2021,ARCHULETA,0,1,0,0,1,0,556,15,1,0,571,1,1,0
01/19/2021,ARCHULETA,0,1,0,0,1,0,557,15,1,0,572,1,1,0
01/20/2021,ARCHULETA,0,10,0,0,10,0,567,15,1,0,582,1,10,0
01/21/2021,ARCHULETA,0,11,0,0,11,0,578,15,1,0,593,1,11,0
01/22/2021,ARCHULETA,0,2,0,0,2,0,580,15,1,0,595,1,2,0
01/24/2021,ARCHULETA,0,4,0,0,4,0,584,15,1,0,599,1,4,0
01/25/2021,ARCHULETA,0,4,0,0,4,0,588,15,1,0,603,1,4,0
01/26/2021,ARCHULETA,0,1,0,0,1,0,589,15,1,0,604,1,1,0
01/28/2021,ARCHULETA,0,1,0,0,1,0,590,15,1,0,605,1,1,0
01/29/2021,ARCHULETA,0,2,0,0,2,0,592,15,1,0,607,1,2,0
02/01/2021,ARCHULETA,0,3,0,0,3,0,595,15,1,0,610,1,3,0
02/02/2021,ARCHULETA,0,3,0,0,3,0,598,15,1,0,613,1,3,0
02/04/2021,ARCHULETA,1,1,0,0,2,0,599,16,1,0,615,1,2,0
02/05/2021,ARCHULETA,0,2,0,0,2,0,601,16,1,0,617,1,2,0
02/06/2021,ARCHULETA,0,1,0,0,1,0,602,16,1,0,618,1,1,0
02/08/2021,ARCHULETA,0,3,0,0,3,0,605,16,1,0,621,1,3,0
02/09/2021,ARCHULETA,0,2,0,0,2,0,607,16,1,0,623,1,2,0
02/11/2021,ARCHULETA,0,4,0,0,4,0,611,16,1,0,627,1,4,0
02/13/2021,ARCHULETA,0,1,0,0,1,0,612,16,1,0,628,1,1,0
02/14/2021,ARCHULETA,0,1,0,0,1,0,613,16,1,0,629,1,1,0
02/15/2021,ARCHULETA,0,1,0,0,1,0,614,16,1,0,630,1,1,0
02/16/2021,ARCHULETA,0,1,0,0,1,0,615,16,1,0,631,1,1,0
02/21/2021,ARCHULETA,1,0,0,0,1,0,615,17,1,0,632,1,1,0
02/22/2021,ARCHULETA,0,2,0,0,2,0,617,17,1,0,634,1,2,0
02/23/2021,ARCHULETA,0,2,0,0,2,0,619,17,1,0,636,1,2,0
02/24/2021,ARCHULETA,1,2,0,0,3,0,621,18,1,0,639,1,3,0
02/25/2021,ARCHULETA,1,5,0,0,6,0,626,19,1,0,645,1,6,0
02/26/2021,ARCHULETA,0,1,0,0,1,0,627,19,1,0,646,1,1,0
02/27/2021,ARCHULETA,0,5,0,0,5,0,632,19,1,0,651,1,5,0
02/28/2021,ARCHULETA,0,1,0,0,1,0,633,19,1,0,652,1,1,0
03/01/2021,ARCHULETA,3,4,0,0,7,0,637,22,1,0,659,1,7,0
03/02/2021,ARCHULETA,0,5,0,0,5,0,642,22,1,0,664,1,5,0
03/03/2021,ARCHULETA,0,6,0,0,6,0,648,22,1,0,670,1,6,0
03/04/2021,ARCHULETA,0,6,0,0,6,0,654,22,1,0,676,1,6,0
03/05/2021,ARCHULETA,0,1,0,0,1,0,655,22,1,0,677,1,1,0
03/06/2021,ARCHULETA,0,1,0,0,1,0,656,22,1,0,678,1,1,0
03/07/2021,ARCHULETA,0,1,0,0,1,0,657,22,1,0,679,1,1,0
03/08/2021,ARCHULETA,0,1,0,0,1,0,658,22,1,0,680,1,1,0
03/09/2021,ARCHULETA,1,12,0,0,13,0,670,23,1,0,693,1,13,0
03/10/2021,ARCHULETA,0,3,0,0,3,0,673,23,1,0,696,1,3,0
03/11/2021,ARCHULETA,1,5,0,0,6,0,678,24,1,0,702,1,6,0
03/12/2021,ARCHULETA,0,3,0,0,3,0,681,24,1,0,705,1,3,0
03/13/2021,ARCHULETA,0,2,0,0,2,0,683,24,1,0,707,1,2,0
03/15/2021,ARCHULETA,0,1,0,0,1,0,684,24,1,0,708,1,1,0
03/16/2021,ARCHULETA,0,6,0,0,6,0,690,24,1,0,714,1,6,0
03/17/2021,ARCHULETA,0,1,0,0,1,0,691,24,1,0,715,1,1,0
03/18/2021,ARCHULETA,0,7,0,0,7,0,698,24,1,0,722,1,7,0
03/19/2021,ARCHULETA,3,4,0,0,7,0,702,27,1,0,729,1,7,0
03/20/2021,ARCHULETA,0,4,0,0,4,0,706,27,1,0,733,1,4,0
03/22/2021,ARCHULETA,0,2,0,0,2,0,708,27,1,0,735,1,2,0
03/23/2021,ARCHULETA,0,6,0,0,6,0,714,27,1,0,741,1,6,0
03/25/2021,ARCHULETA,0,1,0,0,1,0,715,27,1,0,742,1,1,0
03/26/2021,ARCHULETA,0,6,0,0,6,0,721,27,1,0,748,1,6,0
03/27/2021,ARCHULETA,0,2,0,0,2,0,723,27,1,0,750,1,2,0
03/28/2021,ARCHULETA,0,1,0,0,1,0,724,27,1,0,751,1,1,0
03/29/2021,ARCHULETA,0,2,0,0,2,0,726,27,1,0,753,1,2,0
03/31/2021,ARCHULETA,0,1,0,0,1,0,727,27,1,0,754,1,1,0
04/01/2021,ARCHULETA,1,4,0,0,5,0,731,28,1,0,759,1,5,0
04/02/2021,ARCHULETA,0,3,0,0,3,0,734,28,1,0,762,1,3,0
04/03/2021,ARCHULETA,0,7,0,0,7,0,741,28,1,0,769,1,7,0
04/04/2021,ARCHULETA,0,2,0,0,2,0,743,28,1,0,771,1,2,0
04/05/2021,ARCHULETA,3,2,0,0,5,0,745,31,1,0,776,1,5,0
04/06/2021,ARCHULETA,0,4,0,0,4,0,749,31,1,0,780,1,4,0
04/07/2021,ARCHULETA,0,2,0,0,2,0,751,31,1,0,782,1,2,0
04/08/2021,ARCHULETA,2,5,0,0,7,0,756,33,1,0,789,1,7,0
04/09/2021,ARCHULETA,0,11,0,0,11,0,767,33,1,0,800,1,11,0
04/10/2021,ARCHULETA,0,3,0,0,3,0,770,33,1,0,803,1,3,0
04/11/2021,ARCHULETA,0,1,0,0,1,0,771,33,1,0,804,1,1,0
04/12/2021,ARCHULETA,0,1,0,0,1,0,772,33,1,0,805,1,1,0
04/13/2021,ARCHULETA,3,13,0,0,16,0,785,36,1,0,821,1,16,0
04/14/2021,ARCHULETA,2,2,0,0,4,0,787,38,1,0,825,1,4,0
04/15/2021,ARCHULETA,4,3,0,0,7,0,790,42,1,0,832,1,7,0
04/16/2021,ARCHULETA,0,14,0,0,14,0,804,42,1,0,846,1,14,0
04/17/2021,ARCHULETA,0,6,0,0,6,0,810,42,1,0,852,1,6,0
04/18/2021,ARCHULETA,0,2,0,0,2,0,812,42,1,0,854,1,2,0
04/19/2021,ARCHULETA,2,3,0,0,5,0,815,44,1,0,859,1,5,0
04/20/2021,ARCHULETA,1,12,0,0,13,0,827,45,1,0,872,1,13,0
04/21/2021,ARCHULETA,0,3,0,0,3,0,830,45,1,0,875,1,3,0
04/22/2021,ARCHULETA,3,3,0,0,6,0,833,48,1,0,881,1,6,0
04/23/2021,ARCHULETA,2,3,0,0,5,0,836,50,1,0,886,1,5,0
04/24/2021,ARCHULETA,0,1,0,0,1,0,837,50,1,0,887,1,1,0
04/25/2021,ARCHULETA,1,2,0,0,3,0,839,51,1,0,890,1,3,0
04/26/2021,ARCHULETA,9,2,0,0,11,0,841,60,1,0,901,1,11,0
04/27/2021,ARCHULETA,2,1,0,0,3,0,842,62,1,0,904,1,3,0
04/28/2021,ARCHULETA,1,4,0,0,5,0,846,63,1,0,909,1,5,0
04/29/2021,ARCHULETA,0,1,0,0,1,0,847,63,1,0,910,1,1,0
04/30/2021,ARCHULETA,0,2,0,0,2,0,849,63,1,0,912,1,2,0
05/01/2021,ARCHULETA,0,6,0,0,6,0,855,63,1,0,918,1,6,0
05/02/2021,ARCHULETA,1,2,0,0,3,0,857,64,1,0,921,1,3,0
05/03/2021,ARCHULETA,6,4,0,0,10,0,861,70,1,0,931,1,10,0
05/04/2021,ARCHULETA,0,4,0,0,4,0,865,70,1,0,935,1,4,0
05/05/2021,ARCHULETA,0,5,0,0,5,0,870,70,1,0,940,1,5,0
05/06/2021,ARCHULETA,0,4,0,0,4,0,874,70,1,0,944,1,4,0
05/07/2021,ARCHULETA,1,1,0,0,2,0,875,71,1,0,946,1,2,0
05/08/2021,ARCHULETA,0,2,0,0,2,0,877,71,1,0,948,1,2,0
05/09/2021,ARCHULETA,0,2,0,0,2,0,879,71,1,0,950,1,2,0
05/10/2021,ARCHULETA,0,6,0,1,6,1,885,71,2,0,956,2,6,1
05/11/2021,ARCHULETA,0,1,0,0,1,0,886,71,2,0,957,2,1,0
05/12/2021,ARCHULETA,2,4,0,0,6,0,890,73,2,0,963,2,6,0
05/13/2021,ARCHULETA,0,4,0,0,4,0,894,73,2,0,967,2,4,0
05/14/2021,ARCHULETA,1,3,0,0,4,0,897,74,2,0,971,2,4,0
05/17/2021,ARCHULETA,0,4,0,0,4,0,901,74,2,0,975,2,4,0
05/18/2021,ARCHULETA,0,2,0,0,2,0,903,74,2,0,977,2,2,0
05/19/2021,ARCHULETA,0,3,0,0,3,0,906,74,2,0,980,2,3,0
05/21/2021,ARCHULETA,0,3,0,0,3,0,909,74,2,0,983,2,3,0
05/22/2021,ARCHULETA,0,3,0,0,3,0,912,74,2,0,986,2,3,0
05/24/2021,ARCHULETA,0,1,0,0,1,0,913,74,2,0,987,2,1,0
05/25/2021,ARCHULETA,0,2,0,0,2,0,915,74,2,0,989,2,2,0
05/27/2021,ARCHULETA,0,3,0,0,3,0,918,74,2,0,992,2,3,0
05/28/2021,ARCHULETA,0,1,0,0,1,0,919,74,2,0,993,2,1,0
05/29/2021,ARCHULETA,0,1,0,0,1,0,920,74,2,0,994,2,1,0
06/01/2021,ARCHULETA,0,3,0,0,3,0,923,74,2,0,997,2,3,0
06/03/2021,ARCHULETA,0,8,0,0,8,0,931,74,2,0,1005,2,8,0
06/04/2021,ARCHULETA,0,1,0,0,1,0,932,74,2,0,1006,2,1,0
06/08/2021,ARCHULETA,0,1,0,0,1,0,933,74,2,0,1007,2,1,0
06/09/2021,ARCHULETA,0,2,0,0,2,0,935,74,2,0,1009,2,2,0
06/10/2021,ARCHULETA,0,2,0,0,2,0,937,74,2,0,1011,2,2,0
06/11/2021,ARCHULETA,0,1,0,0,1,0,938,74,2,0,1012,2,1,0
06/12/2021,ARCHULETA,0,1,0,0,1,0,939,74,2,0,1013,2,1,0
06/14/2021,ARCHULETA,0,3,0,0,3,0,942,74,2,0,1016,2,3,0
06/15/2021,ARCHULETA,0,4,0,0,4,0,946,74,2,0,1020,2,4,0
06/17/2021,ARCHULETA,0,1,0,0,1,0,947,74,2,0,1021,2,1,0
06/18/2021,ARCHULETA,0,2,0,0,2,0,949,74,2,0,1023,2,2,0
06/20/2021,ARCHULETA,0,3,0,0,3,0,952,74,2,0,1026,2,3,0
06/21/2021,ARCHULETA,0,2,0,0,2,0,954,74,2,0,1028,2,2,0
06/24/2021,ARCHULETA,0,1,0,0,1,0,955,74,2,0,1029,2,1,0
06/25/2021,ARCHULETA,0,2,0,0,2,0,957,74,2,0,1031,2,2,0
06/26/2021,ARCHULETA,0,1,0,0,1,0,958,74,2,0,1032,2,1,0
06/27/2021,ARCHULETA,0,2,0,0,2,0,960,74,2,0,1034,2,2,0
06/28/2021,ARCHULETA,0,3,0,0,3,0,963,74,2,0,1037,2,3,0
06/29/2021,ARCHULETA,0,4,0,0,4,0,967,74,2,0,1041,2,4,0
06/30/2021,ARCHULETA,0,8,0,0,8,0,975,74,2,0,1049,2,8,0
07/01/2021,ARCHULETA,1,1,0,0,2,0,976,75,2,0,1051,2,2,0
07/02/2021,ARCHULETA,0,11,0,0,11,0,987,75,2,0,1062,2,11,0
07/03/2021,ARCHULETA,0,3,0,0,3,0,990,75,2,0,1065,2,3,0
07/04/2021,ARCHULETA,0,1,0,0,1,0,991,75,2,0,1066,2,1,0
07/05/2021,ARCHULETA,0,1,0,0,1,0,992,75,2,0,1067,2,1,0
07/06/2021,ARCHULETA,0,3,0,1,3,1,995,75,3,0,1070,3,3,1
07/07/2021,ARCHULETA,0,9,0,0,9,0,1004,75,3,0,1079,3,9,0
07/08/2021,ARCHULETA,0,7,0,0,7,0,1011,75,3,0,1086,3,7,0
07/09/2021,ARCHULETA,0,1,0,0,1,0,1012,75,3,0,1087,3,1,0
07/10/2021,ARCHULETA,1,4,0,0,5,0,1016,76,3,0,1092,3,5,0
07/12/2021,ARCHULETA,1,3,0,0,4,0,1019,77,3,0,1096,3,4,0
07/13/2021,ARCHULETA,0,3,0,0,3,0,1022,77,3,0,1099,3,3,0
07/14/2021,ARCHULETA,0,3,0,0,3,0,1025,77,3,0,1102,3,3,0
07/15/2021,ARCHULETA,0,6,0,0,6,0,1031,77,3,0,1108,3,6,0
07/17/2021,ARCHULETA,1,0,0,0,1,0,1031,78,3,0,1109,3,1,0
07/18/2021,ARCHULETA,0,4,0,0,4,0,1035,78,3,0,1113,3,4,0
07/19/2021,ARCHULETA,0,2,0,0,2,0,1037,78,3,0,1115,3,2,0
07/20/2021,ARCHULETA,0,6,0,0,6,0,1043,78,3,0,1121,3,6,0
07/21/2021,ARCHULETA,0,4,0,0,4,0,1047,78,3,0,1125,3,4,0
07/22/2021,ARCHULETA,0,5,0,0,5,0,1052,78,3,0,1130,3,5,0
07/23/2021,ARCHULETA,0,4,0,0,4,0,1056,78,3,0,1134,3,4,0
07/24/2021,ARCHULETA,0,3,0,0,3,0,1059,78,3,0,1137,3,3,0
07/25/2021,ARCHULETA,0,1,0,0,1,0,1060,78,3,0,1138,3,1,0
07/26/2021,ARCHULETA,0,4,0,0,4,0,1064,78,3,0,1142,3,4,0
07/27/2021,ARCHULETA,0,2,0,0,2,0,1066,78,3,0,1144,3,2,0
07/28/2021,ARCHULETA,0,8,0,0,8,0,1074,78,3,0,1152,3,8,0
07/29/2021,ARCHULETA,0,3,0,0,3,0,1077,78,3,0,1155,3,3,0
07/30/2021,ARCHULETA,0,4,0,0,4,0,1081,78,3,0,1159,3,4,0
07/31/2021,ARCHULETA,0,4,0,0,4,0,1085,78,3,0,1163,3,4,0
08/03/2021,ARCHULETA,0,5,0,0,5,0,1090,78,3,0,1168,3,5,0
08/05/2021,ARCHULETA,0,5,0,0,5,0,1095,78,3,0,1173,3,5,0
08/06/2021,ARCHULETA,4,2,0,0,6,0,1097,82,3,0,1179,3,6,0
08/07/2021,ARCHULETA,0,5,0,0,5,0,1102,82,3,0,1184,3,5,0
08/09/2021,ARCHULETA,0,2,0,0,2,0,1104,82,3,0,1186,3,2,0
08/10/2021,ARCHULETA,4,9,0,0,13,0,1113,86,3,0,1199,3,13,0
08/11/2021,ARCHULETA,0,3,0,0,3,0,1116,86,3,0,1202,3,3,0
08/12/2021,ARCHULETA,0,6,0,0,6,0,1122,86,3,0,1208,3,6,0
08/13/2021,ARCHULETA,0,2,0,1,2,1,1124,86,4,0,1210,4,2,1
08/14/2021,ARCHULETA,0,2,0,0,2,0,1126,86,4,0,1212,4,2,0
08/15/2021,ARCHULETA,0,1,0,0,1,0,1127,86,4,0,1213,4,1,0
08/16/2021,ARCHULETA,0,9,0,0,9,0,1136,86,4,0,1222,4,9,0
08/17/2021,ARCHULETA,0,4,0,0,4,0,1140,86,4,0,1226,4,4,0
08/18/2021,ARCHULETA,0,6,0,0,6,0,1146,86,4,0,1232,4,6,0
08/19/2021,ARCHULETA,0,7,0,0,7,0,1153,86,4,0,1239,4,7,0
08/21/2021,ARCHULETA,0,3,0,0,3,0,1156,86,4,0,1242,4,3,0
08/22/2021,ARCHULETA,0,2,0,0,2,0,1158,86,4,0,1244,4,2,0
08/23/2021,ARCHULETA,0,1,0,0,1,0,1159,86,4,0,1245,4,1,0
08/24/2021,ARCHULETA,0,5,0,0,5,0,1164,86,4,0,1250,4,5,0
08/25/2021,ARCHULETA,0,8,0,0,8,0,1172,86,4,0,1258,4,8,0
08/26/2021,ARCHULETA,0,2,0,0,2,0,1174,86,4,0,1260,4,2,0
08/27/2021,ARCHULETA,1,2,0,0,3,0,1176,87,4,0,1263,4,3,0
08/28/2021,ARCHULETA,0,1,0,0,1,0,1177,87,4,0,1264,4,1,0
08/30/2021,ARCHULETA,0,4,0,0,4,0,1181,87,4,0,1268,4,4,0
08/31/2021,ARCHULETA,0,6,0,0,6,0,1187,87,4,0,1274,4,6,0
09/01/2021,ARCHULETA,0,3,0,0,3,0,1190,87,4,0,1277,4,3,0
09/02/2021,ARCHULETA,0,3,0,0,3,0,1193,87,4,0,1280,4,3,0
09/03/2021,ARCHULETA,0,10,0,0,10,0,1203,87,4,0,1290,4,10,0
09/04/2021,ARCHULETA,0,1,0,0,1,0,1204,87,4,0,1291,4,1,0
09/05/2021,ARCHULETA,0,2,0,0,2,0,1206,87,4,0,1293,4,2,0
09/06/2021,ARCHULETA,0,1,0,0,1,0,1207,87,4,0,1294,4,1,0
09/07/2021,ARCHULETA,0,2,0,0,2,0,1209,87,4,0,1296,4,2,0
09/08/2021,ARCHULETA,0,5,0,0,5,0,1214,87,4,0,1301,4,5,0
09/09/2021,ARCHULETA,0,3,0,0,3,0,1217,87,4,0,1304,4,3,0
09/10/2021,ARCHULETA,0,3,0,0,3,0,1220,87,4,0,1307,4,3,0
09/11/2021,ARCHULETA,0,3,0,0,3,0,1223,87,4,0,1310,4,3,0
09/12/2021,ARCHULETA,0,2,0,0,2,0,1225,87,4,0,1312,4,2,0
09/13/2021,ARCHULETA,0,5,0,0,5,0,1230,87,4,0,1317,4,5,0
09/14/2021,ARCHULETA,0,5,0,0,5,0,1235,87,4,0,1322,4,5,0
09/15/2021,ARCHULETA,0,4,0,0,4,0,1239,87,4,0,1326,4,4,0
09/16/2021,ARCHULETA,0,6,0,0,6,0,1245,87,4,0,1332,4,6,0
09/17/2021,ARCHULETA,0,1,0,0,1,0,1246,87,4,0,1333,4,1,0
09/18/2021,ARCHULETA,0,4,0,0,4,0,1250,87,4,0,1337,4,4,0
09/20/2021,ARCHULETA,0,6,0,0,6,0,1256,87,4,0,1343,4,6,0
09/21/2021,ARCHULETA,0,3,0,0,3,0,1259,87,4,0,1346,4,3,0
09/22/2021,ARCHULETA,0,11,0,0,11,0,1270,87,4,0,1357,4,11,0
09/23/2021,ARCHULETA,0,5,0,0,5,0,1275,87,4,0,1362,4,5,0
09/25/2021,ARCHULETA,0,4,0,0,4,0,1279,87,4,0,1366,4,4,0
09/26/2021,ARCHULETA,0,1,0,0,1,0,1280,87,4,0,1367,4,1,0
09/27/2021,ARCHULETA,0,6,0,0,6,0,1286,87,4,0,1373,4,6,0
09/28/2021,ARCHULETA,0,3,0,0,3,0,1289,87,4,0,1376,4,3,0
09/29/2021,ARCHULETA,0,4,0,0,4,0,1293,87,4,0,1380,4,4,0
09/30/2021,ARCHULETA,0,5,0,0,5,0,1298,87,4,0,1385,4,5,0
10/01/2021,ARCHULETA,0,4,0,0,4,0,1302,87,4,0,1389,4,4,0
10/02/2021,ARCHULETA,0,2,0,0,2,0,1304,87,4,0,1391,4,2,0
10/04/2021,ARCHULETA,0,1,0,0,1,0,1305,87,4,0,1392,4,1,0
10/05/2021,ARCHULETA,0,5,0,0,5,0,1310,87,4,0,1397,4,5,0
10/06/2021,ARCHULETA,0,2,0,0,2,0,1312,87,4,0,1399,4,2,0
10/07/2021,ARCHULETA,1,0,0,0,1,0,1312,88,4,0,1400,4,1,0
10/08/2021,ARCHULETA,2,6,0,0,8,0,1318,90,4,0,1408,4,8,0
10/09/2021,ARCHULETA,0,1,0,0,1,0,1319,90,4,0,1409,4,1,0
10/11/2021,ARCHULETA,4,0,0,0,4,0,1319,94,4,0,1413,4,4,0
10/12/2021,ARCHULETA,0,20,0,0,20,0,1339,94,4,0,1433,4,20,0
10/13/2021,ARCHULETA,0,3,0,0,3,0,1342,94,4,0,1436,4,3,0
10/14/2021,ARCHULETA,0,4,0,1,4,1,1346,94,5,0,1440,5,4,1
10/15/2021,ARCHULETA,9,2,0,0,11,0,1348,103,5,0,1451,5,11,0
10/16/2021,ARCHULETA,0,3,0,0,3,0,1351,103,5,0,1454,5,3,0
10/17/2021,ARCHULETA,0,2,0,0,2,0,1353,103,5,0,1456,5,2,0
10/18/2021,ARCHULETA,0,4,0,0,4,0,1357,103,5,0,1460,5,4,0
10/19/2021,ARCHULETA,3,4,0,0,7,0,1361,106,5,0,1467,5,7,0
10/20/2021,ARCHULETA,3,5,0,0,8,0,1366,109,5,0,1475,5,8,0
10/21/2021,ARCHULETA,2,8,0,0,10,0,1374,111,5,0,1485,5,10,0
10/22/2021,ARCHULETA,3,8,0,0,11,0,1382,114,5,0,1496,5,11,0
10/23/2021,ARCHULETA,0,1,0,0,1,0,1383,114,5,0,1497,5,1,0
10/24/2021,ARCHULETA,0,1,0,0,1,0,1384,114,5,0,1498,5,1,0
10/25/2021,ARCHULETA,0,6,0,0,6,0,1390,114,5,0,1504,5,6,0
10/26/2021,ARCHULETA,0,15,0,0,15,0,1405,114,5,0,1519,5,15,0
10/27/2021,ARCHULETA,1,5,0,0,6,0,1410,115,5,0,1525,5,6,0
10/28/2021,ARCHULETA,1,9,0,0,10,0,1419,116,5,0,1535,5,10,0
10/29/2021,ARCHULETA,0,4,0,0,4,0,1423,116,5,0,1539,5,4,0
10/30/2021,ARCHULETA,0,3,0,0,3,0,1426,116,5,0,1542,5,3,0
11/01/2021,ARCHULETA,1,7,0,0,8,0,1433,117,5,0,1550,5,8,0
11/02/2021,ARCHULETA,2,15,0,0,17,0,1448,119,5,0,1567,5,17,0
11/03/2021,ARCHULETA,1,9,0,0,10,0,1457,120,5,0,1577,5,10,0
11/04/2021,ARCHULETA,1,11,0,0,12,0,1468,121,5,0,1589,5,12,0
11/05/2021,ARCHULETA,0,14,0,0,14,0,1482,121,5,0,1603,5,14,0
11/06/2021,ARCHULETA,0,9,0,0,9,0,1491,121,5,0,1612,5,9,0
11/07/2021,ARCHULETA,0,6,0,0,6,0,1497,121,5,0,1618,5,6,0
11/08/2021,ARCHULETA,1,17,0,1,18,1,1514,122,6,0,1636,6,18,1
11/09/2021,ARCHULETA,0,21,0,0,21,0,1535,122,6,0,1657,6,21,0
11/10/2021,ARCHULETA,4,11,0,1,15,1,1546,126,7,0,1672,7,15,1
11/11/2021,ARCHULETA,0,24,0,0,24,0,1570,126,7,0,1696,7,24,0
11/12/2021,ARCHULETA,6,6,0,0,12,0,1576,132,7,0,1708,7,12,0
11/14/2021,ARCHULETA,0,3,0,0,3,0,1579,132,7,0,1711,7,3,0
11/15/2021,ARCHULETA,4,11,0,0,15,0,1590,136,7,0,1726,7,15,0
11/16/2021,ARCHULETA,5,25,0,0,30,0,1615,141,7,0,1756,7,30,0
11/17/2021,ARCHULETA,0,10,0,0,10,0,1625,141,7,0,1766,7,10,0
11/18/2021,ARCHULETA,5,8,0,0,13,0,1633,146,7,0,1779,7,13,0
11/19/2021,ARCHULETA,0,15,0,1,15,1,1648,146,8,0,1794,8,15,1
11/20/2021,ARCHULETA,2,6,0,1,8,1,1654,148,9,0,1802,9,8,1
11/21/2021,ARCHULETA,1,9,0,0,10,0,1663,149,9,0,1812,9,10,0
11/22/2021,ARCHULETA,0,14,0,0,14,0,1677,149,9,0,1826,9,14,0
11/23/2021,ARCHULETA,2,2,0,0,4,0,1679,151,9,0,1830,9,4,0
11/24/2021,ARCHULETA,0,7,0,0,7,0,1686,151,9,0,1837,9,7,0
11/25/2021,ARCHULETA,1,15,0,0,16,0,1701,152,9,0,1853,9,16,0
11/26/2021,ARCHULETA,0,1,0,0,1,0,1702,152,9,0,1854,9,1,0
11/27/2021,ARCHULETA,0,4,0,0,4,0,1706,152,9,0,1858,9,4,0
11/28/2021,ARCHULETA,0,7,0,0,7,0,1713,152,9,0,1865,9,7,0
11/29/2021,ARCHULETA,5,4,0,0,9,0,1717,157,9,0,1874,9,9,0
11/30/2021,ARCHULETA,1,31,0,0,32,0,1748,158,9,0,1906,9,32,0
12/01/2021,ARCHULETA,0,26,0,0,26,0,1774,158,9,0,1932,9,26,0
12/02/2021,ARCHULETA,0,11,0,0,11,0,1785,158,9,0,1943,9,11,0
12/03/2021,ARCHULETA,0,4,0,0,4,0,1789,158,9,0,1947,9,4,0
12/04/2021,ARCHULETA,0,8,0,0,8,0,1797,158,9,0,1955,9,8,0
12/05/2021,ARCHULETA,0,1,0,0,1,0,1798,158,9,0,1956,9,1,0
12/06/2021,ARCHULETA,0,8,0,0,8,0,1806,158,9,0,1964,9,8,0
12/07/2021,ARCHULETA,1,14,0,0,15,0,1820,159,9,0,1979,9,15,0
12/08/2021,ARCHULETA,0,3,0,0,3,0,1823,159,9,0,1982,9,3,0
12/09/2021,ARCHULETA,1,0,0,0,1,0,1823,160,9,0,1983,9,1,0
12/10/2021,ARCHULETA,0,4,0,0,4,0,1827,160,9,0,1987,9,4,0
12/13/2021,ARCHULETA,5,2,0,0,7,0,1829,165,9,0,1994,9,7,0
12/14/2021,ARCHULETA,0,4,0,0,4,0,1833,165,9,0,1998,9,4,0
12/15/2021,ARCHULETA,0,4,0,0,4,0,1837,165,9,0,2002,9,4,0
12/16/2021,ARCHULETA,0,2,0,0,2,0,1839,165,9,0,2004,9,2,0
12/17/2021,ARCHULETA,0,3,0,0,3,0,1842,165,9,0,2007,9,3,0
12/18/2021,ARCHULETA,0,2,0,0,2,0,1844,165,9,0,2009,9,2,0
12/19/2021,ARCHULETA,0,1,0,0,1,0,1845,165,9,0,2010,9,1,0
12/20/2021,ARCHULETA,0,11,0,0,11,0,1856,165,9,0,2021,9,11,0
12/21/2021,ARCHULETA,0,5,0,0,5,0,1861,165,9,0,2026,9,5,0
12/22/2021,ARCHULETA,0,2,0,0,2,0,1863,165,9,0,2028,9,2,0
12/23/2021,ARCHULETA,0,5,0,0,5,0,1868,165,9,0,2033,9,5,0
12/24/2021,ARCHULETA,0,1,0,0,1,0,1869,165,9,0,2034,9,1,0
12/25/2021,ARCHULETA,0,1,0,0,1,0,1870,165,9,0,2035,9,1,0
12/26/2021,ARCHULETA,0,3,0,0,3,0,1873,165,9,0,2038,9,3,0
12/27/2021,ARCHULETA,0,8,0,1,8,1,1881,165,10,0,2046,10,8,1
12/28/2021,ARCHULETA,0,13,0,0,13,0,1894,165,10,0,2059,10,13,0
12/29/2021,ARCHULETA,1,8,0,0,9,0,1902,166,10,0,2068,10,9,0
12/30/2021,ARCHULETA,0,7,0,0,7,0,1909,166,10,0,2075,10,7,0
12/31/2021,ARCHULETA,0,11,0,0,11,0,1920,166,10,0,2086,10,11,0
01/01/2022,ARCHULETA,2,2,0,1,4,1,1922,168,11,0,2090,11,4,1
01/02/2022,ARCHULETA,4,2,0,1,6,1,1924,172,12,0,2096,12,6,1
01/03/2022,ARCHULETA,1,15,0,0,16,0,1939,173,12,0,2112,12,16,0
01/04/2022,ARCHULETA,2,12,0,0,14,0,1951,175,12,0,2126,12,14,0
01/05/2022,ARCHULETA,1,30,0,0,31,0,1981,176,12,0,2157,12,31,0
01/06/2022,ARCHULETA,0,34,0,0,34,0,2015,176,12,0,2191,12,34,0
01/07/2022,ARCHULETA,3,27,0,0,30,0,2042,179,12,0,2221,12,30,0
01/08/2022,ARCHULETA,0,24,0,0,24,0,2066,179,12,0,2245,12,24,0
01/09/2022,ARCHULETA,0,1,0,0,1,0,2067,179,12,0,2246,12,1,0
01/10/2022,ARCHULETA,1,31,0,0,32,0,2098,180,12,0,2278,12,32,0
01/11/2022,ARCHULETA,5,24,0,0,29,0,2122,185,12,0,2307,12,29,0
01/12/2022,ARCHULETA,2,52,0,0,54,0,2174,187,12,0,2361,12,54,0
01/13/2022,ARCHULETA,1,32,0,0,33,0,2206,188,12,0,2394,12,33,0
01/14/2022,ARCHULETA,12,33,0,0,45,0,2239,200,12,0,2439,12,45,0
01/15/2022,ARCHULETA,1,20,0,0,21,0,2259,201,12,0,2460,12,21,0
01/16/2022,ARCHULETA,0,1,0,0,1,0,2260,201,12,0,2461,12,1,0
01/17/2022,ARCHULETA,2,24,0,0,26,0,2284,203,12,0,2487,12,26,0
01/18/2022,ARCHULETA,9,39,0,0,48,0,2323,212,12,0,2535,12,48,0
01/19/2022,ARCHULETA,5,38,0,0,43,0,2361,217,12,0,2578,12,43,0
01/20/2022,ARCHULETA,1,23,0,0,24,0,2384,218,12,0,2602,12,24,0
01/21/2022,ARCHULETA,4,12,0,0,16,0,2396,222,12,0,2618,12,16,0
01/22/2022,ARCHULETA,0,3,0,0,3,0,2399,222,12,0,2621,12,3,0
01/23/2022,ARCHULETA,2,4,0,0,6,0,2403,224,12,0,2627,12,6,0
01/24/2022,ARCHULETA,3,23,0,0,26,0,2426,227,12,0,2653,12,26,0
01/25/2022,ARCHULETA,2,51,0,0,53,0,2477,229,12,0,2706,12,53,0
01/26/2022,ARCHULETA,1,18,0,0,19,0,2495,230,12,0,2725,12,19,0
01/27/2022,ARCHULETA,3,8,0,0,11,0,2503,233,12,0,2736,12,11,0
01/28/2022,ARCHULETA,0,10,0,0,10,0,2513,233,12,0,2746,12,10,0
01/29/2022,ARCHULETA,0,1,0,0,1,0,2514,233,12,0,2747,12,1,0
01/30/2022,ARCHULETA,1,0,0,0,1,0,2514,234,12,0,2748,12,1,0
01/31/2022,ARCHULETA,0,21,0,0,21,0,2535,234,12,0,2769,12,21,0
02/01/2022,ARCHULETA,2,14,0,0,16,0,2549,236,12,0,2785,12,16,0
02/02/2022,ARCHULETA,1,8,0,0,9,0,2557,237,12,0,2794,12,9,0
02/03/2022,ARCHULETA,1,5,0,0,6,0,2562,238,12,0,2800,12,6,0
02/04/2022,ARCHULETA,0,1,0,0,1,0,2563,238,12,0,2801,12,1,0
02/05/2022,ARCHULETA,0,1,0,0,1,0,2564,238,12,0,2802,12,1,0
02/07/2022,ARCHULETA,0,4,0,0,4,0,2568,238,12,0,2806,12,4,0
02/08/2022,ARCHULETA,0,3,0,0,3,0,2571,238,12,0,2809,12,3,0
02/09/2022,ARCHULETA,1,7,0,0,8,0,2578,239,12,0,2817,12,8,0
02/10/2022,ARCHULETA,0,4,0,0,4,0,2582,239,12,0,2821,12,4,0
02/11/2022,ARCHULETA,1,5,0,0,6,0,2587,240,12,0,2827,12,6,0
02/12/2022,ARCHULETA,0,2,0,0,2,0,2589,240,12,0,2829,12,2,0
02/15/2022,ARCHULETA,0,2,0,0,2,0,2591,240,12,0,2831,12,2,0
02/16/2022,ARCHULETA,1,3,0,0,4,0,2594,241,12,0,2835,12,4,0
02/17/2022,ARCHULETA,0,3,0,1,3,1,2597,241,13,0,2838,13,3,1
02/18/2022,ARCHULETA,1,1,0,0,2,0,2598,242,13,0,2840,13,2,0
02/22/2022,ARCHULETA,1,0,1,0,1,1,2598,243,13,1,2841,14,1,1
02/23/2022,ARCHULETA,0,2,0,0,2,0,2600,243,13,1,2843,14,2,0
02/24/2022,ARCHULETA,0,1,0,0,1,0,2601,243,13,1,2844,14,1,0
02/27/2022,ARCHULETA,0,1,0,1,1,1,2602,243,14,1,2845,15,1,1
03/01/2022,ARCHULETA,0,1,0,0,1,0,2603,243,14,1,2846,15,1,0
03/02/2022,ARCHULETA,0,1,0,0,1,0,2604,243,14,1,2847,15,1,0
03/03/2022,ARCHULETA,0,1,0,0,1,0,2605,243,14,1,2848,15,1,0
03/11/2022,ARCHULETA,0,1,0,0,1,0,2606,243,14,1,2849,15,1,0
03/15/2022,ARCHULETA,1,2,0,0,3,0,2608,244,14,1,2852,15,3,0
03/16/2022,ARCHULETA,0,1,0,0,1,0,2609,244,14,1,2853,15,1,0
03/18/2022,ARCHULETA,1,0,0,0,1,0,2609,245,14,1,2854,15,1,0
03/27/2020,BACA,0,1,0,0,1,0,1,0,0,0,1,0,-2853,-15
03/30/2020,BACA,0,2,0,0,2,0,3,0,0,0,3,0,2,0
04/01/2020,BACA,5,1,0,0,6,0,4,5,0,0,9,0,6,0
04/10/2020,BACA,0,1,0,0,1,0,5,5,0,0,10,0,1,0
05/02/2020,BACA,0,2,0,0,2,0,7,5,0,0,12,0,2,0
06/23/2020,BACA,0,1,0,0,1,0,8,5,0,0,13,0,1,0
06/26/2020,BACA,0,1,0,0,1,0,9,5,0,0,14,0,1,0
07/29/2020,BACA,1,0,0,0,1,0,9,6,0,0,15,0,1,0
08/25/2020,BACA,1,1,0,0,2,0,10,7,0,0,17,0,2,0
08/29/2020,BACA,0,1,0,0,1,0,11,7,0,0,18,0,1,0
09/28/2020,BACA,0,1,0,0,1,0,12,7,0,0,19,0,1,0
10/06/2020,BACA,0,1,0,0,1,0,13,7,0,0,20,0,1,0
10/13/2020,BACA,0,4,0,0,4,0,17,7,0,0,24,0,4,0
10/16/2020,BACA,2,0,0,0,2,0,17,9,0,0,26,0,2,0
10/21/2020,BACA,3,2,0,0,5,0,19,12,0,0,31,0,5,0
10/22/2020,BACA,1,0,0,0,1,0,19,13,0,0,32,0,1,0
10/23/2020,BACA,0,1,0,0,1,0,20,13,0,0,33,0,1,0
10/24/2020,BACA,1,0,0,0,1,0,20,14,0,0,34,0,1,0
10/30/2020,BACA,1,3,0,0,4,0,23,15,0,0,38,0,4,0
10/31/2020,BACA,0,1,0,0,1,0,24,15,0,0,39,0,1,0
11/02/2020,BACA,0,1,0,0,1,0,25,15,0,0,40,0,1,0
11/04/2020,BACA,0,1,0,0,1,0,26,15,0,0,41,0,1,0
11/09/2020,BACA,0,2,0,0,2,0,28,15,0,0,43,0,2,0
11/15/2020,BACA,0,1,0,0,1,0,29,15,0,0,44,0,1,0
11/16/2020,BACA,0,5,0,0,5,0,34,15,0,0,49,0,5,0
11/18/2020,BACA,19,4,0,0,23,0,38,34,0,0,72,0,23,0
11/19/2020,BACA,1,0,0,0,1,0,38,35,0,0,73,0,1,0
11/20/2020,BACA,4,0,0,0,4,0,38,39,0,0,77,0,4,0
11/21/2020,BACA,0,1,0,0,1,0,39,39,0,0,78,0,1,0
11/23/2020,BACA,16,3,0,0,19,0,42,55,0,0,97,0,19,0
11/24/2020,BACA,9,6,0,0,15,0,48,64,0,0,112,0,15,0
11/25/2020,BACA,2,11,0,0,13,0,59,66,0,0,125,0,13,0
11/26/2020,BACA,1,0,0,0,1,0,59,67,0,0,126,0,1,0
11/27/2020,BACA,1,1,0,0,2,0,60,68,0,0,128,0,2,0
11/28/2020,BACA,0,4,0,1,4,1,64,68,1,0,132,1,4,1
11/29/2020,BACA,0,1,0,0,1,0,65,68,1,0,133,1,1,0
11/30/2020,BACA,6,1,0,0,7,0,66,74,1,0,140,1,7,0
12/01/2020,BACA,1,0,0,0,1,0,66,75,1,0,141,1,1,0
12/02/2020,BACA,0,10,0,0,10,0,76,75,1,0,151,1,10,0
12/03/2020,BACA,2,4,0,0,6,0,80,77,1,0,157,1,6,0
12/04/2020,BACA,6,2,0,0,8,0,82,83,1,0,165,1,8,0
12/05/2020,BACA,1,2,0,0,3,0,84,84,1,0,168,1,3,0
12/07/2020,BACA,1,1,0,0,2,0,85,85,1,0,170,1,2,0
12/08/2020,BACA,3,2,0,0,5,0,87,88,1,0,175,1,5,0
12/10/2020,BACA,1,3,0,0,4,0,90,89,1,0,179,1,4,0
12/11/2020,BACA,3,0,0,0,3,0,90,92,1,0,182,1,3,0
12/13/2020,BACA,0,2,0,0,2,0,92,92,1,0,184,1,2,0
12/14/2020,BACA,0,2,0,0,2,0,94,92,1,0,186,1,2,0
12/15/2020,BACA,0,1,0,0,1,0,95,92,1,0,187,1,1,0
12/16/2020,BACA,1,3,0,0,4,0,98,93,1,0,191,1,4,0
12/19/2020,BACA,0,1,0,0,1,0,99,93,1,0,192,1,1,0
12/21/2020,BACA,1,0,0,0,1,0,99,94,1,0,193,1,1,0
12/22/2020,BACA,0,1,0,0,1,0,100,94,1,0,194,1,1,0
12/24/2020,BACA,0,3,0,0,3,0,103,94,1,0,197,1,3,0
12/25/2020,BACA,0,1,0,0,1,0,104,94,1,0,198,1,1,0
12/31/2020,BACA,6,0,0,0,6,0,104,100,1,0,204,1,6,0
01/01/2021,BACA,0,2,0,0,2,0,106,100,1,0,206,1,2,0
01/02/2021,BACA,1,0,0,0,1,0,106,101,1,0,207,1,1,0
01/03/2021,BACA,0,1,0,1,1,1,107,101,2,0,208,2,1,1
01/04/2021,BACA,1,0,0,0,1,0,107,102,2,0,209,2,1,0
01/06/2021,BACA,0,1,0,0,1,0,108,102,2,0,210,2,1,0
01/07/2021,BACA,2,2,0,0,4,0,110,104,2,0,214,2,4,0
01/08/2021,BACA,2,0,0,0,2,0,110,106,2,0,216,2,2,0
01/11/2021,BACA,4,2,0,0,6,0,112,110,2,0,222,2,6,0
01/13/2021,BACA,2,7,0,0,9,0,119,112,2,0,231,2,9,0
01/14/2021,BACA,2,14,0,0,16,0,133,114,2,0,247,2,16,0
01/15/2021,BACA,1,0,0,0,1,0,133,115,2,0,248,2,1,0
01/16/2021,BACA,2,1,0,0,3,0,134,117,2,0,251,2,3,0
01/17/2021,BACA,0,3,0,1,3,1,137,117,3,0,254,3,3,1
01/18/2021,BACA,1,1,0,0,2,0,138,118,3,0,256,3,2,0
01/19/2021,BACA,1,0,0,0,1,0,138,119,3,0,257,3,1,0
01/20/2021,BACA,3,5,0,0,8,0,143,122,3,0,265,3,8,0
01/22/2021,BACA,1,4,1,0,5,1,147,123,3,1,270,4,5,1
01/23/2021,BACA,0,1,0,0,1,0,148,123,3,1,271,4,1,0
01/25/2021,BACA,1,0,0,0,1,0,148,124,3,1,272,4,1,0
01/26/2021,BACA,1,1,0,0,2,0,149,125,3,1,274,4,2,0
02/02/2021,BACA,0,2,0,0,2,0,151,125,3,1,276,4,2,0
02/03/2021,BACA,2,0,0,0,2,0,151,127,3,1,278,4,2,0
02/13/2021,BACA,0,1,0,0,1,0,152,127,3,1,279,4,1,0
02/23/2021,BACA,1,0,0,0,1,0,152,128,3,1,280,4,1,0
03/01/2021,BACA,1,0,0,0,1,0,152,129,3,1,281,4,1,0
03/19/2021,BACA,0,1,0,0,1,0,153,129,3,1,282,4,1,0
03/20/2021,BACA,0,1,0,0,1,0,154,129,3,1,283,4,1,0
04/20/2021,BACA,0,1,0,0,1,0,155,129,3,1,284,4,1,0
04/21/2021,BACA,1,0,0,0,1,0,155,130,3,1,285,4,1,0
04/27/2021,BACA,3,4,0,0,7,0,159,133,3,1,292,4,7,0
04/29/2021,BACA,1,0,0,0,1,0,159,134,3,1,293,4,1,0
05/01/2021,BACA,0,1,0,0,1,0,160,134,3,1,294,4,1,0
05/03/2021,BACA,0,1,0,0,1,0,161,134,3,1,295,4,1,0
05/05/2021,BACA,0,2,0,0,2,0,163,134,3,1,297,4,2,0
05/06/2021,BACA,1,0,0,0,1,0,163,135,3,1,298,4,1,0
05/07/2021,BACA,2,0,0,0,2,0,163,137,3,1,300,4,2,0
05/08/2021,BACA,1,0,0,0,1,0,163,138,3,1,301,4,1,0
05/09/2021,BACA,1,1,0,0,2,0,164,139,3,1,303,4,2,0
05/11/2021,BACA,0,3,0,0,3,0,167,139,3,1,306,4,3,0
05/12/2021,BACA,0,4,0,0,4,0,171,139,3,1,310,4,4,0
05/13/2021,BACA,1,1,0,0,2,0,172,140,3,1,312,4,2,0
05/14/2021,BACA,2,0,0,0,2,0,172,142,3,1,314,4,2,0
05/17/2021,BACA,0,1,0,0,1,0,173,142,3,1,315,4,1,0
05/18/2021,BACA,0,3,0,0,3,0,176,142,3,1,318,4,3,0
06/01/2021,BACA,0,1,0,0,1,0,177,142,3,1,319,4,1,0
06/04/2021,BACA,0,1,0,0,1,0,178,142,3,1,320,4,1,0
06/12/2021,BACA,0,1,0,0,1,0,179,142,3,1,321,4,1,0
06/25/2021,BACA,0,1,0,0,1,0,180,142,3,1,322,4,1,0
07/01/2021,BACA,1,0,0,0,1,0,180,143,3,1,323,4,1,0
07/06/2021,BACA,0,1,0,0,1,0,181,143,3,1,324,4,1,0
07/21/2021,BACA,0,1,0,0,1,0,182,143,3,1,325,4,1,0
07/22/2021,BACA,0,1,0,0,1,0,183,143,3,1,326,4,1,0
07/23/2021,BACA,1,0,0,0,1,0,183,144,3,1,327,4,1,0
07/27/2021,BACA,0,1,0,0,1,0,184,144,3,1,328,4,1,0
07/28/2021,BACA,0,1,0,0,1,0,185,144,3,1,329,4,1,0
07/29/2021,BACA,1,1,0,1,2,1,186,145,4,1,331,5,2,1
08/05/2021,BACA,2,1,0,0,3,0,187,147,4,1,334,5,3,0
08/08/2021,BACA,1,0,0,0,1,0,187,148,4,1,335,5,1,0
08/09/2021,BACA,1,5,0,0,6,0,192,149,4,1,341,5,6,0
08/16/2021,BACA,1,0,0,0,1,0,192,150,4,1,342,5,1,0
08/17/2021,BACA,1,2,0,0,3,0,194,151,4,1,345,5,3,0
08/19/2021,BACA,4,0,0,0,4,0,194,155,4,1,349,5,4,0
08/20/2021,BACA,1,0,0,0,1,0,194,156,4,1,350,5,1,0
08/21/2021,BACA,1,0,0,0,1,0,194,157,4,1,351,5,1,0
08/22/2021,BACA,1,0,0,0,1,0,194,158,4,1,352,5,1,0
08/23/2021,BACA,1,0,0,0,1,0,194,159,4,1,353,5,1,0
08/25/2021,BACA,2,0,0,0,2,0,194,161,4,1,355,5,2,0
08/26/2021,BACA,1,1,0,0,2,0,195,162,4,1,357,5,2,0
08/29/2021,BACA,2,0,0,0,2,0,195,164,4,1,359,5,2,0
08/31/2021,BACA,1,0,0,0,1,0,195,165,4,1,360,5,1,0
09/08/2021,BACA,2,1,0,0,3,0,196,167,4,1,363,5,3,0
09/09/2021,BACA,4,2,0,0,6,0,198,171,4,1,369,5,6,0
09/10/2021,BACA,1,1,0,0,2,0,199,172,4,1,371,5,2,0
09/13/2021,BACA,1,0,0,0,1,0,199,173,4,1,372,5,1,0
09/14/2021,BACA,1,5,0,0,6,0,204,174,4,1,378,5,6,0
09/15/2021,BACA,3,1,0,0,4,0,205,177,4,1,382,5,4,0
09/17/2021,BACA,1,0,0,0,1,0,205,178,4,1,383,5,1,0
09/21/2021,BACA,0,2,0,0,2,0,207,178,4,1,385,5,2,0
09/22/2021,BACA,2,0,0,0,2,0,207,180,4,1,387,5,2,0
09/23/2021,BACA,2,1,0,0,3,0,208,182,4,1,390,5,3,0
09/25/2021,BACA,0,1,0,0,1,0,209,182,4,1,391,5,1,0
09/27/2021,BACA,0,1,0,0,1,0,210,182,4,1,392,5,1,0
09/28/2021,BACA,2,4,0,0,6,0,214,184,4,1,398,5,6,0
09/29/2021,BACA,1,1,0,0,2,0,215,185,4,1,400,5,2,0
09/30/2021,BACA,1,0,0,0,1,0,215,186,4,1,401,5,1,0
10/01/2021,BACA,0,2,0,0,2,0,217,186,4,1,403,5,2,0
10/02/2021,BACA,0,2,0,0,2,0,219,186,4,1,405,5,2,0
10/03/2021,BACA,1,0,0,0,1,0,219,187,4,1,406,5,1,0
10/08/2021,BACA,2,0,0,0,2,0,219,189,4,1,408,5,2,0
10/09/2021,BACA,1,2,0,0,3,0,221,190,4,1,411,5,3,0
10/11/2021,BACA,3,0,0,0,3,0,221,193,4,1,414,5,3,0
10/12/2021,BACA,1,1,0,0,2,0,222,194,4,1,416,5,2,0
10/13/2021,BACA,0,1,0,0,1,0,223,194,4,1,417,5,1,0
10/14/2021,BACA,1,1,0,0,2,0,224,195,4,1,419,5,2,0
10/15/2021,BACA,1,1,0,0,2,0,225,196,4,1,421,5,2,0
10/17/2021,BACA,0,2,0,0,2,0,227,196,4,1,423,5,2,0
10/18/2021,BACA,2,0,0,0,2,0,227,198,4,1,425,5,2,0
10/19/2021,BACA,3,7,0,0,10,0,234,201,4,1,435,5,10,0
10/20/2021,BACA,0,2,0,0,2,0,236,201,4,1,437,5,2,0
10/21/2021,BACA,2,0,0,0,2,0,236,203,4,1,439,5,2,0
10/22/2021,BACA,1,1,0,0,2,0,237,204,4,1,441,5,2,0
10/24/2021,BACA,2,0,0,0,2,0,237,206,4,1,443,5,2,0
10/25/2021,BACA,3,0,0,0,3,0,237,209,4,1,446,5,3,0
10/26/2021,BACA,2,3,0,0,5,0,240,211,4,1,451,5,5,0
10/27/2021,BACA,3,2,0,0,5,0,242,214,4,1,456,5,5,0
10/28/2021,BACA,2,2,0,0,4,0,244,216,4,1,460,5,4,0
10/29/2021,BACA,0,3,0,0,3,0,247,216,4,1,463,5,3,0
10/30/2021,BACA,0,1,0,0,1,0,248,216,4,1,464,5,1,0
11/01/2021,BACA,5,9,0,0,14,0,257,221,4,1,478,5,14,0
11/02/2021,BACA,5,10,0,0,15,0,267,226,4,1,493,5,15,0
11/03/2021,BACA,3,1,0,0,4,0,268,229,4,1,497,5,4,0
11/04/2021,BACA,2,6,0,0,8,0,274,231,4,1,505,5,8,0
11/05/2021,BACA,0,2,0,0,2,0,276,231,4,1,507,5,2,0
11/07/2021,BACA,0,1,0,0,1,0,277,231,4,1,508,5,1,0
11/08/2021,BACA,5,0,0,0,5,0,277,236,4,1,513,5,5,0
11/09/2021,BACA,2,7,0,0,9,0,284,238,4,1,522,5,9,0
11/10/2021,BACA,2,0,0,0,2,0,284,240,4,1,524,5,2,0
11/11/2021,BACA,0,3,0,0,3,0,287,240,4,1,527,5,3,0
11/12/2021,BACA,1,2,0,0,3,0,289,241,4,1,530,5,3,0
11/15/2021,BACA,1,4,0,0,5,0,293,242,4,1,535,5,5,0
11/16/2021,BACA,2,7,0,0,9,0,300,244,4,1,544,5,9,0
11/18/2021,BACA,0,1,0,0,1,0,301,244,4,1,545,5,1,0
11/19/2021,BACA,1,1,0,0,2,0,302,245,4,1,547,5,2,0
11/22/2021,BACA,2,0,0,0,2,0,302,247,4,1,549,5,2,0
11/23/2021,BACA,5,7,0,0,12,0,309,252,4,1,561,5,12,0
11/24/2021,BACA,0,1,0,0,1,0,310,252,4,1,562,5,1,0
11/26/2021,BACA,1,0,1,0,1,1,310,253,4,2,563,6,1,1
11/27/2021,BACA,0,1,0,0,1,0,311,253,4,2,564,6,1,0
11/29/2021,BACA,0,2,0,0,2,0,313,253,4,2,566,6,2,0
11/30/2021,BACA,4,0,0,0,4,0,313,257,4,2,570,6,4,0
12/03/2021,BACA,0,1,0,0,1,0,314,257,4,2,571,6,1,0
12/05/2021,BACA,0,1,0,0,1,0,315,257,4,2,572,6,1,0
12/06/2021,BACA,1,1,0,0,2,0,316,258,4,2,574,6,2,0
12/07/2021,BACA,0,3,0,1,3,1,319,258,5,2,577,7,3,1
12/08/2021,BACA,0,2,0,0,2,0,321,258,5,2,579,7,2,0
12/10/2021,BACA,1,0,0,0,1,0,321,259,5,2,580,7,1,0
12/14/2021,BACA,2,1,0,0,3,0,322,261,5,2,583,7,3,0
12/18/2021,BACA,0,1,0,0,1,0,323,261,5,2,584,7,1,0
12/19/2021,BACA,0,1,0,0,1,0,324,261,5,2,585,7,1,0
12/20/2021,BACA,2,0,0,0,2,0,324,263,5,2,587,7,2,0
12/21/2021,BACA,1,1,0,0,2,0,325,264,5,2,589,7,2,0
12/23/2021,BACA,2,0,0,0,2,0,325,266,5,2,591,7,2,0
12/29/2021,BACA,0,1,0,0,1,0,326,266,5,2,592,7,1,0
12/31/2021,BACA,0,1,0,0,1,0,327,266,5,2,593,7,1,0
01/01/2022,BACA,0,1,0,0,1,0,328,266,5,2,594,7,1,0
01/03/2022,BACA,2,0,0,0,2,0,328,268,5,2,596,7,2,0
01/04/2022,BACA,1,5,0,0,6,0,333,269,5,2,602,7,6,0
01/05/2022,BACA,2,0,1,0,2,1,333,271,5,3,604,8,2,1
01/09/2022,BACA,1,0,0,0,1,0,333,272,5,3,605,8,1,0
01/10/2022,BACA,1,0,0,0,1,0,333,273,5,3,606,8,1,0
01/11/2022,BACA,2,2,0,0,4,0,335,275,5,3,610,8,4,0
01/12/2022,BACA,3,0,0,0,3,0,335,278,5,3,613,8,3,0
01/13/2022,BACA,1,1,0,0,2,0,336,279,5,3,615,8,2,0
01/14/2022,BACA,2,2,0,0,4,0,338,281,5,3,619,8,4,0
01/15/2022,BACA,1,0,0,0,1,0,338,282,5,3,620,8,1,0
01/17/2022,BACA,2,5,0,0,7,0,343,284,5,3,627,8,7,0
01/18/2022,BACA,2,20,0,0,22,0,363,286,5,3,649,8,22,0
01/19/2022,BACA,2,6,0,0,8,0,369,288,5,3,657,8,8,0
01/20/2022,BACA,1,4,0,0,5,0,373,289,5,3,662,8,5,0
01/21/2022,BACA,2,3,0,0,5,0,376,291,5,3,667,8,5,0
01/22/2022,BACA,1,4,0,0,5,0,380,292,5,3,672,8,5,0
01/23/2022,BACA,0,1,0,0,1,0,381,292,5,3,673,8,1,0
01/24/2022,BACA,6,3,0,0,9,0,384,298,5,3,682,8,9,0
01/25/2022,BACA,2,21,0,0,23,0,405,300,5,3,705,8,23,0
01/26/2022,BACA,3,2,0,0,5,0,407,303,5,3,710,8,5,0
01/27/2022,BACA,1,2,0,0,3,0,409,304,5,3,713,8,3,0
01/28/2022,BACA,2,0,0,0,2,0,409,306,5,3,715,8,2,0
01/29/2022,BACA,1,4,0,0,5,0,413,307,5,3,720,8,5,0
01/31/2022,BACA,3,3,0,0,6,0,416,310,5,3,726,8,6,0
02/01/2022,BACA,4,19,0,0,23,0,435,314,5,3,749,8,23,0
02/02/2022,BACA,4,2,0,0,6,0,437,318,5,3,755,8,6,0
02/03/2022,BACA,5,1,0,0,6,0,438,323,5,3,761,8,6,0
02/04/2022,BACA,9,3,0,0,12,0,441,332,5,3,773,8,12,0
02/05/2022,BACA,2,0,0,0,2,0,441,334,5,3,775,8,2,0
02/07/2022,BACA,0,1,0,0,1,0,442,334,5,3,776,8,1,0
02/08/2022,BACA,3,12,0,0,15,0,454,337,5,3,791,8,15,0
02/09/2022,BACA,10,6,0,0,16,0,460,347,5,3,807,8,16,0
02/10/2022,BACA,1,0,0,0,1,0,460,348,5,3,808,8,1,0
02/12/2022,BACA,2,1,0,0,3,0,461,350,5,3,811,8,3,0
02/13/2022,BACA,0,1,0,0,1,0,462,350,5,3,812,8,1,0
02/14/2022,BACA,0,1,0,0,1,0,463,350,5,3,813,8,1,0
02/15/2022,BACA,1,1,0,0,2,0,464,351,5,3,815,8,2,0
02/16/2022,BACA,1,0,0,0,1,0,464,352,5,3,816,8,1,0
02/18/2022,BACA,1,0,0,0,1,0,464,353,5,3,817,8,1,0
02/19/2022,BACA,0,2,0,0,2,0,466,353,5,3,819,8,2,0
02/23/2022,BACA,0,1,0,0,1,0,467,353,5,3,820,8,1,0
02/25/2022,BACA,1,2,0,0,3,0,469,354,5,3,823,8,3,0
02/26/2022,BACA,0,2,0,0,2,0,471,354,5,3,825,8,2,0
02/27/2022,BACA,0,1,0,0,1,0,472,354,5,3,826,8,1,0
02/28/2022,BACA,0,1,0,0,1,0,473,354,5,3,827,8,1,0
03/01/2022,BACA,0,1,0,0,1,0,474,354,5,3,828,8,1,0
03/17/2022,BACA,0,1,0,0,1,0,475,354,5,3,829,8,1,0
03/18/2022,BACA,0,1,0,0,1,0,476,354,5,3,830,8,1,0
03/20/2022,BACA,0,1,0,0,1,0,477,354,5,3,831,8,1,0
05/09/2020,BENT,0,1,0,0,1,0,1,0,0,0,1,0,-830,-8
05/17/2020,BENT,0,1,0,0,1,0,2,0,0,0,2,0,1,0
06/06/2020,BENT,0,1,0,0,1,0,3,0,0,0,3,0,1,0
06/21/2020,BENT,0,1,0,0,1,0,4,0,0,0,4,0,1,0
07/14/2020,BENT,0,1,0,0,1,0,5,0,0,0,5,0,1,0
07/29/2020,BENT,0,1,0,0,1,0,6,0,0,0,6,0,1,0
07/31/2020,BENT,0,2,0,0,2,0,8,0,0,0,8,0,2,0
08/06/2020,BENT,0,1,0,0,1,0,9,0,0,0,9,0,1,0
08/14/2020,BENT,0,1,0,0,1,0,10,0,0,0,10,0,1,0
08/15/2020,BENT,0,1,0,0,1,0,11,0,0,0,11,0,1,0
08/28/2020,BENT,0,1,0,0,1,0,12,0,0,0,12,0,1,0
10/13/2020,BENT,0,1,0,0,1,0,13,0,0,0,13,0,1,0
10/21/2020,BENT,0,1,0,0,1,0,14,0,0,0,14,0,1,0
10/22/2020,BENT,0,1,0,0,1,0,15,0,0,0,15,0,1,0
10/28/2020,BENT,0,2,0,0,2,0,17,0,0,0,17,0,2,0
10/29/2020,BENT,0,2,0,0,2,0,19,0,0,0,19,0,2,0
11/01/2020,BENT,0,1,0,0,1,0,20,0,0,0,20,0,1,0
11/03/2020,BENT,0,3,0,1,3,1,23,0,1,0,23,1,3,1
11/05/2020,BENT,0,1,0,0,1,0,24,0,1,0,24,1,1,0
11/06/2020,BENT,0,1,0,0,1,0,25,0,1,0,25,1,1,0
11/08/2020,BENT,0,2,0,0,2,0,27,0,1,0,27,1,2,0
11/10/2020,BENT,0,2,0,0,2,0,29,0,1,0,29,1,2,0
11/11/2020,BENT,0,1,0,0,1,0,30,0,1,0,30,1,1,0
11/12/2020,BENT,0,1,0,0,1,0,31,0,1,0,31,1,1,0
11/13/2020,BENT,0,3,0,0,3,0,34,0,1,0,34,1,3,0
11/15/2020,BENT,0,1,0,0,1,0,35,0,1,0,35,1,1,0
11/16/2020,BENT,0,3,0,0,3,0,38,0,1,0,38,1,3,0
11/17/2020,BENT,0,3,0,0,3,0,41,0,1,0,41,1,3,0
11/18/2020,BENT,0,6,0,0,6,0,47,0,1,0,47,1,6,0
11/19/2020,BENT,0,11,0,0,11,0,58,0,1,0,58,1,11,0
11/20/2020,BENT,0,10,0,0,10,0,68,0,1,0,68,1,10,0
11/21/2020,BENT,0,5,0,0,5,0,73,0,1,0,73,1,5,0
11/22/2020,BENT,0,7,0,0,7,0,80,0,1,0,80,1,7,0
11/23/2020,BENT,0,6,0,0,6,0,86,0,1,0,86,1,6,0
11/24/2020,BENT,1,2,0,0,3,0,88,1,1,0,89,1,3,0
11/25/2020,BENT,0,45,0,0,45,0,133,1,1,0,134,1,45,0
11/26/2020,BENT,0,38,0,1,38,1,171,1,2,0,172,2,38,1
11/27/2020,BENT,0,39,0,0,39,0,210,1,2,0,211,2,39,0
11/28/2020,BENT,0,5,0,0,5,0,215,1,2,0,216,2,5,0
11/29/2020,BENT,0,5,0,0,5,0,220,1,2,0,221,2,5,0
11/30/2020,BENT,0,15,0,2,15,2,235,1,4,0,236,4,15,2
12/01/2020,BENT,0,4,0,0,4,0,239,1,4,0,240,4,4,0
12/02/2020,BENT,0,118,0,3,118,3,357,1,7,0,358,7,118,3
12/03/2020,BENT,0,103,0,6,103,6,460,1,13,0,461,13,103,6
12/04/2020,BENT,0,7,0,0,7,0,467,1,13,0,468,13,7,0
12/05/2020,BENT,0,12,0,0,12,0,479,1,13,0,480,13,12,0
12/06/2020,BENT,0,5,0,0,5,0,484,1,13,0,485,13,5,0
12/07/2020,BENT,0,3,0,0,3,0,487,1,13,0,488,13,3,0
12/08/2020,BENT,0,4,0,0,4,0,491,1,13,0,492,13,4,0
12/09/2020,BENT,0,224,0,0,224,0,715,1,13,0,716,13,224,0
12/10/2020,BENT,0,10,0,0,10,0,725,1,13,0,726,13,10,0
12/11/2020,BENT,0,13,0,0,13,0,738,1,13,0,739,13,13,0
12/12/2020,BENT,0,3,0,0,3,0,741,1,13,0,742,13,3,0
12/13/2020,BENT,0,5,0,1,5,1,746,1,14,0,747,14,5,1
12/14/2020,BENT,0,9,0,1,9,1,755,1,15,0,756,15,9,1
12/15/2020,BENT,0,8,0,0,8,0,763,1,15,0,764,15,8,0
12/16/2020,BENT,1,128,1,0,129,1,891,2,15,1,893,16,129,1
12/17/2020,BENT,2,9,0,1,11,1,900,4,16,1,904,17,11,1
12/18/2020,BENT,0,9,0,0,9,0,909,4,16,1,913,17,9,0
12/19/2020,BENT,0,10,0,0,10,0,919,4,16,1,923,17,10,0
12/20/2020,BENT,0,4,0,0,4,0,923,4,16,1,927,17,4,0
12/21/2020,BENT,2,5,0,0,7,0,928,6,16,1,934,17,7,0
12/22/2020,BENT,1,1,0,0,2,0,929,7,16,1,936,17,2,0
12/23/2020,BENT,0,9,0,1,9,1,938,7,17,1,945,18,9,1
12/24/2020,BENT,0,85,0,1,85,1,1023,7,18,1,1030,19,85,1
12/25/2020,BENT,0,1,0,0,1,0,1024,7,18,1,1031,19,1,0
12/26/2020,BENT,0,1,0,0,1,0,1025,7,18,1,1032,19,1,0
12/28/2020,BENT,0,2,0,1,2,1,1027,7,19,1,1034,20,2,1
12/29/2020,BENT,1,2,0,0,3,0,1029,8,19,1,1037,20,3,0
12/30/2020,BENT,0,9,0,0,9,0,1038,8,19,1,1046,20,9,0
12/31/2020,BENT,0,97,0,0,97,0,1135,8,19,1,1143,20,97,0
01/01/2021,BENT,0,4,0,0,4,0,1139,8,19,1,1147,20,4,0
01/02/2021,BENT,0,2,0,0,2,0,1141,8,19,1,1149,20,2,0
01/03/2021,BENT,0,2,0,0,2,0,1143,8,19,1,1151,20,2,0
01/04/2021,BENT,4,2,0,0,6,0,1145,12,19,1,1157,20,6,0
01/05/2021,BENT,1,1,0,0,2,0,1146,13,19,1,1159,20,2,0
01/06/2021,BENT,0,60,0,0,60,0,1206,13,19,1,1219,20,60,0
01/07/2021,BENT,0,7,0,0,7,0,1213,13,19,1,1226,20,7,0
01/08/2021,BENT,0,1,0,0,1,0,1214,13,19,1,1227,20,1,0
01/09/2021,BENT,0,5,0,1,5,1,1219,13,20,1,1232,21,5,1
01/10/2021,BENT,0,3,0,0,3,0,1222,13,20,1,1235,21,3,0
01/11/2021,BENT,2,5,0,0,7,0,1227,15,20,1,1242,21,7,0
01/12/2021,BENT,1,0,0,0,1,0,1227,16,20,1,1243,21,1,0
01/13/2021,BENT,0,23,0,0,23,0,1250,16,20,1,1266,21,23,0
01/14/2021,BENT,0,3,0,0,3,0,1253,16,20,1,1269,21,3,0
01/15/2021,BENT,1,0,0,0,1,0,1253,17,20,1,1270,21,1,0
01/17/2021,BENT,0,1,0,0,1,0,1254,17,20,1,1271,21,1,0
01/18/2021,BENT,0,2,0,0,2,0,1256,17,20,1,1273,21,2,0
01/20/2021,BENT,0,8,0,0,8,0,1264,17,20,1,1281,21,8,0
01/21/2021,BENT,0,4,0,0,4,0,1268,17,20,1,1285,21,4,0
01/22/2021,BENT,1,0,0,0,1,0,1268,18,20,1,1286,21,1,0
01/24/2021,BENT,0,1,0,0,1,0,1269,18,20,1,1287,21,1,0
01/25/2021,BENT,0,1,0,0,1,0,1270,18,20,1,1288,21,1,0
01/27/2021,BENT,0,2,0,0,2,0,1272,18,20,1,1290,21,2,0
01/29/2021,BENT,0,1,0,0,1,0,1273,18,20,1,1291,21,1,0
01/30/2021,BENT,0,1,0,0,1,0,1274,18,20,1,1292,21,1,0
02/01/2021,BENT,0,1,0,0,1,0,1275,18,20,1,1293,21,1,0
02/03/2021,BENT,0,38,0,0,38,0,1313,18,20,1,1331,21,38,0
02/09/2021,BENT,1,0,0,0,1,0,1313,19,20,1,1332,21,1,0
02/10/2021,BENT,0,91,0,0,91,0,1404,19,20,1,1423,21,91,0
02/13/2021,BENT,0,1,0,0,1,0,1405,19,20,1,1424,21,1,0
02/14/2021,BENT,0,1,0,0,1,0,1406,19,20,1,1425,21,1,0
02/15/2021,BENT,0,1,0,0,1,0,1407,19,20,1,1426,21,1,0
02/17/2021,BENT,0,45,0,0,45,0,1452,19,20,1,1471,21,45,0
02/22/2021,BENT,0,1,0,0,1,0,1453,19,20,1,1472,21,1,0
02/24/2021,BENT,1,8,0,0,9,0,1461,20,20,1,1481,21,9,0
03/03/2021,BENT,0,2,0,0,2,0,1463,20,20,1,1483,21,2,0
03/08/2021,BENT,1,0,0,0,1,0,1463,21,20,1,1484,21,1,0
03/10/2021,BENT,0,1,0,0,1,0,1464,21,20,1,1485,21,1,0
03/17/2021,BENT,0,1,0,0,1,0,1465,21,20,1,1486,21,1,0
04/05/2021,BENT,1,1,0,0,2,0,1466,22,20,1,1488,21,2,0
04/09/2021,BENT,0,2,0,0,2,0,1468,22,20,1,1490,21,2,0
04/21/2021,BENT,0,1,0,0,1,0,1469,22,20,1,1491,21,1,0
04/22/2021,BENT,0,2,0,0,2,0,1471,22,20,1,1493,21,2,0
04/23/2021,BENT,1,1,0,0,2,0,1472,23,20,1,1495,21,2,0
04/24/2021,BENT,18,0,0,0,18,0,1472,41,20,1,1513,21,18,0
04/25/2021,BENT,0,1,0,0,1,0,1473,41,20,1,1514,21,1,0
04/26/2021,BENT,1,1,0,0,2,0,1474,42,20,1,1516,21,2,0
04/27/2021,BENT,3,1,0,0,4,0,1475,45,20,1,1520,21,4,0
04/28/2021,BENT,3,0,0,0,3,0,1475,48,20,1,1523,21,3,0
04/29/2021,BENT,0,1,0,0,1,0,1476,48,20,1,1524,21,1,0
05/01/2021,BENT,0,2,0,0,2,0,1478,48,20,1,1526,21,2,0
05/03/2021,BENT,2,0,0,0,2,0,1478,50,20,1,1528,21,2,0
05/05/2021,BENT,0,1,0,0,1,0,1479,50,20,1,1529,21,1,0
05/06/2021,BENT,2,0,0,0,2,0,1479,52,20,1,1531,21,2,0
05/10/2021,BENT,2,0,0,0,2,0,1479,54,20,1,1533,21,2,0
05/11/2021,BENT,3,0,0,0,3,0,1479,57,20,1,1536,21,3,0
05/13/2021,BENT,0,1,0,0,1,0,1480,57,20,1,1537,21,1,0
05/15/2021,BENT,0,1,0,0,1,0,1481,57,20,1,1538,21,1,0
05/18/2021,BENT,0,1,0,0,1,0,1482,57,20,1,1539,21,1,0
05/20/2021,BENT,0,2,0,0,2,0,1484,57,20,1,1541,21,2,0
05/22/2021,BENT,0,1,0,0,1,0,1485,57,20,1,1542,21,1,0
05/23/2021,BENT,0,1,0,1,1,1,1486,57,21,1,1543,22,1,1
05/27/2021,BENT,0,1,0,0,1,0,1487,57,21,1,1544,22,1,0
06/02/2021,BENT,0,1,0,0,1,0,1488,57,21,1,1545,22,1,0
07/05/2021,BENT,1,0,0,0,1,0,1488,58,21,1,1546,22,1,0
07/15/2021,BENT,0,1,0,0,1,0,1489,58,21,1,1547,22,1,0
07/18/2021,BENT,0,2,0,0,2,0,1491,58,21,1,1549,22,2,0
07/20/2021,BENT,0,1,0,0,1,0,1492,58,21,1,1550,22,1,0
07/21/2021,BENT,0,1,0,0,1,0,1493,58,21,1,1551,22,1,0
07/31/2021,BENT,0,1,0,0,1,0,1494,58,21,1,1552,22,1,0
08/10/2021,BENT,0,2,0,0,2,0,1496,58,21,1,1554,22,2,0
08/11/2021,BENT,1,0,0,0,1,0,1496,59,21,1,1555,22,1,0
08/12/2021,BENT,0,1,0,0,1,0,1497,59,21,1,1556,22,1,0
08/23/2021,BENT,0,2,0,0,2,0,1499,59,21,1,1558,22,2,0
08/24/2021,BENT,1,0,0,0,1,0,1499,60,21,1,1559,22,1,0
08/25/2021,BENT,0,3,0,0,3,0,1502,60,21,1,1562,22,3,0
08/26/2021,BENT,1,0,0,0,1,0,1502,61,21,1,1563,22,1,0
08/30/2021,BENT,0,1,0,0,1,0,1503,61,21,1,1564,22,1,0
08/31/2021,BENT,0,1,0,0,1,0,1504,61,21,1,1565,22,1,0
09/01/2021,BENT,0,1,0,0,1,0,1505,61,21,1,1566,22,1,0
09/02/2021,BENT,1,1,0,0,2,0,1506,62,21,1,1568,22,2,0
09/03/2021,BENT,1,1,0,0,2,0,1507,63,21,1,1570,22,2,0
09/06/2021,BENT,1,3,0,0,4,0,1510,64,21,1,1574,22,4,0
09/07/2021,BENT,5,1,0,1,6,1,1511,69,22,1,1580,23,6,1
09/08/2021,BENT,1,1,0,0,2,0,1512,70,22,1,1582,23,2,0
09/09/2021,BENT,1,1,0,0,2,0,1513,71,22,1,1584,23,2,0
09/12/2021,BENT,0,1,0,0,1,0,1514,71,22,1,1585,23,1,0
09/13/2021,BENT,1,1,0,0,2,0,1515,72,22,1,1587,23,2,0
09/14/2021,BENT,0,1,0,0,1,0,1516,72,22,1,1588,23,1,0
09/16/2021,BENT,5,0,0,0,5,0,1516,77,22,1,1593,23,5,0
09/17/2021,BENT,0,1,0,0,1,0,1517,77,22,1,1594,23,1,0
09/18/2021,BENT,0,5,0,0,5,0,1522,77,22,1,1599,23,5,0
09/19/2021,BENT,2,1,0,0,3,0,1523,79,22,1,1602,23,3,0
09/20/2021,BENT,4,2,0,0,6,0,1525,83,22,1,1608,23,6,0
09/21/2021,BENT,4,1,0,0,5,0,1526,87,22,1,1613,23,5,0
09/22/2021,BENT,2,0,0,0,2,0,1526,89,22,1,1615,23,2,0
09/23/2021,BENT,1,0,0,0,1,0,1526,90,22,1,1616,23,1,0
09/24/2021,BENT,2,0,0,0,2,0,1526,92,22,1,1618,23,2,0
09/25/2021,BENT,1,0,0,0,1,0,1526,93,22,1,1619,23,1,0
09/27/2021,BENT,4,1,1,0,5,1,1527,97,22,2,1624,24,5,1
09/28/2021,BENT,1,0,0,0,1,0,1527,98,22,2,1625,24,1,0
09/29/2021,BENT,4,1,0,0,5,0,1528,102,22,2,1630,24,5,0
09/30/2021,BENT,3,0,0,0,3,0,1528,105,22,2,1633,24,3,0
10/01/2021,BENT,1,0,0,0,1,0,1528,106,22,2,1634,24,1,0
10/04/2021,BENT,5,1,0,1,6,1,1529,111,23,2,1640,25,6,1
10/05/2021,BENT,3,0,0,0,3,0,1529,114,23,2,1643,25,3,0
10/06/2021,BENT,1,1,0,0,2,0,1530,115,23,2,1645,25,2,0
10/07/2021,BENT,3,1,0,0,4,0,1531,118,23,2,1649,25,4,0
10/08/2021,BENT,2,0,1,0,2,1,1531,120,23,3,1651,26,2,1
10/09/2021,BENT,0,1,0,0,1,0,1532,120,23,3,1652,26,1,0
10/10/2021,BENT,1,1,1,0,2,1,1533,121,23,4,1654,27,2,1
10/11/2021,BENT,7,1,0,0,8,0,1534,128,23,4,1662,27,8,0
10/12/2021,BENT,7,1,0,0,8,0,1535,135,23,4,1670,27,8,0
10/13/2021,BENT,0,2,0,0,2,0,1537,135,23,4,1672,27,2,0
10/14/2021,BENT,4,1,0,0,5,0,1538,139,23,4,1677,27,5,0
10/15/2021,BENT,1,3,0,0,4,0,1541,140,23,4,1681,27,4,0
10/16/2021,BENT,0,1,0,0,1,0,1542,140,23,4,1682,27,1,0
10/18/2021,BENT,0,2,0,0,2,0,1544,140,23,4,1684,27,2,0
10/19/2021,BENT,4,1,0,1,5,1,1545,144,24,4,1689,28,5,1
10/20/2021,BENT,5,6,0,0,11,0,1551,149,24,4,1700,28,11,0
10/21/2021,BENT,4,0,0,0,4,0,1551,153,24,4,1704,28,4,0
10/22/2021,BENT,4,2,0,0,6,0,1553,157,24,4,1710,28,6,0
10/23/2021,BENT,0,1,0,0,1,0,1554,157,24,4,1711,28,1,0
10/25/2021,BENT,11,1,0,0,12,0,1555,168,24,4,1723,28,12,0
10/26/2021,BENT,3,3,0,0,6,0,1558,171,24,4,1729,28,6,0
10/27/2021,BENT,3,1,0,0,4,0,1559,174,24,4,1733,28,4,0
10/28/2021,BENT,6,2,0,0,8,0,1561,180,24,4,1741,28,8,0
10/29/2021,BENT,3,1,0,0,4,0,1562,183,24,4,1745,28,4,0
10/30/2021,BENT,0,1,0,0,1,0,1563,183,24,4,1746,28,1,0
11/01/2021,BENT,8,3,0,1,11,1,1566,191,25,4,1757,29,11,1
11/02/2021,BENT,7,0,0,0,7,0,1566,198,25,4,1764,29,7,0
11/03/2021,BENT,6,2,0,1,8,1,1568,204,26,4,1772,30,8,1
11/04/2021,BENT,4,0,0,0,4,0,1568,208,26,4,1776,30,4,0
11/05/2021,BENT,3,0,0,0,3,0,1568,211,26,4,1779,30,3,0
11/06/2021,BENT,0,3,0,0,3,0,1571,211,26,4,1782,30,3,0
11/08/2021,BENT,4,0,0,0,4,0,1571,215,26,4,1786,30,4,0
11/09/2021,BENT,7,1,0,0,8,0,1572,222,26,4,1794,30,8,0
11/10/2021,BENT,3,2,0,0,5,0,1574,225,26,4,1799,30,5,0
11/11/2021,BENT,1,2,0,0,3,0,1576,226,26,4,1802,30,3,0
11/12/2021,BENT,1,1,0,0,2,0,1577,227,26,4,1804,30,2,0
11/13/2021,BENT,1,1,0,0,2,0,1578,228,26,4,1806,30,2,0
11/14/2021,BENT,0,2,0,0,2,0,1580,228,26,4,1808,30,2,0
11/15/2021,BENT,12,0,1,0,12,1,1580,240,26,5,1820,31,12,1
11/16/2021,BENT,3,3,0,0,6,0,1583,243,26,5,1826,31,6,0
11/17/2021,BENT,8,2,0,0,10,0,1585,251,26,5,1836,31,10,0
11/18/2021,BENT,7,1,0,0,8,0,1586,258,26,5,1844,31,8,0
11/19/2021,BENT,3,0,0,0,3,0,1586,261,26,5,1847,31,3,0
11/20/2021,BENT,0,5,0,0,5,0,1591,261,26,5,1852,31,5,0
11/21/2021,BENT,0,2,0,0,2,0,1593,261,26,5,1854,31,2,0
11/22/2021,BENT,15,0,1,0,15,1,1593,276,26,6,1869,32,15,1
11/23/2021,BENT,4,1,0,0,5,0,1594,280,26,6,1874,32,5,0
11/24/2021,BENT,2,4,0,3,6,3,1598,282,29,6,1880,35,6,3
11/27/2021,BENT,0,1,0,0,1,0,1599,282,29,6,1881,35,1,0
11/28/2021,BENT,0,1,0,0,1,0,1600,282,29,6,1882,35,1,0
11/29/2021,BENT,12,1,2,0,13,2,1601,294,29,8,1895,37,13,2
11/30/2021,BENT,2,1,0,1,3,1,1602,296,30,8,1898,38,3,1
12/01/2021,BENT,5,0,0,0,5,0,1602,301,30,8,1903,38,5,0
12/02/2021,BENT,2,0,0,0,2,0,1602,303,30,8,1905,38,2,0
12/03/2021,BENT,1,1,0,0,2,0,1603,304,30,8,1907,38,2,0
12/04/2021,BENT,0,1,0,0,1,0,1604,304,30,8,1908,38,1,0
12/05/2021,BENT,0,1,0,1,1,1,1605,304,31,8,1909,39,1,1
12/06/2021,BENT,8,0,0,0,8,0,1605,312,31,8,1917,39,8,0
12/07/2021,BENT,2,2,0,1,4,1,1607,314,32,8,1921,40,4,1
12/09/2021,BENT,2,0,1,0,2,1,1607,316,32,9,1923,41,2,1
12/10/2021,BENT,2,2,0,0,4,0,1609,318,32,9,1927,41,4,0
12/12/2021,BENT,0,1,0,1,1,1,1610,318,33,9,1928,42,1,1
12/13/2021,BENT,5,2,0,0,7,0,1612,323,33,9,1935,42,7,0
12/14/2021,BENT,5,1,0,1,6,1,1613,328,34,9,1941,43,6,1
12/16/2021,BENT,1,0,0,0,1,0,1613,329,34,9,1942,43,1,0
12/20/2021,BENT,1,1,0,0,2,0,1614,330,34,9,1944,43,2,0
12/21/2021,BENT,1,2,0,1,3,1,1616,331,35,9,1947,44,3,1
12/22/2021,BENT,0,1,0,0,1,0,1617,331,35,9,1948,44,1,0
12/27/2021,BENT,0,2,0,0,2,0,1619,331,35,9,1950,44,2,0
12/28/2021,BENT,2,0,0,0,2,0,1619,333,35,9,1952,44,2,0
12/29/2021,BENT,2,3,0,0,5,0,1622,335,35,9,1957,44,5,0
12/30/2021,BENT,1,2,0,0,3,0,1624,336,35,9,1960,44,3,0
12/31/2021,BENT,0,1,0,0,1,0,1625,336,35,9,1961,44,1,0
01/02/2022,BENT,0,1,0,0,1,0,1626,336,35,9,1962,44,1,0
01/04/2022,BENT,3,0,0,0,3,0,1626,339,35,9,1965,44,3,0
01/05/2022,BENT,4,3,0,1,7,1,1629,343,36,9,1972,45,7,1
01/06/2022,BENT,1,1,0,0,2,0,1630,344,36,9,1974,45,2,0
01/07/2022,BENT,1,1,0,0,2,0,1631,345,36,9,1976,45,2,0
01/09/2022,BENT,0,3,0,0,3,0,1634,345,36,9,1979,45,3,0
01/10/2022,BENT,1,0,0,0,1,0,1634,346,36,9,1980,45,1,0
01/11/2022,BENT,16,0,0,0,16,0,1634,362,36,9,1996,45,16,0
01/12/2022,BENT,8,3,0,0,11,0,1637,370,36,9,2007,45,11,0
01/13/2022,BENT,12,3,0,0,15,0,1640,382,36,9,2022,45,15,0
01/14/2022,BENT,4,0,1,0,4,1,1640,386,36,10,2026,46,4,1
01/15/2022,BENT,11,2,0,0,13,0,1642,397,36,10,2039,46,13,0
01/16/2022,BENT,1,5,0,0,6,0,1647,398,36,10,2045,46,6,0
01/17/2022,BENT,12,1,0,0,13,0,1648,410,36,10,2058,46,13,0
01/18/2022,BENT,19,3,0,1,22,1,1651,429,37,10,2080,47,22,1
01/19/2022,BENT,9,1,0,0,10,0,1652,438,37,10,2090,47,10,0
01/20/2022,BENT,18,3,0,0,21,0,1655,456,37,10,2111,47,21,0
01/21/2022,BENT,6,5,0,0,11,0,1660,462,37,10,2122,47,11,0
01/22/2022,BENT,2,1,0,0,3,0,1661,464,37,10,2125,47,3,0
01/23/2022,BENT,0,1,0,0,1,0,1662,464,37,10,2126,47,1,0
01/24/2022,BENT,16,6,0,0,22,0,1668,480,37,10,2148,47,22,0
01/25/2022,BENT,11,14,0,0,25,0,1682,491,37,10,2173,47,25,0
01/26/2022,BENT,4,19,0,0,23,0,1701,495,37,10,2196,47,23,0
01/27/2022,BENT,4,2,0,0,6,0,1703,499,37,10,2202,47,6,0
01/28/2022,BENT,0,2,0,0,2,0,1705,499,37,10,2204,47,2,0
01/29/2022,BENT,2,2,0,0,4,0,1707,501,37,10,2208,47,4,0
01/30/2022,BENT,0,9,0,0,9,0,1716,501,37,10,2217,47,9,0
01/31/2022,BENT,19,49,0,0,68,0,1765,520,37,10,2285,47,68,0
02/01/2022,BENT,6,5,0,0,11,0,1770,526,37,10,2296,47,11,0
02/02/2022,BENT,1,3,0,0,4,0,1773,527,37,10,2300,47,4,0
02/03/2022,BENT,2,46,0,0,48,0,1819,529,37,10,2348,47,48,0
02/05/2022,BENT,0,57,0,0,57,0,1876,529,37,10,2405,47,57,0
02/06/2022,BENT,0,18,0,0,18,0,1894,529,37,10,2423,47,18,0
02/07/2022,BENT,7,2,0,0,9,0,1896,536,37,10,2432,47,9,0
02/08/2022,BENT,4,4,0,0,8,0,1900,540,37,10,2440,47,8,0
02/09/2022,BENT,3,3,0,0,6,0,1903,543,37,10,2446,47,6,0
02/10/2022,BENT,0,6,0,0,6,0,1909,543,37,10,2452,47,6,0
02/11/2022,BENT,1,17,0,0,18,0,1926,544,37,10,2470,47,18,0
02/14/2022,BENT,2,1,0,0,3,0,1927,546,37,10,2473,47,3,0
02/15/2022,BENT,5,1,0,0,6,0,1928,551,37,10,2479,47,6,0
02/16/2022,BENT,2,0,0,0,2,0,1928,553,37,10,2481,47,2,0
02/17/2022,BENT,5,2,0,0,7,0,1930,558,37,10,2488,47,7,0
02/18/2022,BENT,1,0,0,0,1,0,1930,559,37,10,2489,47,1,0
02/20/2022,BENT,0,1,0,0,1,0,1931,559,37,10,2490,47,1,0
02/21/2022,BENT,0,1,0,0,1,0,1932,559,37,10,2491,47,1,0
02/22/2022,BENT,3,0,0,0,3,0,1932,562,37,10,2494,47,3,0
02/24/2022,BENT,1,2,0,0,3,0,1934,563,37,10,2497,47,3,0
02/28/2022,BENT,1,0,0,0,1,0,1934,564,37,10,2498,47,1,0
03/02/2022,BENT,1,1,0,0,2,0,1935,565,37,10,2500,47,2,0
03/03/2022,BENT,0,1,0,0,1,0,1936,565,37,10,2501,47,1,0
03/14/2020,BOULDER,0,1,0,0,1,0,1,0,0,0,1,0,-2500,-47
03/15/2020,BOULDER,0,5,0,0,5,0,6,0,0,0,6,0,5,0
03/16/2020,BOULDER,0,1,0,0,1,0,7,0,0,0,7,0,1,0
03/18/2020,BOULDER,0,7,0,0,7,0,14,0,0,0,14,0,7,0
03/19/2020,BOULDER,0,5,0,0,5,0,19,0,0,0,19,0,5,0
03/20/2020,BOULDER,0,10,0,0,10,0,29,0,0,0,29,0,10,0
03/21/2020,BOULDER,0,8,0,2,8,2,37,0,2,0,37,2,8,2
03/22/2020,BOULDER,0,2,0,0,2,0,39,0,2,0,39,2,2,0
03/23/2020,BOULDER,0,8,0,0,8,0,47,0,2,0,47,2,8,0
03/24/2020,BOULDER,0,3,0,0,3,0,50,0,2,0,50,2,3,0
03/25/2020,BOULDER,0,16,0,1,16,1,66,0,3,0,66,3,16,1
03/26/2020,BOULDER,1,9,0,2,10,2,75,1,5,0,76,5,10,2
03/27/2020,BOULDER,0,7,0,0,7,0,82,1,5,0,83,5,7,0
03/28/2020,BOULDER,0,6,0,0,6,0,88,1,5,0,89,5,6,0
03/29/2020,BOULDER,0,11,0,0,11,0,99,1,5,0,100,5,11,0
03/30/2020,BOULDER,0,8,0,0,8,0,107,1,5,0,108,5,8,0
03/31/2020,BOULDER,2,9,1,2,11,3,116,3,7,1,119,8,11,3
04/01/2020,BOULDER,1,17,0,3,18,3,133,4,10,1,137,11,18,3
04/02/2020,BOULDER,2,10,0,3,12,3,143,6,13,1,149,14,12,3
04/03/2020,BOULDER,3,8,0,0,11,0,151,9,13,1,160,14,11,0
04/04/2020,BOULDER,13,11,0,6,24,6,162,22,19,1,184,20,24,6
04/05/2020,BOULDER,2,11,0,5,13,5,173,24,24,1,197,25,13,5
04/06/2020,BOULDER,9,4,0,0,13,0,177,33,24,1,210,25,13,0
04/07/2020,BOULDER,2,4,0,0,6,0,181,35,24,1,216,25,6,0
04/08/2020,BOULDER,0,15,0,2,15,2,196,35,26,1,231,27,15,2
04/09/2020,BOULDER,2,9,0,1,11,1,205,37,27,1,242,28,11,1
04/10/2020,BOULDER,2,12,0,2,14,2,217,39,29,1,256,30,14,2
04/11/2020,BOULDER,8,10,2,0,18,2,227,47,29,3,274,32,18,2
04/12/2020,BOULDER,3,15,0,6,18,6,242,50,35,3,292,38,18,6
04/13/2020,BOULDER,2,13,1,4,15,5,255,52,39,4,307,43,15,5
04/14/2020,BOULDER,1,5,0,2,6,2,260,53,41,4,313,45,6,2
04/15/2020,BOULDER,2,5,0,0,7,0,265,55,41,4,320,45,7,0
04/16/2020,BOULDER,4,14,0,4,18,4,279,59,45,4,338,49,18,4
04/17/2020,BOULDER,2,12,0,4,14,4,291,61,49,4,352,53,14,4
04/18/2020,BOULDER,2,6,0,2,8,2,297,63,51,4,360,55,8,2
04/19/2020,BOULDER,2,8,1,2,10,3,305,65,53,5,370,58,10,3
04/20/2020,BOULDER,3,16,0,9,19,9,321,68,62,5,389,67,19,9
04/21/2020,BOULDER,12,18,3,2,30,5,339,80,64,8,419,72,30,5
04/22/2020,BOULDER,4,7,0,1,11,1,346,84,65,8,430,73,11,1
04/23/2020,BOULDER,9,29,4,5,38,9,375,93,70,12,468,82,38,9
04/24/2020,BOULDER,6,23,0,2,29,2,398,99,72,12,497,84,29,2
04/25/2020,BOULDER,2,13,0,0,15,0,411,101,72,12,512,84,15,0
04/26/2020,BOULDER,1,15,0,3,16,3,426,102,75,12,528,87,16,3
04/27/2020,BOULDER,12,17,3,2,29,5,443,114,77,15,557,92,29,5
04/28/2020,BOULDER,1,15,0,0,16,0,458,115,77,15,573,92,16,0
04/29/2020,BOULDER,1,12,0,0,13,0,470,116,77,15,586,92,13,0
04/30/2020,BOULDER,9,26,0,1,35,1,496,125,78,15,621,93,35,1
05/01/2020,BOULDER,6,28,2,1,34,3,524,131,79,17,655,96,34,3
05/02/2020,BOULDER,1,13,0,3,14,3,537,132,82,17,669,99,14,3
05/03/2020,BOULDER,5,8,0,0,13,0,545,137,82,17,682,99,13,0
05/04/2020,BOULDER,1,11,0,1,12,1,556,138,83,17,694,100,12,1
05/05/2020,BOULDER,5,9,1,1,14,2,565,143,84,18,708,102,14,2
05/06/2020,BOULDER,2,14,0,1,16,1,579,145,85,18,724,103,16,1
05/07/2020,BOULDER,3,20,0,1,23,1,599,148,86,18,747,104,23,1
05/08/2020,BOULDER,0,15,0,1,15,1,614,148,87,18,762,105,15,1
05/09/2020,BOULDER,3,16,0,1,19,1,630,151,88,18,781,106,19,1
05/10/2020,BOULDER,1,7,1,1,8,2,637,152,89,19,789,108,8,2
05/11/2020,BOULDER,3,5,1,0,8,1,642,155,89,20,797,109,8,1
05/12/2020,BOULDER,3,7,1,0,10,1,649,158,89,21,807,110,10,1
05/13/2020,BOULDER,0,14,0,2,14,2,663,158,91,21,821,112,14,2
05/14/2020,BOULDER,0,23,0,1,23,1,686,158,92,21,844,113,23,1
05/15/2020,BOULDER,0,8,0,1,8,1,694,158,93,21,852,114,8,1
05/16/2020,BOULDER,1,10,0,0,11,0,704,159,93,21,863,114,11,0
05/17/2020,BOULDER,1,11,0,2,12,2,715,160,95,21,875,116,12,2
05/18/2020,BOULDER,1,8,0,0,9,0,723,161,95,21,884,116,9,0
05/19/2020,BOULDER,0,6,0,0,6,0,729,161,95,21,890,116,6,0
05/20/2020,BOULDER,1,10,0,1,11,1,739,162,96,21,901,117,11,1
05/21/2020,BOULDER,0,10,0,0,10,0,749,162,96,21,911,117,10,0
05/22/2020,BOULDER,0,25,0,3,25,3,774,162,99,21,936,120,25,3
05/23/2020,BOULDER,1,6,0,2,7,2,780,163,101,21,943,122,7,2
05/24/2020,BOULDER,0,6,0,1,6,1,786,163,102,21,949,123,6,1
05/25/2020,BOULDER,0,7,0,0,7,0,793,163,102,21,956,123,7,0
05/26/2020,BOULDER,0,5,0,0,5,0,798,163,102,21,961,123,5,0
05/27/2020,BOULDER,0,12,0,0,12,0,810,163,102,21,973,123,12,0
05/28/2020,BOULDER,0,5,0,0,5,0,815,163,102,21,978,123,5,0
05/29/2020,BOULDER,1,9,0,1,10,1,824,164,103,21,988,124,10,1
05/30/2020,BOULDER,0,7,0,0,7,0,831,164,103,21,995,124,7,0
05/31/2020,BOULDER,1,3,0,0,4,0,834,165,103,21,999,124,4,0
06/01/2020,BOULDER,0,4,0,0,4,0,838,165,103,21,1003,124,4,0
06/02/2020,BOULDER,1,3,0,0,4,0,841,166,103,21,1007,124,4,0
06/03/2020,BOULDER,1,9,0,0,10,0,850,167,103,21,1017,124,10,0
06/04/2020,BOULDER,0,4,0,0,4,0,854,167,103,21,1021,124,4,0
06/05/2020,BOULDER,0,3,0,0,3,0,857,167,103,21,1024,124,3,0
06/06/2020,BOULDER,0,5,0,0,5,0,862,167,103,21,1029,124,5,0
06/07/2020,BOULDER,0,4,0,0,4,0,866,167,103,21,1033,124,4,0
06/08/2020,BOULDER,0,5,0,1,5,1,871,167,104,21,1038,125,5,1
06/09/2020,BOULDER,1,3,0,0,4,0,874,168,104,21,1042,125,4,0
06/10/2020,BOULDER,0,9,0,0,9,0,883,168,104,21,1051,125,9,0
06/11/2020,BOULDER,0,10,0,0,10,0,893,168,104,21,1061,125,10,0
06/12/2020,BOULDER,2,22,0,1,24,1,915,170,105,21,1085,126,24,1
06/13/2020,BOULDER,2,3,0,0,5,0,918,172,105,21,1090,126,5,0
06/14/2020,BOULDER,0,15,0,0,15,0,933,172,105,21,1105,126,15,0
06/15/2020,BOULDER,0,15,0,0,15,0,948,172,105,21,1120,126,15,0
06/16/2020,BOULDER,1,37,0,0,38,0,985,173,105,21,1158,126,38,0
06/17/2020,BOULDER,0,40,0,0,40,0,1025,173,105,21,1198,126,40,0
06/18/2020,BOULDER,0,43,0,0,43,0,1068,173,105,21,1241,126,43,0
06/19/2020,BOULDER,0,14,0,0,14,0,1082,173,105,21,1255,126,14,0
06/20/2020,BOULDER,1,20,0,0,21,0,1102,174,105,21,1276,126,21,0
06/21/2020,BOULDER,0,14,0,0,14,0,1116,174,105,21,1290,126,14,0
06/22/2020,BOULDER,1,27,0,0,28,0,1143,175,105,21,1318,126,28,0
06/23/2020,BOULDER,0,12,0,0,12,0,1155,175,105,21,1330,126,12,0
06/24/2020,BOULDER,1,15,0,0,16,0,1170,176,105,21,1346,126,16,0
06/25/2020,BOULDER,0,12,0,0,12,0,1182,176,105,21,1358,126,12,0
06/26/2020,BOULDER,1,15,0,0,16,0,1197,177,105,21,1374,126,16,0
06/27/2020,BOULDER,2,12,1,0,14,1,1209,179,105,22,1388,127,14,1
06/28/2020,BOULDER,0,4,0,1,4,1,1213,179,106,22,1392,128,4,1
06/29/2020,BOULDER,2,14,0,0,16,0,1227,181,106,22,1408,128,16,0
06/30/2020,BOULDER,0,14,0,0,14,0,1241,181,106,22,1422,128,14,0
07/01/2020,BOULDER,0,17,0,0,17,0,1258,181,106,22,1439,128,17,0
07/02/2020,BOULDER,0,15,0,0,15,0,1273,181,106,22,1454,128,15,0
07/03/2020,BOULDER,0,8,0,0,8,0,1281,181,106,22,1462,128,8,0
07/04/2020,BOULDER,0,7,0,1,7,1,1288,181,107,22,1469,129,7,1
07/05/2020,BOULDER,0,3,0,0,3,0,1291,181,107,22,1472,129,3,0
07/06/2020,BOULDER,0,14,0,0,14,0,1305,181,107,22,1486,129,14,0
07/07/2020,BOULDER,0,11,0,0,11,0,1316,181,107,22,1497,129,11,0
07/08/2020,BOULDER,0,15,0,1,15,1,1331,181,108,22,1512,130,15,1
07/09/2020,BOULDER,0,12,0,0,12,0,1343,181,108,22,1524,130,12,0
07/10/2020,BOULDER,1,16,0,1,17,1,1359,182,109,22,1541,131,17,1
07/11/2020,BOULDER,0,5,0,0,5,0,1364,182,109,22,1546,131,5,0
07/12/2020,BOULDER,0,16,0,0,16,0,1380,182,109,22,1562,131,16,0
07/13/2020,BOULDER,0,20,0,0,20,0,1400,182,109,22,1582,131,20,0
07/14/2020,BOULDER,0,18,0,0,18,0,1418,182,109,22,1600,131,18,0
07/15/2020,BOULDER,0,24,0,0,24,0,1442,182,109,22,1624,131,24,0
07/16/2020,BOULDER,2,18,0,0,20,0,1460,184,109,22,1644,131,20,0
07/17/2020,BOULDER,6,14,0,1,20,1,1474,190,110,22,1664,132,20,1
07/18/2020,BOULDER,2,8,0,0,10,0,1482,192,110,22,1674,132,10,0
07/19/2020,BOULDER,0,8,0,1,8,1,1490,192,111,22,1682,133,8,1
07/20/2020,BOULDER,2,9,0,0,11,0,1499,194,111,22,1693,133,11,0
07/21/2020,BOULDER,1,20,0,0,21,0,1519,195,111,22,1714,133,21,0
07/22/2020,BOULDER,0,19,0,0,19,0,1538,195,111,22,1733,133,19,0
07/23/2020,BOULDER,3,27,0,0,30,0,1565,198,111,22,1763,133,30,0
07/24/2020,BOULDER,3,31,0,0,34,0,1596,201,111,22,1797,133,34,0
07/25/2020,BOULDER,2,22,0,0,24,0,1618,203,111,22,1821,133,24,0
07/26/2020,BOULDER,0,7,0,0,7,0,1625,203,111,22,1828,133,7,0
07/27/2020,BOULDER,0,32,0,0,32,0,1657,203,111,22,1860,133,32,0
07/28/2020,BOULDER,2,11,0,0,13,0,1668,205,111,22,1873,133,13,0
07/29/2020,BOULDER,0,15,0,0,15,0,1683,205,111,22,1888,133,15,0
07/30/2020,BOULDER,0,24,0,1,24,1,1707,205,112,22,1912,134,24,1
07/31/2020,BOULDER,1,19,0,0,20,0,1726,206,112,22,1932,134,20,0
08/01/2020,BOULDER,2,15,0,0,17,0,1741,208,112,22,1949,134,17,0
08/02/2020,BOULDER,0,16,0,0,16,0,1757,208,112,22,1965,134,16,0
08/03/2020,BOULDER,2,35,0,0,37,0,1792,210,112,22,2002,134,37,0
08/04/2020,BOULDER,2,29,0,0,31,0,1821,212,112,22,2033,134,31,0
08/05/2020,BOULDER,0,14,0,0,14,0,1835,212,112,22,2047,134,14,0
08/06/2020,BOULDER,0,12,0,0,12,0,1847,212,112,22,2059,134,12,0
08/07/2020,BOULDER,2,14,0,0,16,0,1861,214,112,22,2075,134,16,0
08/08/2020,BOULDER,2,7,0,0,9,0,1868,216,112,22,2084,134,9,0
08/09/2020,BOULDER,2,17,0,1,19,1,1885,218,113,22,2103,135,19,1
08/10/2020,BOULDER,1,17,0,0,18,0,1902,219,113,22,2121,135,18,0
08/11/2020,BOULDER,0,6,0,0,6,0,1908,219,113,22,2127,135,6,0
08/12/2020,BOULDER,1,13,0,1,14,1,1921,220,114,22,2141,136,14,1
08/13/2020,BOULDER,1,13,0,0,14,0,1934,221,114,22,2155,136,14,0
08/14/2020,BOULDER,0,4,0,0,4,0,1938,221,114,22,2159,136,4,0
08/15/2020,BOULDER,0,7,0,0,7,0,1945,221,114,22,2166,136,7,0
08/16/2020,BOULDER,0,7,0,0,7,0,1952,221,114,22,2173,136,7,0
08/17/2020,BOULDER,3,5,0,0,8,0,1957,224,114,22,2181,136,8,0
08/18/2020,BOULDER,1,19,0,0,20,0,1976,225,114,22,2201,136,20,0
08/19/2020,BOULDER,1,17,0,0,18,0,1993,226,114,22,2219,136,18,0
08/20/2020,BOULDER,1,16,0,0,17,0,2009,227,114,22,2236,136,17,0
08/21/2020,BOULDER,1,11,0,0,12,0,2020,228,114,22,2248,136,12,0
08/22/2020,BOULDER,0,8,0,0,8,0,2028,228,114,22,2256,136,8,0
08/23/2020,BOULDER,0,5,0,0,5,0,2033,228,114,22,2261,136,5,0
08/24/2020,BOULDER,0,9,0,0,9,0,2042,228,114,22,2270,136,9,0
08/25/2020,BOULDER,1,7,0,0,8,0,2049,229,114,22,2278,136,8,0
08/26/2020,BOULDER,0,8,0,0,8,0,2057,229,114,22,2286,136,8,0
08/27/2020,BOULDER,1,13,0,0,14,0,2070,230,114,22,2300,136,14,0
08/28/2020,BOULDER,2,10,0,0,12,0,2080,232,114,22,2312,136,12,0
08/29/2020,BOULDER,0,12,0,0,12,0,2092,232,114,22,2324,136,12,0
08/30/2020,BOULDER,1,14,0,0,15,0,2106,233,114,22,2339,136,15,0
08/31/2020,BOULDER,0,10,0,0,10,0,2116,233,114,22,2349,136,10,0
09/01/2020,BOULDER,1,8,0,0,9,0,2124,234,114,22,2358,136,9,0
09/02/2020,BOULDER,0,23,0,0,23,0,2147,234,114,22,2381,136,23,0
09/03/2020,BOULDER,0,39,0,0,39,0,2186,234,114,22,2420,136,39,0
09/04/2020,BOULDER,2,16,0,0,18,0,2202,236,114,22,2438,136,18,0
09/05/2020,BOULDER,3,61,0,0,64,0,2263,239,114,22,2502,136,64,0
09/06/2020,BOULDER,0,10,0,0,10,0,2273,239,114,22,2512,136,10,0
09/07/2020,BOULDER,0,17,0,0,17,0,2290,239,114,22,2529,136,17,0
09/08/2020,BOULDER,4,76,0,0,80,0,2366,243,114,22,2609,136,80,0
09/09/2020,BOULDER,6,33,0,0,39,0,2399,249,114,22,2648,136,39,0
09/10/2020,BOULDER,2,51,0,0,53,0,2450,251,114,22,2701,136,53,0
09/11/2020,BOULDER,4,64,0,0,68,0,2514,255,114,22,2769,136,68,0
09/12/2020,BOULDER,2,91,0,0,93,0,2605,257,114,22,2862,136,93,0
09/13/2020,BOULDER,2,68,0,0,70,0,2673,259,114,22,2932,136,70,0
09/14/2020,BOULDER,11,54,0,0,65,0,2727,270,114,22,2997,136,65,0
09/15/2020,BOULDER,11,109,0,0,120,0,2836,281,114,22,3117,136,120,0
09/16/2020,BOULDER,3,69,0,0,72,0,2905,284,114,22,3189,136,72,0
09/17/2020,BOULDER,5,134,0,0,139,0,3039,289,114,22,3328,136,139,0
09/18/2020,BOULDER,2,124,0,0,126,0,3163,291,114,22,3454,136,126,0
09/19/2020,BOULDER,1,150,0,0,151,0,3313,292,114,22,3605,136,151,0
09/20/2020,BOULDER,4,187,0,0,191,0,3500,296,114,22,3796,136,191,0
09/21/2020,BOULDER,11,139,0,0,150,0,3639,307,114,22,3946,136,150,0
09/22/2020,BOULDER,7,144,0,0,151,0,3783,314,114,22,4097,136,151,0
09/23/2020,BOULDER,4,84,0,0,88,0,3867,318,114,22,4185,136,88,0
09/24/2020,BOULDER,8,115,0,2,123,2,3982,326,116,22,4308,138,123,2
09/25/2020,BOULDER,7,57,0,0,64,0,4039,333,116,22,4372,138,64,0
09/26/2020,BOULDER,6,66,0,0,72,0,4105,339,116,22,4444,138,72,0
09/27/2020,BOULDER,1,19,0,0,20,0,4124,340,116,22,4464,138,20,0
09/28/2020,BOULDER,2,50,0,0,52,0,4174,342,116,22,4516,138,52,0
09/29/2020,BOULDER,3,43,0,0,46,0,4217,345,116,22,4562,138,46,0
09/30/2020,BOULDER,3,42,1,0,45,1,4259,348,116,23,4607,139,45,1
10/01/2020,BOULDER,2,36,0,0,38,0,4295,350,116,23,4645,139,38,0
10/02/2020,BOULDER,4,29,0,0,33,0,4324,354,116,23,4678,139,33,0
10/03/2020,BOULDER,1,27,0,0,28,0,4351,355,116,23,4706,139,28,0
10/04/2020,BOULDER,0,12,0,0,12,0,4363,355,116,23,4718,139,12,0
10/05/2020,BOULDER,1,16,0,1,17,1,4379,356,117,23,4735,140,17,1
10/06/2020,BOULDER,0,32,0,0,32,0,4411,356,117,23,4767,140,32,0
10/07/2020,BOULDER,1,32,0,0,33,0,4443,357,117,23,4800,140,33,0
10/08/2020,BOULDER,3,26,0,0,29,0,4469,360,117,23,4829,140,29,0
10/09/2020,BOULDER,3,42,0,1,45,1,4511,363,118,23,4874,141,45,1
10/10/2020,BOULDER,0,20,0,0,20,0,4531,363,118,23,4894,141,20,0
10/11/2020,BOULDER,4,14,0,0,18,0,4545,367,118,23,4912,141,18,0
10/12/2020,BOULDER,2,35,0,1,37,1,4580,369,119,23,4949,142,37,1
10/13/2020,BOULDER,5,21,0,0,26,0,4601,374,119,23,4975,142,26,0
10/14/2020,BOULDER,0,38,0,0,38,0,4639,374,119,23,5013,142,38,0
10/15/2020,BOULDER,0,38,0,2,38,2,4677,374,121,23,5051,144,38,2
10/16/2020,BOULDER,1,37,0,0,38,0,4714,375,121,23,5089,144,38,0
10/17/2020,BOULDER,0,32,0,0,32,0,4746,375,121,23,5121,144,32,0
10/18/2020,BOULDER,0,45,0,0,45,0,4791,375,121,23,5166,144,45,0
10/19/2020,BOULDER,5,37,0,1,42,1,4828,380,122,23,5208,145,42,1
10/20/2020,BOULDER,2,35,0,0,37,0,4863,382,122,23,5245,145,37,0
10/21/2020,BOULDER,3,56,0,0,59,0,4919,385,122,23,5304,145,59,0
10/22/2020,BOULDER,2,64,0,0,66,0,4983,387,122,23,5370,145,66,0
10/23/2020,BOULDER,1,88,0,0,89,0,5071,388,122,23,5459,145,89,0
10/24/2020,BOULDER,3,54,0,0,57,0,5125,391,122,23,5516,145,57,0
10/25/2020,BOULDER,4,73,0,0,77,0,5198,395,122,23,5593,145,77,0
10/26/2020,BOULDER,5,46,0,1,51,1,5244,400,123,23,5644,146,51,1
10/27/2020,BOULDER,4,64,0,2,68,2,5308,404,125,23,5712,148,68,2
10/28/2020,BOULDER,3,89,0,6,92,6,5397,407,131,23,5804,154,92,6
10/29/2020,BOULDER,2,93,0,1,95,1,5490,409,132,23,5899,155,95,1
10/30/2020,BOULDER,2,119,0,3,121,3,5609,411,135,23,6020,158,121,3
10/31/2020,BOULDER,4,137,0,3,141,3,5746,415,138,23,6161,161,141,3
11/01/2020,BOULDER,1,85,0,0,86,0,5831,416,138,23,6247,161,86,0
11/02/2020,BOULDER,3,109,0,0,112,0,5940,419,138,23,6359,161,112,0
11/03/2020,BOULDER,3,101,0,0,104,0,6041,422,138,23,6463,161,104,0
11/04/2020,BOULDER,1,191,0,1,192,1,6232,423,139,23,6655,162,192,1
11/05/2020,BOULDER,4,186,0,2,190,2,6418,427,141,23,6845,164,190,2
11/06/2020,BOULDER,0,177,0,0,177,0,6595,427,141,23,7022,164,177,0
11/07/2020,BOULDER,1,128,0,0,129,0,6723,428,141,23,7151,164,129,0
11/08/2020,BOULDER,0,148,0,2,148,2,6871,428,143,23,7299,166,148,2
11/09/2020,BOULDER,3,181,0,2,184,2,7052,431,145,23,7483,168,184,2
11/10/2020,BOULDER,2,217,0,2,219,2,7269,433,147,23,7702,170,219,2
11/11/2020,BOULDER,7,271,1,1,278,2,7540,440,148,24,7980,172,278,2
11/12/2020,BOULDER,4,312,0,0,316,0,7852,444,148,24,8296,172,316,0
11/13/2020,BOULDER,4,279,0,2,283,2,8131,448,150,24,8579,174,283,2
11/14/2020,BOULDER,1,177,0,0,178,0,8308,449,150,24,8757,174,178,0
11/15/2020,BOULDER,0,146,0,0,146,0,8454,449,150,24,8903,174,146,0
11/16/2020,BOULDER,5,230,0,1,235,1,8684,454,151,24,9138,175,235,1
11/17/2020,BOULDER,6,178,0,1,184,1,8862,460,152,24,9322,176,184,1
11/18/2020,BOULDER,3,276,0,2,279,2,9138,463,154,24,9601,178,279,2
11/19/2020,BOULDER,3,319,0,3,322,3,9457,466,157,24,9923,181,322,3
11/20/2020,BOULDER,8,228,0,1,236,1,9685,474,158,24,10159,182,236,1
11/21/2020,BOULDER,1,128,0,0,129,0,9813,475,158,24,10288,182,129,0
11/22/2020,BOULDER,3,189,0,0,192,0,10002,478,158,24,10480,182,192,0
11/23/2020,BOULDER,6,139,0,1,145,1,10141,484,159,24,10625,183,145,1
11/24/2020,BOULDER,3,182,0,1,185,1,10323,487,160,24,10810,184,185,1
11/25/2020,BOULDER,5,200,0,2,205,2,10523,492,162,24,11015,186,205,2
11/26/2020,BOULDER,2,189,0,1,191,1,10712,494,163,24,11206,187,191,1
11/27/2020,BOULDER,8,132,2,1,140,3,10844,502,164,26,11346,190,140,3
11/28/2020,BOULDER,1,155,0,1,156,1,10999,503,165,26,11502,191,156,1
11/29/2020,BOULDER,4,193,1,1,197,2,11192,507,166,27,11699,193,197,2
11/30/2020,BOULDER,4,245,0,5,249,5,11437,511,171,27,11948,198,249,5
12/01/2020,BOULDER,8,133,1,5,141,6,11570,519,176,28,12089,204,141,6
12/02/2020,BOULDER,1,182,0,2,183,2,11752,520,178,28,12272,206,183,2
12/03/2020,BOULDER,1,174,1,1,175,2,11926,521,179,29,12447,208,175,2
12/04/2020,BOULDER,3,148,0,1,151,1,12074,524,180,29,12598,209,151,1
12/05/2020,BOULDER,2,98,0,2,100,2,12172,526,182,29,12698,211,100,2
12/06/2020,BOULDER,1,146,0,0,147,0,12318,527,182,29,12845,211,147,0
12/07/2020,BOULDER,3,212,0,3,215,3,12530,530,185,29,13060,214,215,3
12/08/2020,BOULDER,5,111,0,2,116,2,12641,535,187,29,13176,216,116,2
12/09/2020,BOULDER,1,96,0,2,97,2,12737,536,189,29,13273,218,97,2
12/10/2020,BOULDER,4,125,0,4,129,4,12862,540,193,29,13402,222,129,4
12/11/2020,BOULDER,5,150,0,1,155,1,13012,545,194,29,13557,223,155,1
12/12/2020,BOULDER,1,72,0,1,73,1,13084,546,195,29,13630,224,73,1
12/13/2020,BOULDER,1,117,0,4,118,4,13201,547,199,29,13748,228,118,4
12/14/2020,BOULDER,5,85,0,2,90,2,13286,552,201,29,13838,230,90,2
12/15/2020,BOULDER,3,92,0,4,95,4,13378,555,205,29,13933,234,95,4
12/16/2020,BOULDER,3,80,0,1,83,1,13458,558,206,29,14016,235,83,1
12/17/2020,BOULDER,1,131,0,0,132,0,13589,559,206,29,14148,235,132,0
12/18/2020,BOULDER,0,61,0,0,61,0,13650,559,206,29,14209,235,61,0
12/19/2020,BOULDER,1,75,0,1,76,1,13725,560,207,29,14285,236,76,1
12/20/2020,BOULDER,1,86,0,0,87,0,13811,561,207,29,14372,236,87,0
12/21/2020,BOULDER,3,93,0,2,96,2,13904,564,209,29,14468,238,96,2
12/22/2020,BOULDER,5,95,1,0,100,1,13999,569,209,30,14568,239,100,1
12/23/2020,BOULDER,0,67,0,1,67,1,14066,569,210,30,14635,240,67,1
12/24/2020,BOULDER,6,106,0,2,112,2,14172,575,212,30,14747,242,112,2
12/25/2020,BOULDER,2,109,0,6,111,6,14281,577,218,30,14858,248,111,6
12/26/2020,BOULDER,0,42,0,1,42,1,14323,577,219,30,14900,249,42,1
12/27/2020,BOULDER,2,91,0,1,93,1,14414,579,220,30,14993,250,93,1
12/28/2020,BOULDER,3,57,0,0,60,0,14471,582,220,30,15053,250,60,0
12/29/2020,BOULDER,9,85,0,0,94,0,14556,591,220,30,15147,250,94,0
12/30/2020,BOULDER,1,94,0,0,95,0,14650,592,220,30,15242,250,95,0
12/31/2020,BOULDER,3,97,1,3,100,4,14747,595,223,31,15342,254,100,4
01/01/2021,BOULDER,1,46,0,2,47,2,14793,596,225,31,15389,256,47,2
01/02/2021,BOULDER,0,92,0,2,92,2,14885,596,227,31,15481,258,92,2
01/03/2021,BOULDER,1,104,0,0,105,0,14989,597,227,31,15586,258,105,0
01/04/2021,BOULDER,3,83,0,1,86,1,15072,600,228,31,15672,259,86,1
01/05/2021,BOULDER,5,63,0,0,68,0,15135,605,228,31,15740,259,68,0
01/06/2021,BOULDER,4,133,0,3,137,3,15268,609,231,31,15877,262,137,3
01/07/2021,BOULDER,4,78,0,2,82,2,15346,613,233,31,15959,264,82,2
01/08/2021,BOULDER,1,129,0,0,130,0,15475,614,233,31,16089,264,130,0
01/09/2021,BOULDER,0,95,0,1,95,1,15570,614,234,31,16184,265,95,1
01/10/2021,BOULDER,2,53,0,0,55,0,15623,616,234,31,16239,265,55,0
01/11/2021,BOULDER,0,59,0,2,59,2,15682,616,236,31,16298,267,59,2
01/12/2021,BOULDER,1,90,0,0,91,0,15772,617,236,31,16389,267,91,0
01/13/2021,BOULDER,8,84,0,1,92,1,15856,625,237,31,16481,268,92,1
01/14/2021,BOULDER,3,77,0,0,80,0,15933,628,237,31,16561,268,80,0
01/15/2021,BOULDER,3,87,0,2,90,2,16020,631,239,31,16651,270,90,2
01/16/2021,BOULDER,1,82,0,1,83,1,16102,632,240,31,16734,271,83,1
01/17/2021,BOULDER,0,26,0,1,26,1,16128,632,241,31,16760,272,26,1
01/18/2021,BOULDER,2,84,0,0,86,0,16212,634,241,31,16846,272,86,0
01/19/2021,BOULDER,6,59,0,6,65,6,16271,640,247,31,16911,278,65,6
01/20/2021,BOULDER,3,67,0,0,70,0,16338,643,247,31,16981,278,70,0
01/21/2021,BOULDER,4,77,0,0,81,0,16415,647,247,31,17062,278,81,0
01/22/2021,BOULDER,2,98,0,1,100,1,16513,649,248,31,17162,279,100,1
01/23/2021,BOULDER,2,52,0,1,54,1,16565,651,249,31,17216,280,54,1
01/24/2021,BOULDER,2,41,0,0,43,0,16606,653,249,31,17259,280,43,0
01/25/2021,BOULDER,3,55,0,1,58,1,16661,656,250,31,17317,281,58,1
01/26/2021,BOULDER,4,98,0,0,102,0,16759,660,250,31,17419,281,102,0
01/27/2021,BOULDER,6,75,0,0,81,0,16834,666,250,31,17500,281,81,0
01/28/2021,BOULDER,5,79,0,2,84,2,16913,671,252,31,17584,283,84,2
01/29/2021,BOULDER,1,54,0,0,55,0,16967,672,252,31,17639,283,55,0
01/30/2021,BOULDER,4,46,0,0,50,0,17013,676,252,31,17689,283,50,0
01/31/2021,BOULDER,1,35,0,0,36,0,17048,677,252,31,17725,283,36,0
02/01/2021,BOULDER,2,39,0,0,41,0,17087,679,252,31,17766,283,41,0
02/02/2021,BOULDER,0,72,0,0,72,0,17159,679,252,31,17838,283,72,0
02/03/2021,BOULDER,2,76,0,1,78,1,17235,681,253,31,17916,284,78,1
02/04/2021,BOULDER,2,99,0,3,101,3,17334,683,256,31,18017,287,101,3
02/05/2021,BOULDER,5,49,0,0,54,0,17383,688,256,31,18071,287,54,0
02/06/2021,BOULDER,1,56,0,0,57,0,17439,689,256,31,18128,287,57,0
02/07/2021,BOULDER,1,53,0,1,54,1,17492,690,257,31,18182,288,54,1
02/08/2021,BOULDER,1,47,0,0,48,0,17539,691,257,31,18230,288,48,0
02/09/2021,BOULDER,1,43,0,0,44,0,17582,692,257,31,18274,288,44,0
02/10/2021,BOULDER,1,89,0,0,90,0,17671,693,257,31,18364,288,90,0
02/11/2021,BOULDER,0,75,0,0,75,0,17746,693,257,31,18439,288,75,0
02/12/2021,BOULDER,0,70,0,0,70,0,17816,693,257,31,18509,288,70,0
02/13/2021,BOULDER,1,35,0,0,36,0,17851,694,257,31,18545,288,36,0
02/14/2021,BOULDER,1,20,0,0,21,0,17871,695,257,31,18566,288,21,0
02/15/2021,BOULDER,1,19,0,0,20,0,17890,696,257,31,18586,288,20,0
02/16/2021,BOULDER,3,80,0,0,83,0,17970,699,257,31,18669,288,83,0
02/17/2021,BOULDER,4,63,0,1,67,1,18033,703,258,31,18736,289,67,1
02/18/2021,BOULDER,5,62,0,1,67,1,18095,708,259,31,18803,290,67,1
02/19/2021,BOULDER,7,55,0,0,62,0,18150,715,259,31,18865,290,62,0
02/20/2021,BOULDER,1,41,0,0,42,0,18191,716,259,31,18907,290,42,0
02/21/2021,BOULDER,1,38,0,0,39,0,18229,717,259,31,18946,290,39,0
02/22/2021,BOULDER,2,28,0,0,30,0,18257,719,259,31,18976,290,30,0
02/23/2021,BOULDER,4,43,0,0,47,0,18300,723,259,31,19023,290,47,0
02/24/2021,BOULDER,5,44,0,0,49,0,18344,728,259,31,19072,290,49,0
02/25/2021,BOULDER,2,65,0,0,67,0,18409,730,259,31,19139,290,67,0
02/26/2021,BOULDER,4,48,0,0,52,0,18457,734,259,31,19191,290,52,0
02/27/2021,BOULDER,1,39,0,0,40,0,18496,735,259,31,19231,290,40,0
02/28/2021,BOULDER,1,44,0,0,45,0,18540,736,259,31,19276,290,45,0
03/01/2021,BOULDER,2,37,0,0,39,0,18577,738,259,31,19315,290,39,0
03/02/2021,BOULDER,1,71,0,0,72,0,18648,739,259,31,19387,290,72,0
03/03/2021,BOULDER,3,52,0,0,55,0,18700,742,259,31,19442,290,55,0
03/04/2021,BOULDER,2,49,0,0,51,0,18749,744,259,31,19493,290,51,0
03/05/2021,BOULDER,1,49,0,0,50,0,18798,745,259,31,19543,290,50,0
03/06/2021,BOULDER,0,44,0,0,44,0,18842,745,259,31,19587,290,44,0
03/07/2021,BOULDER,1,30,0,0,31,0,18872,746,259,31,19618,290,31,0
03/08/2021,BOULDER,2,38,0,0,40,0,18910,748,259,31,19658,290,40,0
03/09/2021,BOULDER,1,46,0,0,47,0,18956,749,259,31,19705,290,47,0
03/10/2021,BOULDER,4,43,0,0,47,0,18999,753,259,31,19752,290,47,0
03/11/2021,BOULDER,2,71,0,1,73,1,19070,755,260,31,19825,291,73,1
03/12/2021,BOULDER,2,87,0,0,89,0,19157,757,260,31,19914,291,89,0
03/13/2021,BOULDER,0,83,0,0,83,0,19240,757,260,31,19997,291,83,0
03/14/2021,BOULDER,1,12,0,0,13,0,19252,758,260,31,20010,291,13,0
03/15/2021,BOULDER,0,5,0,0,5,0,19257,758,260,31,20015,291,5,0
03/16/2021,BOULDER,1,29,0,0,30,0,19286,759,260,31,20045,291,30,0
03/17/2021,BOULDER,1,105,0,0,106,0,19391,760,260,31,20151,291,106,0
03/18/2021,BOULDER,5,102,0,0,107,0,19493,765,260,31,20258,291,107,0
03/19/2021,BOULDER,2,65,0,0,67,0,19558,767,260,31,20325,291,67,0
03/20/2021,BOULDER,3,44,0,0,47,0,19602,770,260,31,20372,291,47,0
03/21/2021,BOULDER,0,5,0,0,5,0,19607,770,260,31,20377,291,5,0
03/22/2021,BOULDER,2,71,0,0,73,0,19678,772,260,31,20450,291,73,0
03/23/2021,BOULDER,8,53,0,0,61,0,19731,780,260,31,20511,291,61,0
03/24/2021,BOULDER,3,56,0,0,59,0,19787,783,260,31,20570,291,59,0
03/25/2021,BOULDER,2,62,0,0,64,0,19849,785,260,31,20634,291,64,0
03/26/2021,BOULDER,6,66,0,0,72,0,19915,791,260,31,20706,291,72,0
03/27/2021,BOULDER,1,68,0,0,69,0,19983,792,260,31,20775,291,69,0
03/28/2021,BOULDER,2,67,0,0,69,0,20050,794,260,31,20844,291,69,0
03/29/2021,BOULDER,1,69,0,0,70,0,20119,795,260,31,20914,291,70,0
03/30/2021,BOULDER,4,99,0,0,103,0,20218,799,260,31,21017,291,103,0
03/31/2021,BOULDER,1,79,0,0,80,0,20297,800,260,31,21097,291,80,0
04/01/2021,BOULDER,6,96,0,1,102,1,20393,806,261,31,21199,292,102,1
04/02/2021,BOULDER,1,87,0,1,88,1,20480,807,262,31,21287,293,88,1
04/03/2021,BOULDER,3,90,0,0,93,0,20570,810,262,31,21380,293,93,0
04/04/2021,BOULDER,3,71,0,0,74,0,20641,813,262,31,21454,293,74,0
04/05/2021,BOULDER,2,52,0,0,54,0,20693,815,262,31,21508,293,54,0
04/06/2021,BOULDER,11,100,0,1,111,1,20793,826,263,31,21619,294,111,1
04/07/2021,BOULDER,6,94,0,0,100,0,20887,832,263,31,21719,294,100,0
04/08/2021,BOULDER,6,81,0,0,87,0,20968,838,263,31,21806,294,87,0
04/09/2021,BOULDER,7,55,0,0,62,0,21023,845,263,31,21868,294,62,0
04/10/2021,BOULDER,4,48,0,0,52,0,21071,849,263,31,21920,294,52,0
04/11/2021,BOULDER,3,40,0,0,43,0,21111,852,263,31,21963,294,43,0
04/12/2021,BOULDER,2,111,0,1,113,1,21222,854,264,31,22076,295,113,1
04/13/2021,BOULDER,4,67,0,0,71,0,21289,858,264,31,22147,295,71,0
04/14/2021,BOULDER,3,62,0,0,65,0,21351,861,264,31,22212,295,65,0
04/15/2021,BOULDER,2,104,0,0,106,0,21455,863,264,31,22318,295,106,0
04/16/2021,BOULDER,8,62,0,0,70,0,21517,871,264,31,22388,295,70,0
04/17/2021,BOULDER,0,43,0,0,43,0,21560,871,264,31,22431,295,43,0
04/18/2021,BOULDER,2,29,0,0,31,0,21589,873,264,31,22462,295,31,0
04/19/2021,BOULDER,6,79,0,0,85,0,21668,879,264,31,22547,295,85,0
04/20/2021,BOULDER,1,58,0,0,59,0,21726,880,264,31,22606,295,59,0
04/21/2021,BOULDER,3,120,0,0,123,0,21846,883,264,31,22729,295,123,0
04/22/2021,BOULDER,2,89,0,0,91,0,21935,885,264,31,22820,295,91,0
04/23/2021,BOULDER,7,86,0,1,93,1,22021,892,265,31,22913,296,93,1
04/24/2021,BOULDER,0,52,0,0,52,0,22073,892,265,31,22965,296,52,0
04/25/2021,BOULDER,3,31,0,0,34,0,22104,895,265,31,22999,296,34,0
04/26/2021,BOULDER,3,65,0,0,68,0,22169,898,265,31,23067,296,68,0
04/27/2021,BOULDER,2,64,0,1,66,1,22233,900,266,31,23133,297,66,1
04/28/2021,BOULDER,4,75,0,0,79,0,22308,904,266,31,23212,297,79,0
04/29/2021,BOULDER,0,72,0,0,72,0,22380,904,266,31,23284,297,72,0
04/30/2021,BOULDER,6,52,0,0,58,0,22432,910,266,31,23342,297,58,0
05/01/2021,BOULDER,4,39,0,0,43,0,22471,914,266,31,23385,297,43,0
05/02/2021,BOULDER,3,13,0,0,16,0,22484,917,266,31,23401,297,16,0
05/03/2021,BOULDER,9,47,0,0,56,0,22531,926,266,31,23457,297,56,0
05/04/2021,BOULDER,0,38,0,0,38,0,22569,926,266,31,23495,297,38,0
05/05/2021,BOULDER,3,41,0,0,44,0,22610,929,266,31,23539,297,44,0
05/06/2021,BOULDER,5,39,0,0,44,0,22649,934,266,31,23583,297,44,0
05/07/2021,BOULDER,4,42,0,0,46,0,22691,938,266,31,23629,297,46,0
05/08/2021,BOULDER,1,34,0,0,35,0,22725,939,266,31,23664,297,35,0
05/09/2021,BOULDER,0,13,0,0,13,0,22738,939,266,31,23677,297,13,0
05/10/2021,BOULDER,2,15,0,0,17,0,22753,941,266,31,23694,297,17,0
05/11/2021,BOULDER,1,34,0,1,35,1,22787,942,267,31,23729,298,35,1
05/12/2021,BOULDER,1,38,0,0,39,0,22825,943,267,31,23768,298,39,0
05/13/2021,BOULDER,1,11,0,0,12,0,22836,944,267,31,23780,298,12,0
05/14/2021,BOULDER,1,21,0,0,22,0,22857,945,267,31,23802,298,22,0
05/15/2021,BOULDER,1,14,0,0,15,0,22871,946,267,31,23817,298,15,0
05/16/2021,BOULDER,0,18,0,0,18,0,22889,946,267,31,23835,298,18,0
05/17/2021,BOULDER,1,13,0,0,14,0,22902,947,267,31,23849,298,14,0
05/18/2021,BOULDER,0,24,0,0,24,0,22926,947,267,31,23873,298,24,0
05/19/2021,BOULDER,1,18,0,1,19,1,22944,948,268,31,23892,299,19,1
05/20/2021,BOULDER,1,13,0,0,14,0,22957,949,268,31,23906,299,14,0
05/21/2021,BOULDER,1,21,0,0,22,0,22978,950,268,31,23928,299,22,0
05/22/2021,BOULDER,0,10,0,0,10,0,22988,950,268,31,23938,299,10,0
05/23/2021,BOULDER,2,7,0,0,9,0,22995,952,268,31,23947,299,9,0
05/24/2021,BOULDER,1,56,0,0,57,0,23051,953,268,31,24004,299,57,0
05/25/2021,BOULDER,1,21,0,0,22,0,23072,954,268,31,24026,299,22,0
05/26/2021,BOULDER,0,10,0,0,10,0,23082,954,268,31,24036,299,10,0
05/27/2021,BOULDER,1,16,0,0,17,0,23098,955,268,31,24053,299,17,0
05/28/2021,BOULDER,6,16,0,0,22,0,23114,961,268,31,24075,299,22,0
05/29/2021,BOULDER,0,11,0,0,11,0,23125,961,268,31,24086,299,11,0
05/30/2021,BOULDER,0,7,0,0,7,0,23132,961,268,31,24093,299,7,0
05/31/2021,BOULDER,1,9,0,0,10,0,23141,962,268,31,24103,299,10,0
06/01/2021,BOULDER,3,6,0,0,9,0,23147,965,268,31,24112,299,9,0
06/02/2021,BOULDER,0,12,0,0,12,0,23159,965,268,31,24124,299,12,0
06/03/2021,BOULDER,2,8,0,0,10,0,23167,967,268,31,24134,299,10,0
06/04/2021,BOULDER,2,10,0,0,12,0,23177,969,268,31,24146,299,12,0
06/05/2021,BOULDER,0,11,0,0,11,0,23188,969,268,31,24157,299,11,0
06/06/2021,BOULDER,0,8,0,0,8,0,23196,969,268,31,24165,299,8,0
06/07/2021,BOULDER,0,10,0,0,10,0,23206,969,268,31,24175,299,10,0
06/08/2021,BOULDER,1,12,0,0,13,0,23218,970,268,31,24188,299,13,0
06/09/2021,BOULDER,0,10,0,0,10,0,23228,970,268,31,24198,299,10,0
06/10/2021,BOULDER,0,8,0,0,8,0,23236,970,268,31,24206,299,8,0
06/11/2021,BOULDER,0,9,0,0,9,0,23245,970,268,31,24215,299,9,0
06/12/2021,BOULDER,0,5,0,0,5,0,23250,970,268,31,24220,299,5,0
06/13/2021,BOULDER,0,2,0,0,2,0,23252,970,268,31,24222,299,2,0
06/14/2021,BOULDER,0,8,0,0,8,0,23260,970,268,31,24230,299,8,0
06/15/2021,BOULDER,1,4,0,0,5,0,23264,971,268,31,24235,299,5,0
06/16/2021,BOULDER,1,9,0,0,10,0,23273,972,268,31,24245,299,10,0
06/17/2021,BOULDER,0,3,0,0,3,0,23276,972,268,31,24248,299,3,0
06/18/2021,BOULDER,0,3,0,0,3,0,23279,972,268,31,24251,299,3,0
06/19/2021,BOULDER,0,3,0,0,3,0,23282,972,268,31,24254,299,3,0
06/20/2021,BOULDER,0,8,0,0,8,0,23290,972,268,31,24262,299,8,0
06/21/2021,BOULDER,0,16,0,0,16,0,23306,972,268,31,24278,299,16,0
06/22/2021,BOULDER,3,13,0,0,16,0,23319,975,268,31,24294,299,16,0
06/23/2021,BOULDER,1,10,0,0,11,0,23329,976,268,31,24305,299,11,0
06/24/2021,BOULDER,0,5,0,0,5,0,23334,976,268,31,24310,299,5,0
06/25/2021,BOULDER,0,9,0,0,9,0,23343,976,268,31,24319,299,9,0
06/26/2021,BOULDER,3,10,0,0,13,0,23353,979,268,31,24332,299,13,0
06/27/2021,BOULDER,0,9,0,0,9,0,23362,979,268,31,24341,299,9,0
06/28/2021,BOULDER,0,9,0,0,9,0,23371,979,268,31,24350,299,9,0
06/29/2021,BOULDER,2,12,0,0,14,0,23383,981,268,31,24364,299,14,0
06/30/2021,BOULDER,0,9,0,0,9,0,23392,981,268,31,24373,299,9,0
07/01/2021,BOULDER,2,8,0,0,10,0,23400,983,268,31,24383,299,10,0
07/02/2021,BOULDER,1,13,0,0,14,0,23413,984,268,31,24397,299,14,0
07/03/2021,BOULDER,1,10,0,0,11,0,23423,985,268,31,24408,299,11,0
07/04/2021,BOULDER,0,13,0,0,13,0,23436,985,268,31,24421,299,13,0
07/05/2021,BOULDER,3,7,0,0,10,0,23443,988,268,31,24431,299,10,0
07/06/2021,BOULDER,0,16,0,0,16,0,23459,988,268,31,24447,299,16,0
07/07/2021,BOULDER,1,16,0,0,17,0,23475,989,268,31,24464,299,17,0
07/08/2021,BOULDER,1,13,0,0,14,0,23488,990,268,31,24478,299,14,0
07/09/2021,BOULDER,5,16,0,0,21,0,23504,995,268,31,24499,299,21,0
07/10/2021,BOULDER,1,21,0,0,22,0,23525,996,268,31,24521,299,22,0
07/11/2021,BOULDER,0,12,0,0,12,0,23537,996,268,31,24533,299,12,0
07/12/2021,BOULDER,3,18,0,0,21,0,23555,999,268,31,24554,299,21,0
07/13/2021,BOULDER,1,17,0,0,18,0,23572,1000,268,31,24572,299,18,0
07/14/2021,BOULDER,2,14,0,0,16,0,23586,1002,268,31,24588,299,16,0
07/15/2021,BOULDER,3,22,0,0,25,0,23608,1005,268,31,24613,299,25,0
07/16/2021,BOULDER,2,17,0,0,19,0,23625,1007,268,31,24632,299,19,0
07/17/2021,BOULDER,0,13,0,0,13,0,23638,1007,268,31,24645,299,13,0
07/18/2021,BOULDER,0,20,0,0,20,0,23658,1007,268,31,24665,299,20,0
07/19/2021,BOULDER,3,22,0,1,25,1,23680,1010,269,31,24690,300,25,1
07/20/2021,BOULDER,0,18,0,0,18,0,23698,1010,269,31,24708,300,18,0
07/21/2021,BOULDER,2,23,0,0,25,0,23721,1012,269,31,24733,300,25,0
07/22/2021,BOULDER,6,24,0,0,30,0,23745,1018,269,31,24763,300,30,0
07/23/2021,BOULDER,4,28,0,0,32,0,23773,1022,269,31,24795,300,32,0
07/24/2021,BOULDER,4,30,0,0,34,0,23803,1026,269,31,24829,300,34,0
07/25/2021,BOULDER,2,25,0,0,27,0,23828,1028,269,31,24856,300,27,0
07/26/2021,BOULDER,6,34,0,0,40,0,23862,1034,269,31,24896,300,40,0
07/27/2021,BOULDER,3,35,0,0,38,0,23897,1037,269,31,24934,300,38,0
07/28/2021,BOULDER,6,62,0,1,68,1,23959,1043,270,31,25002,301,68,1
07/29/2021,BOULDER,5,39,0,0,44,0,23998,1048,270,31,25046,301,44,0
07/30/2021,BOULDER,3,39,0,0,42,0,24037,1051,270,31,25088,301,42,0
07/31/2021,BOULDER,3,33,0,1,36,1,24070,1054,271,31,25124,302,36,1
08/01/2021,BOULDER,4,32,0,0,36,0,24102,1058,271,31,25160,302,36,0
08/02/2021,BOULDER,3,26,0,0,29,0,24128,1061,271,31,25189,302,29,0
08/03/2021,BOULDER,6,45,0,0,51,0,24173,1067,271,31,25240,302,51,0
08/04/2021,BOULDER,4,45,0,0,49,0,24218,1071,271,31,25289,302,49,0
08/05/2021,BOULDER,6,37,0,0,43,0,24255,1077,271,31,25332,302,43,0
08/06/2021,BOULDER,3,63,0,0,66,0,24318,1080,271,31,25398,302,66,0
08/07/2021,BOULDER,6,38,0,0,44,0,24356,1086,271,31,25442,302,44,0
08/08/2021,BOULDER,1,25,0,0,26,0,24381,1087,271,31,25468,302,26,0
08/09/2021,BOULDER,0,43,0,0,43,0,24424,1087,271,31,25511,302,43,0
08/10/2021,BOULDER,3,47,0,0,50,0,24471,1090,271,31,25561,302,50,0
08/11/2021,BOULDER,4,66,0,0,70,0,24537,1094,271,31,25631,302,70,0
08/12/2021,BOULDER,4,23,0,0,27,0,24560,1098,271,31,25658,302,27,0
08/13/2021,BOULDER,4,70,0,0,74,0,24630,1102,271,31,25732,302,74,0
08/14/2021,BOULDER,6,35,0,0,41,0,24665,1108,271,31,25773,302,41,0
08/15/2021,BOULDER,3,36,0,0,39,0,24701,1111,271,31,25812,302,39,0
08/16/2021,BOULDER,5,30,0,0,35,0,24731,1116,271,31,25847,302,35,0
08/17/2021,BOULDER,3,76,0,0,79,0,24807,1119,271,31,25926,302,79,0
08/18/2021,BOULDER,3,64,0,1,67,1,24871,1122,272,31,25993,303,67,1
08/19/2021,BOULDER,6,66,0,0,72,0,24937,1128,272,31,26065,303,72,0
08/20/2021,BOULDER,3,60,0,0,63,0,24997,1131,272,31,26128,303,63,0
08/21/2021,BOULDER,4,71,0,0,75,0,25068,1135,272,31,26203,303,75,0
08/22/2021,BOULDER,3,49,0,0,52,0,25117,1138,272,31,26255,303,52,0
08/23/2021,BOULDER,2,35,0,0,37,0,25152,1140,272,31,26292,303,37,0
08/24/2021,BOULDER,2,79,0,1,81,1,25231,1142,273,31,26373,304,81,1
08/25/2021,BOULDER,0,63,0,0,63,0,25294,1142,273,31,26436,304,63,0
08/26/2021,BOULDER,4,58,0,0,62,0,25352,1146,273,31,26498,304,62,0
08/27/2021,BOULDER,4,68,0,2,72,2,25420,1150,275,31,26570,306,72,2
08/28/2021,BOULDER,1,21,0,0,22,0,25441,1151,275,31,26592,306,22,0
08/29/2021,BOULDER,2,51,0,0,53,0,25492,1153,275,31,26645,306,53,0
08/30/2021,BOULDER,1,104,0,0,105,0,25596,1154,275,31,26750,306,105,0
08/31/2021,BOULDER,8,118,0,0,126,0,25714,1162,275,31,26876,306,126,0
09/01/2021,BOULDER,6,73,0,0,79,0,25787,1168,275,31,26955,306,79,0
09/02/2021,BOULDER,0,87,0,1,87,1,25874,1168,276,31,27042,307,87,1
09/03/2021,BOULDER,2,99,0,0,101,0,25973,1170,276,31,27143,307,101,0
09/04/2021,BOULDER,1,79,0,0,80,0,26052,1171,276,31,27223,307,80,0
09/05/2021,BOULDER,3,79,0,1,82,1,26131,1174,277,31,27305,308,82,1
09/06/2021,BOULDER,4,46,0,0,50,0,26177,1178,277,31,27355,308,50,0
09/07/2021,BOULDER,3,77,0,0,80,0,26254,1181,277,31,27435,308,80,0
09/08/2021,BOULDER,3,67,0,0,70,0,26321,1184,277,31,27505,308,70,0
09/09/2021,BOULDER,2,71,0,0,73,0,26392,1186,277,31,27578,308,73,0
09/10/2021,BOULDER,2,86,0,0,88,0,26478,1188,277,31,27666,308,88,0
09/11/2021,BOULDER,0,86,0,0,86,0,26564,1188,277,31,27752,308,86,0
09/12/2021,BOULDER,1,55,0,0,56,0,26619,1189,277,31,27808,308,56,0
09/13/2021,BOULDER,4,57,0,0,61,0,26676,1193,277,31,27869,308,61,0
09/14/2021,BOULDER,2,61,0,0,63,0,26737,1195,277,31,27932,308,63,0
09/15/2021,BOULDER,3,81,0,0,84,0,26818,1198,277,31,28016,308,84,0
09/16/2021,BOULDER,8,78,0,2,86,2,26896,1206,279,31,28102,310,86,2
09/17/2021,BOULDER,0,77,0,0,77,0,26973,1206,279,31,28179,310,77,0
09/18/2021,BOULDER,3,73,0,0,76,0,27046,1209,279,31,28255,310,76,0
09/19/2021,BOULDER,1,46,0,0,47,0,27092,1210,279,31,28302,310,47,0
09/20/2021,BOULDER,1,47,0,0,48,0,27139,1211,279,31,28350,310,48,0
09/21/2021,BOULDER,1,67,0,0,68,0,27206,1212,279,31,28418,310,68,0
09/22/2021,BOULDER,1,73,0,1,74,1,27279,1213,280,31,28492,311,74,1
09/23/2021,BOULDER,5,66,0,1,71,1,27345,1218,281,31,28563,312,71,1
09/24/2021,BOULDER,2,104,0,0,106,0,27449,1220,281,31,28669,312,106,0
09/25/2021,BOULDER,1,28,0,0,29,0,27477,1221,281,31,28698,312,29,0
09/26/2021,BOULDER,1,57,0,0,58,0,27534,1222,281,31,28756,312,58,0
09/27/2021,BOULDER,4,63,0,0,67,0,27597,1226,281,31,28823,312,67,0
09/28/2021,BOULDER,3,52,0,0,55,0,27649,1229,281,31,28878,312,55,0
09/29/2021,BOULDER,2,95,0,1,97,1,27744,1231,282,31,28975,313,97,1
09/30/2021,BOULDER,1,91,0,0,92,0,27835,1232,282,31,29067,313,92,0
10/01/2021,BOULDER,1,85,0,1,86,1,27920,1233,283,31,29153,314,86,1
10/02/2021,BOULDER,3,65,0,0,68,0,27985,1236,283,31,29221,314,68,0
10/03/2021,BOULDER,1,65,0,0,66,0,28050,1237,283,31,29287,314,66,0
10/04/2021,BOULDER,5,72,0,1,77,1,28122,1242,284,31,29364,315,77,1
10/05/2021,BOULDER,3,35,0,0,38,0,28157,1245,284,31,29402,315,38,0
10/06/2021,BOULDER,4,125,0,0,129,0,28282,1249,284,31,29531,315,129,0
10/07/2021,BOULDER,1,118,0,0,119,0,28400,1250,284,31,29650,315,119,0
10/08/2021,BOULDER,2,95,0,1,97,1,28495,1252,285,31,29747,316,97,1
10/09/2021,BOULDER,1,58,0,1,59,1,28553,1253,286,31,29806,317,59,1
10/10/2021,BOULDER,1,70,0,1,71,1,28623,1254,287,31,29877,318,71,1
10/11/2021,BOULDER,3,54,0,2,57,2,28677,1257,289,31,29934,320,57,2
10/12/2021,BOULDER,2,80,0,2,82,2,28757,1259,291,31,30016,322,82,2
10/13/2021,BOULDER,0,112,0,0,112,0,28869,1259,291,31,30128,322,112,0
10/14/2021,BOULDER,1,96,0,0,97,0,28965,1260,291,31,30225,322,97,0
10/15/2021,BOULDER,4,78,0,0,82,0,29043,1264,291,31,30307,322,82,0
10/16/2021,BOULDER,1,56,0,0,57,0,29099,1265,291,31,30364,322,57,0
10/17/2021,BOULDER,2,46,0,0,48,0,29145,1267,291,31,30412,322,48,0
10/18/2021,BOULDER,6,49,0,0,55,0,29194,1273,291,31,30467,322,55,0
10/19/2021,BOULDER,2,55,0,2,57,2,29249,1275,293,31,30524,324,57,2
10/20/2021,BOULDER,5,115,0,1,120,1,29364,1280,294,31,30644,325,120,1
10/21/2021,BOULDER,5,87,0,2,92,2,29451,1285,296,31,30736,327,92,2
10/22/2021,BOULDER,3,77,0,1,80,1,29528,1288,297,31,30816,328,80,1
10/23/2021,BOULDER,2,60,0,0,62,0,29588,1290,297,31,30878,328,62,0
10/24/2021,BOULDER,4,75,0,0,79,0,29663,1294,297,31,30957,328,79,0
10/25/2021,BOULDER,7,45,0,1,52,1,29708,1301,298,31,31009,329,52,1
10/26/2021,BOULDER,10,129,0,1,139,1,29837,1311,299,31,31148,330,139,1
10/27/2021,BOULDER,4,173,0,1,177,1,30010,1315,300,31,31325,331,177,1
10/28/2021,BOULDER,5,131,0,0,136,0,30141,1320,300,31,31461,331,136,0
10/29/2021,BOULDER,6,96,0,1,102,1,30237,1326,301,31,31563,332,102,1
10/30/2021,BOULDER,2,98,0,0,100,0,30335,1328,301,31,31663,332,100,0
10/31/2021,BOULDER,2,65,0,0,67,0,30400,1330,301,31,31730,332,67,0
11/01/2021,BOULDER,3,114,0,0,117,0,30514,1333,301,31,31847,332,117,0
11/02/2021,BOULDER,6,126,0,1,132,1,30640,1339,302,31,31979,333,132,1
11/03/2021,BOULDER,5,136,0,1,141,1,30776,1344,303,31,32120,334,141,1
11/04/2021,BOULDER,5,163,0,2,168,2,30939,1349,305,31,32288,336,168,2
11/05/2021,BOULDER,1,144,0,2,145,2,31083,1350,307,31,32433,338,145,2
11/06/2021,BOULDER,0,119,0,0,119,0,31202,1350,307,31,32552,338,119,0
11/07/2021,BOULDER,2,68,0,0,70,0,31270,1352,307,31,32622,338,70,0
11/08/2021,BOULDER,4,110,1,0,114,1,31380,1356,307,32,32736,339,114,1
11/09/2021,BOULDER,5,190,1,1,195,2,31570,1361,308,33,32931,341,195,2
11/10/2021,BOULDER,3,147,0,0,150,0,31717,1364,308,33,33081,341,150,0
11/11/2021,BOULDER,1,142,0,3,143,3,31859,1365,311,33,33224,344,143,3
11/12/2021,BOULDER,6,112,0,0,118,0,31971,1371,311,33,33342,344,118,0
11/13/2021,BOULDER,4,144,0,0,148,0,32115,1375,311,33,33490,344,148,0
11/14/2021,BOULDER,3,64,0,0,67,0,32179,1378,311,33,33557,344,67,0
11/15/2021,BOULDER,1,107,0,1,108,1,32286,1379,312,33,33665,345,108,1
11/16/2021,BOULDER,3,195,0,1,198,1,32481,1382,313,33,33863,346,198,1
11/17/2021,BOULDER,5,165,1,0,170,1,32646,1387,313,34,34033,347,170,1
11/18/2021,BOULDER,3,119,0,0,122,0,32765,1390,313,34,34155,347,122,0
11/19/2021,BOULDER,4,99,1,2,103,3,32864,1394,315,35,34258,350,103,3
11/20/2021,BOULDER,0,135,0,0,135,0,32999,1394,315,35,34393,350,135,0
11/21/2021,BOULDER,2,77,0,0,79,0,33076,1396,315,35,34472,350,79,0
11/22/2021,BOULDER,6,89,1,0,95,1,33165,1402,315,36,34567,351,95,1
11/23/2021,BOULDER,4,121,0,1,125,1,33286,1406,316,36,34692,352,125,1
11/24/2021,BOULDER,4,114,1,0,118,1,33400,1410,316,37,34810,353,118,1
11/25/2021,BOULDER,0,64,0,0,64,0,33464,1410,316,37,34874,353,64,0
11/26/2021,BOULDER,2,37,0,0,39,0,33501,1412,316,37,34913,353,39,0
11/27/2021,BOULDER,2,97,0,0,99,0,33598,1414,316,37,35012,353,99,0
11/28/2021,BOULDER,0,57,0,0,57,0,33655,1414,316,37,35069,353,57,0
11/29/2021,BOULDER,1,95,0,0,96,0,33750,1415,316,37,35165,353,96,0
11/30/2021,BOULDER,8,146,0,0,154,0,33896,1423,316,37,35319,353,154,0
12/01/2021,BOULDER,3,128,0,0,131,0,34024,1426,316,37,35450,353,131,0
12/02/2021,BOULDER,2,108,0,0,110,0,34132,1428,316,37,35560,353,110,0
12/03/2021,BOULDER,3,97,0,0,100,0,34229,1431,316,37,35660,353,100,0
12/04/2021,BOULDER,0,73,0,0,73,0,34302,1431,316,37,35733,353,73,0
12/05/2021,BOULDER,0,45,0,1,45,1,34347,1431,317,37,35778,354,45,1
12/06/2021,BOULDER,2,97,0,0,99,0,34444,1433,317,37,35877,354,99,0
12/07/2021,BOULDER,2,100,0,2,102,2,34544,1435,319,37,35979,356,102,2
12/08/2021,BOULDER,6,101,0,0,107,0,34645,1441,319,37,36086,356,107,0
12/09/2021,BOULDER,10,92,0,1,102,1,34737,1451,320,37,36188,357,102,1
12/10/2021,BOULDER,4,85,0,0,89,0,34822,1455,320,37,36277,357,89,0
12/11/2021,BOULDER,3,80,0,0,83,0,34902,1458,320,37,36360,357,83,0
12/12/2021,BOULDER,1,42,0,0,43,0,34944,1459,320,37,36403,357,43,0
12/13/2021,BOULDER,3,66,0,0,69,0,35010,1462,320,37,36472,357,69,0
12/14/2021,BOULDER,1,59,0,2,60,2,35069,1463,322,37,36532,359,60,2
12/15/2021,BOULDER,4,127,0,1,131,1,35196,1467,323,37,36663,360,131,1
12/16/2021,BOULDER,3,78,0,0,81,0,35274,1470,323,37,36744,360,81,0
12/17/2021,BOULDER,6,102,0,0,108,0,35376,1476,323,37,36852,360,108,0
12/18/2021,BOULDER,0,86,0,0,86,0,35462,1476,323,37,36938,360,86,0
12/19/2021,BOULDER,2,71,0,1,73,1,35533,1478,324,37,37011,361,73,1
12/20/2021,BOULDER,5,153,0,0,158,0,35686,1483,324,37,37169,361,158,0
12/21/2021,BOULDER,7,256,0,0,263,0,35942,1490,324,37,37432,361,263,0
12/22/2021,BOULDER,7,151,0,1,158,1,36093,1497,325,37,37590,362,158,1
12/23/2021,BOULDER,13,345,1,1,358,2,36438,1510,326,38,37948,364,358,2
12/24/2021,BOULDER,9,335,0,0,344,0,36773,1519,326,38,38292,364,344,0
12/25/2021,BOULDER,4,425,0,0,429,0,37198,1523,326,38,38721,364,429,0
12/26/2021,BOULDER,13,69,0,1,82,1,37267,1536,327,38,38803,365,82,1
12/27/2021,BOULDER,21,242,0,1,263,1,37509,1557,328,38,39066,366,263,1
12/28/2021,BOULDER,19,378,0,1,397,1,37887,1576,329,38,39463,367,397,1
12/29/2021,BOULDER,33,637,0,1,670,1,38524,1609,330,38,40133,368,670,1
12/30/2021,BOULDER,13,568,0,1,581,1,39092,1622,331,38,40714,369,581,1
12/31/2021,BOULDER,18,608,0,1,626,1,39700,1640,332,38,41340,370,626,1
01/01/2022,BOULDER,3,306,0,0,309,0,40006,1643,332,38,41649,370,309,0
01/02/2022,BOULDER,15,191,0,0,206,0,40197,1658,332,38,41855,370,206,0
01/03/2022,BOULDER,31,180,0,2,211,2,40377,1689,334,38,42066,372,211,2
01/04/2022,BOULDER,61,631,0,0,692,0,41008,1750,334,38,42758,372,692,0
01/05/2022,BOULDER,38,1192,0,1,1230,1,42200,1788,335,38,43988,373,1230,1
01/06/2022,BOULDER,12,871,0,1,883,1,43071,1800,336,38,44871,374,883,1
01/07/2022,BOULDER,18,648,0,1,666,1,43719,1818,337,38,45537,375,666,1
01/08/2022,BOULDER,27,555,0,0,582,0,44274,1845,337,38,46119,375,582,0
01/09/2022,BOULDER,24,519,0,1,543,1,44793,1869,338,38,46662,376,543,1
01/10/2022,BOULDER,36,930,1,1,966,2,45723,1905,339,39,47628,378,966,2
01/11/2022,BOULDER,39,681,0,0,720,0,46404,1944,339,39,48348,378,720,0
01/12/2022,BOULDER,29,891,0,3,920,3,47295,1973,342,39,49268,381,920,3
01/13/2022,BOULDER,28,705,0,0,733,0,48000,2001,342,39,50001,381,733,0
01/14/2022,BOULDER,28,800,0,0,828,0,48800,2029,342,39,50829,381,828,0
01/15/2022,BOULDER,11,392,0,2,403,2,49192,2040,344,39,51232,383,403,2
01/16/2022,BOULDER,11,430,0,2,441,2,49622,2051,346,39,51673,385,441,2
01/17/2022,BOULDER,22,676,0,4,698,4,50298,2073,350,39,52371,389,698,4
01/18/2022,BOULDER,34,550,1,1,584,2,50848,2107,351,40,52955,391,584,2
01/19/2022,BOULDER,39,706,0,2,745,2,51554,2146,353,40,53700,393,745,2
01/20/2022,BOULDER,17,608,0,0,625,0,52162,2163,353,40,54325,393,625,0
01/21/2022,BOULDER,22,656,0,1,678,1,52818,2185,354,40,55003,394,678,1
01/22/2022,BOULDER,19,430,0,2,449,2,53248,2204,356,40,55452,396,449,2
01/23/2022,BOULDER,19,482,0,0,501,0,53730,2223,356,40,55953,396,501,0
01/24/2022,BOULDER,30,405,0,0,435,0,54135,2253,356,40,56388,396,435,0
01/25/2022,BOULDER,33,283,0,2,316,2,54418,2286,358,40,56704,398,316,2
01/26/2022,BOULDER,60,636,0,2,696,2,55054,2346,360,40,57400,400,696,2
01/27/2022,BOULDER,32,361,0,0,393,0,55415,2378,360,40,57793,400,393,0
01/28/2022,BOULDER,14,369,0,1,383,1,55784,2392,361,40,58176,401,383,1
01/29/2022,BOULDER,2,227,0,1,229,1,56011,2394,362,40,58405,402,229,1
01/30/2022,BOULDER,3,230,0,2,233,2,56241,2397,364,40,58638,404,233,2
01/31/2022,BOULDER,21,150,0,0,171,0,56391,2418,364,40,58809,404,171,0
02/01/2022,BOULDER,14,163,0,1,177,1,56554,2432,365,40,58986,405,177,1
02/02/2022,BOULDER,3,324,0,0,327,0,56878,2435,365,40,59313,405,327,0
02/03/2022,BOULDER,4,129,0,2,133,2,57007,2439,367,40,59446,407,133,2
02/04/2022,BOULDER,8,184,0,0,192,0,57191,2447,367,40,59638,407,192,0
02/05/2022,BOULDER,0,142,0,0,142,0,57333,2447,367,40,59780,407,142,0
02/06/2022,BOULDER,5,97,0,0,102,0,57430,2452,367,40,59882,407,102,0
02/07/2022,BOULDER,5,118,0,0,123,0,57548,2457,367,40,60005,407,123,0
02/08/2022,BOULDER,18,187,1,0,205,1,57735,2475,367,41,60210,408,205,1
02/09/2022,BOULDER,9,120,0,0,129,0,57855,2484,367,41,60339,408,129,0
02/10/2022,BOULDER,6,139,1,0,145,1,57994,2490,367,42,60484,409,145,1
02/11/2022,BOULDER,5,96,0,0,101,0,58090,2495,367,42,60585,409,101,0
02/12/2022,BOULDER,2,62,0,0,64,0,58152,2497,367,42,60649,409,64,0
02/13/2022,BOULDER,6,36,0,0,42,0,58188,2503,367,42,60691,409,42,0
02/14/2022,BOULDER,2,52,0,0,54,0,58240,2505,367,42,60745,409,54,0
02/15/2022,BOULDER,5,91,0,0,96,0,58331,2510,367,42,60841,409,96,0
02/16/2022,BOULDER,2,81,0,1,83,1,58412,2512,368,42,60924,410,83,1
02/17/2022,BOULDER,2,64,0,0,66,0,58476,2514,368,42,60990,410,66,0
02/18/2022,BOULDER,2,50,0,0,52,0,58526,2516,368,42,61042,410,52,0
02/19/2022,BOULDER,0,50,0,0,50,0,58576,2516,368,42,61092,410,50,0
02/20/2022,BOULDER,0,36,0,0,36,0,58612,2516,368,42,61128,410,36,0
02/21/2022,BOULDER,4,33,0,0,37,0,58645,2520,368,42,61165,410,37,0
02/22/2022,BOULDER,1,44,1,0,45,1,58689,2521,368,43,61210,411,45,1
02/23/2022,BOULDER,1,34,0,0,35,0,58723,2522,368,43,61245,411,35,0
02/24/2022,BOULDER,0,21,0,0,21,0,58744,2522,368,43,61266,411,21,0
02/25/2022,BOULDER,3,51,0,0,54,0,58795,2525,368,43,61320,411,54,0
02/26/2022,BOULDER,0,37,0,0,37,0,58832,2525,368,43,61357,411,37,0
02/27/2022,BOULDER,4,27,0,0,31,0,58859,2529,368,43,61388,411,31,0
02/28/2022,BOULDER,2,30,0,0,32,0,58889,2531,368,43,61420,411,32,0
03/01/2022,BOULDER,3,57,1,0,60,1,58946,2534,368,44,61480,412,60,1
03/02/2022,BOULDER,1,47,0,1,48,1,58993,2535,369,44,61528,413,48,1
03/03/2022,BOULDER,1,42,0,0,43,0,59035,2536,369,44,61571,413,43,0
03/04/2022,BOULDER,1,32,0,0,33,0,59067,2537,369,44,61604,413,33,0
03/05/2022,BOULDER,0,14,0,0,14,0,59081,2537,369,44,61618,413,14,0
03/06/2022,BOULDER,0,5,0,0,5,0,59086,2537,369,44,61623,413,5,0
03/07/2022,BOULDER,0,11,0,0,11,0,59097,2537,369,44,61634,413,11,0
03/08/2022,BOULDER,1,31,0,0,32,0,59128,2538,369,44,61666,413,32,0
03/09/2022,BOULDER,1,10,0,0,11,0,59138,2539,369,44,61677,413,11,0
03/10/2022,BOULDER,0,15,0,0,15,0,59153,2539,369,44,61692,413,15,0
03/11/2022,BOULDER,0,9,0,0,9,0,59162,2539,369,44,61701,413,9,0
03/12/2022,BOULDER,0,16,0,0,16,0,59178,2539,369,44,61717,413,16,0
03/13/2022,BOULDER,0,5,0,0,5,0,59183,2539,369,44,61722,413,5,0
03/14/2022,BOULDER,3,35,0,0,38,0,59218,2542,369,44,61760,413,38,0
03/15/2022,BOULDER,0,38,0,0,38,0,59256,2542,369,44,61798,413,38,0
03/16/2022,BOULDER,1,51,0,0,52,0,59307,2543,369,44,61850,413,52,0
03/17/2022,BOULDER,1,43,0,0,44,0,59350,2544,369,44,61894,413,44,0
03/18/2022,BOULDER,3,41,0,0,44,0,59391,2547,369,44,61938,413,44,0
03/19/2022,BOULDER,1,13,0,0,14,0,59404,2548,369,44,61952,413,14,0
03/20/2022,BOULDER,0,19,0,0,19,0,59423,2548,369,44,61971,413,19,0
03/19/2020,BROOMFIELD,0,1,0,0,1,0,1,0,0,0,1,0,-61970,-413
03/20/2020,BROOMFIELD,0,1,0,0,1,0,2,0,0,0,2,0,1,0
03/23/2020,BROOMFIELD,0,3,0,0,3,0,5,0,0,0,5,0,3,0
03/24/2020,BROOMFIELD,1,2,0,0,3,0,7,1,0,0,8,0,3,0
03/25/2020,BROOMFIELD,0,2,0,0,2,0,9,1,0,0,10,0,2,0
03/26/2020,BROOMFIELD,0,3,0,1,3,1,12,1,1,0,13,1,3,1
03/27/2020,BROOMFIELD,1,2,0,0,3,0,14,2,1,0,16,1,3,0
03/28/2020,BROOMFIELD,0,1,0,0,1,0,15,2,1,0,17,1,1,0
03/29/2020,BROOMFIELD,0,2,0,0,2,0,17,2,1,0,19,1,2,0
03/31/2020,BROOMFIELD,0,3,0,1,3,1,20,2,2,0,22,2,3,1
04/01/2020,BROOMFIELD,3,7,0,0,10,0,27,5,2,0,32,2,10,0
04/02/2020,BROOMFIELD,4,2,0,0,6,0,29,9,2,0,38,2,6,0
04/03/2020,BROOMFIELD,3,4,0,0,7,0,33,12,2,0,45,2,7,0
04/04/2020,BROOMFIELD,3,3,0,0,6,0,36,15,2,0,51,2,6,0
04/05/2020,BROOMFIELD,0,2,0,0,2,0,38,15,2,0,53,2,2,0
04/06/2020,BROOMFIELD,0,1,0,0,1,0,39,15,2,0,54,2,1,0
04/07/2020,BROOMFIELD,0,2,0,0,2,0,41,15,2,0,56,2,2,0
04/08/2020,BROOMFIELD,6,5,0,0,11,0,46,21,2,0,67,2,11,0
04/09/2020,BROOMFIELD,2,2,0,0,4,0,48,23,2,0,71,2,4,0
04/10/2020,BROOMFIELD,4,4,0,0,8,0,52,27,2,0,79,2,8,0
04/11/2020,BROOMFIELD,0,4,0,0,4,0,56,27,2,0,83,2,4,0
04/13/2020,BROOMFIELD,4,5,0,1,9,1,61,31,3,0,92,3,9,1
04/14/2020,BROOMFIELD,1,2,0,0,3,0,63,32,3,0,95,3,3,0
04/15/2020,BROOMFIELD,1,1,0,0,2,0,64,33,3,0,97,3,2,0
04/16/2020,BROOMFIELD,2,1,0,0,3,0,65,35,3,0,100,3,3,0
04/17/2020,BROOMFIELD,2,1,0,1,3,1,66,37,4,0,103,4,3,1
04/19/2020,BROOMFIELD,0,4,0,2,4,2,70,37,6,0,107,6,4,2
04/20/2020,BROOMFIELD,0,2,0,1,2,1,72,37,7,0,109,7,2,1
04/21/2020,BROOMFIELD,1,3,0,3,4,3,75,38,10,0,113,10,4,3
04/22/2020,BROOMFIELD,1,2,0,0,3,0,77,39,10,0,116,10,3,0
04/23/2020,BROOMFIELD,4,14,1,3,18,4,91,43,13,1,134,14,18,4
04/24/2020,BROOMFIELD,1,5,0,1,6,1,96,44,14,1,140,15,6,1
04/25/2020,BROOMFIELD,1,6,0,2,7,2,102,45,16,1,147,17,7,2
04/26/2020,BROOMFIELD,0,1,0,0,1,0,103,45,16,1,148,17,1,0
04/27/2020,BROOMFIELD,0,1,0,0,1,0,104,45,16,1,149,17,1,0
04/28/2020,BROOMFIELD,0,3,0,0,3,0,107,45,16,1,152,17,3,0
04/29/2020,BROOMFIELD,1,1,0,0,2,0,108,46,16,1,154,17,2,0
04/30/2020,BROOMFIELD,2,4,0,1,6,1,112,48,17,1,160,18,6,1
05/01/2020,BROOMFIELD,2,6,0,3,8,3,118,50,20,1,168,21,8,3
05/02/2020,BROOMFIELD,0,3,0,1,3,1,121,50,21,1,171,22,3,1
05/03/2020,BROOMFIELD,0,1,0,0,1,0,122,50,21,1,172,22,1,0
05/04/2020,BROOMFIELD,1,7,0,3,8,3,129,51,24,1,180,25,8,3
05/05/2020,BROOMFIELD,1,1,0,0,2,0,130,52,24,1,182,25,2,0
05/06/2020,BROOMFIELD,2,4,0,0,6,0,134,54,24,1,188,25,6,0
05/07/2020,BROOMFIELD,1,6,0,3,7,3,140,55,27,1,195,28,7,3
05/08/2020,BROOMFIELD,1,3,0,3,4,3,143,56,30,1,199,31,4,3
05/09/2020,BROOMFIELD,0,2,0,2,2,2,145,56,32,1,201,33,2,2
05/10/2020,BROOMFIELD,0,3,0,1,3,1,148,56,33,1,204,34,3,1
05/11/2020,BROOMFIELD,0,1,0,0,1,0,149,56,33,1,205,34,1,0
05/13/2020,BROOMFIELD,0,3,0,1,3,1,152,56,34,1,208,35,3,1
05/14/2020,BROOMFIELD,0,6,0,0,6,0,158,56,34,1,214,35,6,0
05/15/2020,BROOMFIELD,0,1,0,0,1,0,159,56,34,1,215,35,1,0
05/16/2020,BROOMFIELD,0,2,0,0,2,0,161,56,34,1,217,35,2,0
05/17/2020,BROOMFIELD,0,1,0,0,1,0,162,56,34,1,218,35,1,0
05/18/2020,BROOMFIELD,1,1,1,0,2,1,163,57,34,2,220,36,2,1
05/20/2020,BROOMFIELD,1,2,0,1,3,1,165,58,35,2,223,37,3,1
05/21/2020,BROOMFIELD,0,3,0,1,3,1,168,58,36,2,226,38,3,1
05/23/2020,BROOMFIELD,0,1,0,0,1,0,169,58,36,2,227,38,1,0
05/24/2020,BROOMFIELD,0,2,0,0,2,0,171,58,36,2,229,38,2,0
05/25/2020,BROOMFIELD,0,3,0,2,3,2,174,58,38,2,232,40,3,2
05/27/2020,BROOMFIELD,4,1,0,0,5,0,175,62,38,2,237,40,5,0
05/28/2020,BROOMFIELD,0,2,0,0,2,0,177,62,38,2,239,40,2,0
05/29/2020,BROOMFIELD,1,4,0,0,5,0,181,63,38,2,244,40,5,0
05/30/2020,BROOMFIELD,0,3,0,1,3,1,184,63,39,2,247,41,3,1
05/31/2020,BROOMFIELD,0,1,0,0,1,0,185,63,39,2,248,41,1,0
06/01/2020,BROOMFIELD,1,3,0,0,4,0,188,64,39,2,252,41,4,0
06/03/2020,BROOMFIELD,2,5,0,0,7,0,193,66,39,2,259,41,7,0
06/04/2020,BROOMFIELD,0,1,0,0,1,0,194,66,39,2,260,41,1,0
06/05/2020,BROOMFIELD,0,1,0,0,1,0,195,66,39,2,261,41,1,0
06/06/2020,BROOMFIELD,1,1,0,1,2,1,196,67,40,2,263,42,2,1
06/07/2020,BROOMFIELD,1,0,0,0,1,0,196,68,40,2,264,42,1,0
06/08/2020,BROOMFIELD,0,1,0,0,1,0,197,68,40,2,265,42,1,0
06/10/2020,BROOMFIELD,0,1,0,0,1,0,198,68,40,2,266,42,1,0
06/11/2020,BROOMFIELD,0,2,0,1,2,1,200,68,41,2,268,43,2,1
06/12/2020,BROOMFIELD,0,4,0,0,4,0,204,68,41,2,272,43,4,0
06/13/2020,BROOMFIELD,1,0,0,0,1,0,204,69,41,2,273,43,1,0
06/15/2020,BROOMFIELD,1,2,0,0,3,0,206,70,41,2,276,43,3,0
06/16/2020,BROOMFIELD,1,2,0,1,3,1,208,71,42,2,279,44,3,1
06/17/2020,BROOMFIELD,0,1,0,1,1,1,209,71,43,2,280,45,1,1
06/18/2020,BROOMFIELD,1,3,0,0,4,0,212,72,43,2,284,45,4,0
06/19/2020,BROOMFIELD,0,3,0,0,3,0,215,72,43,2,287,45,3,0
06/20/2020,BROOMFIELD,0,2,0,0,2,0,217,72,43,2,289,45,2,0
06/21/2020,BROOMFIELD,0,2,0,1,2,1,219,72,44,2,291,46,2,1
06/22/2020,BROOMFIELD,0,1,0,0,1,0,220,72,44,2,292,46,1,0
06/23/2020,BROOMFIELD,0,2,0,0,2,0,222,72,44,2,294,46,2,0
06/24/2020,BROOMFIELD,0,3,0,0,3,0,225,72,44,2,297,46,3,0
06/25/2020,BROOMFIELD,0,4,0,0,4,0,229,72,44,2,301,46,4,0
06/26/2020,BROOMFIELD,0,2,0,1,2,1,231,72,45,2,303,47,2,1
06/27/2020,BROOMFIELD,0,4,0,0,4,0,235,72,45,2,307,47,4,0
06/28/2020,BROOMFIELD,0,1,0,0,1,0,236,72,45,2,308,47,1,0
06/29/2020,BROOMFIELD,0,1,0,0,1,0,237,72,45,2,309,47,1,0
06/30/2020,BROOMFIELD,0,2,0,0,2,0,239,72,45,2,311,47,2,0
07/01/2020,BROOMFIELD,0,6,0,0,6,0,245,72,45,2,317,47,6,0
07/02/2020,BROOMFIELD,0,1,0,0,1,0,246,72,45,2,318,47,1,0
07/03/2020,BROOMFIELD,0,6,0,0,6,0,252,72,45,2,324,47,6,0
07/04/2020,BROOMFIELD,0,4,0,0,4,0,256,72,45,2,328,47,4,0
07/05/2020,BROOMFIELD,0,1,0,0,1,0,257,72,45,2,329,47,1,0
07/06/2020,BROOMFIELD,0,3,0,0,3,0,260,72,45,2,332,47,3,0
07/07/2020,BROOMFIELD,2,4,0,0,6,0,264,74,45,2,338,47,6,0
07/08/2020,BROOMFIELD,0,7,0,0,7,0,271,74,45,2,345,47,7,0
07/09/2020,BROOMFIELD,0,2,0,0,2,0,273,74,45,2,347,47,2,0
07/10/2020,BROOMFIELD,0,6,0,0,6,0,279,74,45,2,353,47,6,0
07/11/2020,BROOMFIELD,0,1,0,0,1,0,280,74,45,2,354,47,1,0
07/12/2020,BROOMFIELD,0,2,0,0,2,0,282,74,45,2,356,47,2,0
07/13/2020,BROOMFIELD,0,4,0,0,4,0,286,74,45,2,360,47,4,0
07/14/2020,BROOMFIELD,0,3,0,0,3,0,289,74,45,2,363,47,3,0
07/15/2020,BROOMFIELD,1,1,0,0,2,0,290,75,45,2,365,47,2,0
07/16/2020,BROOMFIELD,0,3,0,0,3,0,293,75,45,2,368,47,3,0
07/17/2020,BROOMFIELD,0,2,0,0,2,0,295,75,45,2,370,47,2,0
07/18/2020,BROOMFIELD,0,1,0,0,1,0,296,75,45,2,371,47,1,0
07/19/2020,BROOMFIELD,0,3,0,0,3,0,299,75,45,2,374,47,3,0
07/20/2020,BROOMFIELD,0,3,0,0,3,0,302,75,45,2,377,47,3,0
07/21/2020,BROOMFIELD,0,7,0,1,7,1,309,75,46,2,384,48,7,1
07/22/2020,BROOMFIELD,0,1,0,0,1,0,310,75,46,2,385,48,1,0
07/23/2020,BROOMFIELD,1,2,0,0,3,0,312,76,46,2,388,48,3,0
07/24/2020,BROOMFIELD,0,2,0,0,2,0,314,76,46,2,390,48,2,0
07/25/2020,BROOMFIELD,0,3,0,0,3,0,317,76,46,2,393,48,3,0
07/26/2020,BROOMFIELD,0,2,0,0,2,0,319,76,46,2,395,48,2,0
07/27/2020,BROOMFIELD,3,7,0,0,10,0,326,79,46,2,405,48,10,0
07/28/2020,BROOMFIELD,0,2,0,0,2,0,328,79,46,2,407,48,2,0
07/29/2020,BROOMFIELD,0,4,0,0,4,0,332,79,46,2,411,48,4,0
07/30/2020,BROOMFIELD,2,3,0,0,5,0,335,81,46,2,416,48,5,0
07/31/2020,BROOMFIELD,2,15,0,0,17,0,350,83,46,2,433,48,17,0
08/01/2020,BROOMFIELD,0,10,0,0,10,0,360,83,46,2,443,48,10,0
08/02/2020,BROOMFIELD,0,1,0,0,1,0,361,83,46,2,444,48,1,0
08/03/2020,BROOMFIELD,0,12,0,0,12,0,373,83,46,2,456,48,12,0
08/04/2020,BROOMFIELD,0,8,0,0,8,0,381,83,46,2,464,48,8,0
08/05/2020,BROOMFIELD,1,6,0,0,7,0,387,84,46,2,471,48,7,0
08/06/2020,BROOMFIELD,0,4,0,0,4,0,391,84,46,2,475,48,4,0
08/07/2020,BROOMFIELD,1,6,0,0,7,0,397,85,46,2,482,48,7,0
08/08/2020,BROOMFIELD,1,3,0,0,4,0,400,86,46,2,486,48,4,0
08/09/2020,BROOMFIELD,0,3,0,0,3,0,403,86,46,2,489,48,3,0
08/10/2020,BROOMFIELD,1,2,0,0,3,0,405,87,46,2,492,48,3,0
08/12/2020,BROOMFIELD,0,3,0,0,3,0,408,87,46,2,495,48,3,0
08/13/2020,BROOMFIELD,0,2,0,0,2,0,410,87,46,2,497,48,2,0
08/14/2020,BROOMFIELD,2,6,0,0,8,0,416,89,46,2,505,48,8,0
08/15/2020,BROOMFIELD,0,1,0,0,1,0,417,89,46,2,506,48,1,0
08/17/2020,BROOMFIELD,1,2,0,0,3,0,419,90,46,2,509,48,3,0
08/18/2020,BROOMFIELD,0,1,0,0,1,0,420,90,46,2,510,48,1,0
08/19/2020,BROOMFIELD,2,6,0,1,8,1,426,92,47,2,518,49,8,1
08/20/2020,BROOMFIELD,0,2,0,0,2,0,428,92,47,2,520,49,2,0
08/21/2020,BROOMFIELD,1,4,0,0,5,0,432,93,47,2,525,49,5,0
08/22/2020,BROOMFIELD,0,1,0,0,1,0,433,93,47,2,526,49,1,0
08/24/2020,BROOMFIELD,0,4,0,0,4,0,437,93,47,2,530,49,4,0
08/26/2020,BROOMFIELD,1,1,0,0,2,0,438,94,47,2,532,49,2,0
08/27/2020,BROOMFIELD,1,5,0,0,6,0,443,95,47,2,538,49,6,0
08/28/2020,BROOMFIELD,1,1,0,0,2,0,444,96,47,2,540,49,2,0
08/29/2020,BROOMFIELD,0,2,0,0,2,0,446,96,47,2,542,49,2,0
08/30/2020,BROOMFIELD,0,2,0,1,2,1,448,96,48,2,544,50,2,1
08/31/2020,BROOMFIELD,1,4,0,0,5,0,452,97,48,2,549,50,5,0
09/01/2020,BROOMFIELD,0,2,0,0,2,0,454,97,48,2,551,50,2,0
09/02/2020,BROOMFIELD,3,1,0,0,4,0,455,100,48,2,555,50,4,0
09/03/2020,BROOMFIELD,1,0,0,0,1,0,455,101,48,2,556,50,1,0
09/04/2020,BROOMFIELD,0,2,0,0,2,0,457,101,48,2,558,50,2,0
09/05/2020,BROOMFIELD,0,2,0,0,2,0,459,101,48,2,560,50,2,0
09/06/2020,BROOMFIELD,0,2,0,0,2,0,461,101,48,2,562,50,2,0
09/08/2020,BROOMFIELD,2,2,0,0,4,0,463,103,48,2,566,50,4,0
09/09/2020,BROOMFIELD,1,3,0,0,4,0,466,104,48,2,570,50,4,0
09/10/2020,BROOMFIELD,1,5,0,0,6,0,471,105,48,2,576,50,6,0
09/11/2020,BROOMFIELD,0,1,0,0,1,0,472,105,48,2,577,50,1,0
09/12/2020,BROOMFIELD,1,4,0,0,5,0,476,106,48,2,582,50,5,0
09/14/2020,BROOMFIELD,0,1,0,0,1,0,477,106,48,2,583,50,1,0
09/15/2020,BROOMFIELD,0,6,0,0,6,0,483,106,48,2,589,50,6,0
09/16/2020,BROOMFIELD,2,2,0,0,4,0,485,108,48,2,593,50,4,0
09/17/2020,BROOMFIELD,0,7,0,0,7,0,492,108,48,2,600,50,7,0
09/18/2020,BROOMFIELD,1,8,0,0,9,0,500,109,48,2,609,50,9,0
09/19/2020,BROOMFIELD,0,2,0,0,2,0,502,109,48,2,611,50,2,0
09/20/2020,BROOMFIELD,0,7,0,0,7,0,509,109,48,2,618,50,7,0
09/21/2020,BROOMFIELD,2,9,0,1,11,1,518,111,49,2,629,51,11,1
09/22/2020,BROOMFIELD,1,4,0,0,5,0,522,112,49,2,634,51,5,0
09/23/2020,BROOMFIELD,1,9,0,0,10,0,531,113,49,2,644,51,10,0
09/24/2020,BROOMFIELD,1,2,0,0,3,0,533,114,49,2,647,51,3,0
09/25/2020,BROOMFIELD,0,11,0,0,11,0,544,114,49,2,658,51,11,0
09/26/2020,BROOMFIELD,0,9,0,1,9,1,553,114,50,2,667,52,9,1
09/27/2020,BROOMFIELD,0,1,0,0,1,0,554,114,50,2,668,52,1,0
09/28/2020,BROOMFIELD,1,7,0,1,8,1,561,115,51,2,676,53,8,1
09/29/2020,BROOMFIELD,1,4,0,0,5,0,565,116,51,2,681,53,5,0
09/30/2020,BROOMFIELD,2,16,0,1,18,1,581,118,52,2,699,54,18,1
10/01/2020,BROOMFIELD,0,5,0,0,5,0,586,118,52,2,704,54,5,0
10/02/2020,BROOMFIELD,0,4,0,0,4,0,590,118,52,2,708,54,4,0
10/03/2020,BROOMFIELD,2,6,0,0,8,0,596,120,52,2,716,54,8,0
10/04/2020,BROOMFIELD,0,5,0,0,5,0,601,120,52,2,721,54,5,0
10/05/2020,BROOMFIELD,4,3,0,0,7,0,604,124,52,2,728,54,7,0
10/06/2020,BROOMFIELD,1,9,0,1,10,1,613,125,53,2,738,55,10,1
10/07/2020,BROOMFIELD,5,7,0,1,12,1,620,130,54,2,750,56,12,1
10/08/2020,BROOMFIELD,0,3,0,2,3,2,623,130,56,2,753,58,3,2
10/09/2020,BROOMFIELD,1,12,0,0,13,0,635,131,56,2,766,58,13,0
10/10/2020,BROOMFIELD,0,5,0,0,5,0,640,131,56,2,771,58,5,0
10/11/2020,BROOMFIELD,1,4,0,0,5,0,644,132,56,2,776,58,5,0
10/12/2020,BROOMFIELD,2,5,0,0,7,0,649,134,56,2,783,58,7,0
10/13/2020,BROOMFIELD,1,9,0,0,10,0,658,135,56,2,793,58,10,0
10/14/2020,BROOMFIELD,7,6,0,0,13,0,664,142,56,2,806,58,13,0
10/15/2020,BROOMFIELD,2,6,0,0,8,0,670,144,56,2,814,58,8,0
10/16/2020,BROOMFIELD,1,7,0,0,8,0,677,145,56,2,822,58,8,0
10/17/2020,BROOMFIELD,1,13,0,0,14,0,690,146,56,2,836,58,14,0
10/18/2020,BROOMFIELD,1,9,0,1,10,1,699,147,57,2,846,59,10,1
10/19/2020,BROOMFIELD,1,16,0,1,17,1,715,148,58,2,863,60,17,1
10/20/2020,BROOMFIELD,0,12,0,0,12,0,727,148,58,2,875,60,12,0
10/21/2020,BROOMFIELD,4,17,0,1,21,1,744,152,59,2,896,61,21,1
10/22/2020,BROOMFIELD,1,12,0,0,13,0,756,153,59,2,909,61,13,0
10/23/2020,BROOMFIELD,2,9,0,0,11,0,765,155,59,2,920,61,11,0
10/24/2020,BROOMFIELD,2,16,0,0,18,0,781,157,59,2,938,61,18,0
10/25/2020,BROOMFIELD,0,28,0,0,28,0,809,157,59,2,966,61,28,0
10/26/2020,BROOMFIELD,1,20,0,0,21,0,829,158,59,2,987,61,21,0
10/27/2020,BROOMFIELD,6,29,0,0,35,0,858,164,59,2,1022,61,35,0
10/28/2020,BROOMFIELD,4,8,0,1,12,1,866,168,60,2,1034,62,12,1
10/29/2020,BROOMFIELD,30,21,0,0,51,0,887,198,60,2,1085,62,51,0
10/30/2020,BROOMFIELD,1,25,0,0,26,0,912,199,60,2,1111,62,26,0
10/31/2020,BROOMFIELD,1,20,0,0,21,0,932,200,60,2,1132,62,21,0
11/01/2020,BROOMFIELD,7,24,0,0,31,0,956,207,60,2,1163,62,31,0
11/02/2020,BROOMFIELD,3,20,0,0,23,0,976,210,60,2,1186,62,23,0
11/03/2020,BROOMFIELD,0,21,0,0,21,0,997,210,60,2,1207,62,21,0
11/04/2020,BROOMFIELD,1,29,0,1,30,1,1026,211,61,2,1237,63,30,1
11/05/2020,BROOMFIELD,2,25,0,1,27,1,1051,213,62,2,1264,64,27,1
11/06/2020,BROOMFIELD,7,30,0,0,37,0,1081,220,62,2,1301,64,37,0
11/07/2020,BROOMFIELD,1,25,0,0,26,0,1106,221,62,2,1327,64,26,0
11/08/2020,BROOMFIELD,0,18,0,2,18,2,1124,221,64,2,1345,66,18,2
11/09/2020,BROOMFIELD,1,34,0,0,35,0,1158,222,64,2,1380,66,35,0
11/10/2020,BROOMFIELD,2,25,0,0,27,0,1183,224,64,2,1407,66,27,0
11/11/2020,BROOMFIELD,0,48,0,0,48,0,1231,224,64,2,1455,66,48,0
11/12/2020,BROOMFIELD,4,68,0,0,72,0,1299,228,64,2,1527,66,72,0
11/13/2020,BROOMFIELD,4,34,0,0,38,0,1333,232,64,2,1565,66,38,0
11/14/2020,BROOMFIELD,2,29,0,0,31,0,1362,234,64,2,1596,66,31,0
11/15/2020,BROOMFIELD,3,39,0,0,42,0,1401,237,64,2,1638,66,42,0
11/16/2020,BROOMFIELD,3,34,0,1,37,1,1435,240,65,2,1675,67,37,1
11/17/2020,BROOMFIELD,2,33,0,0,35,0,1468,242,65,2,1710,67,35,0
11/18/2020,BROOMFIELD,1,50,0,0,51,0,1518,243,65,2,1761,67,51,0
11/19/2020,BROOMFIELD,1,49,0,0,50,0,1567,244,65,2,1811,67,50,0
11/20/2020,BROOMFIELD,4,72,0,1,76,1,1639,248,66,2,1887,68,76,1
11/21/2020,BROOMFIELD,0,36,0,0,36,0,1675,248,66,2,1923,68,36,0
11/22/2020,BROOMFIELD,0,24,0,0,24,0,1699,248,66,2,1947,68,24,0
11/23/2020,BROOMFIELD,0,28,0,0,28,0,1727,248,66,2,1975,68,28,0
11/24/2020,BROOMFIELD,0,27,0,0,27,0,1754,248,66,2,2002,68,27,0
11/25/2020,BROOMFIELD,3,53,0,1,56,1,1807,251,67,2,2058,69,56,1
11/26/2020,BROOMFIELD,2,31,0,0,33,0,1838,253,67,2,2091,69,33,0
11/27/2020,BROOMFIELD,0,32,0,0,32,0,1870,253,67,2,2123,69,32,0
11/28/2020,BROOMFIELD,0,23,0,0,23,0,1893,253,67,2,2146,69,23,0
11/29/2020,BROOMFIELD,0,54,0,4,54,4,1947,253,71,2,2200,73,54,4
11/30/2020,BROOMFIELD,0,43,0,1,43,1,1990,253,72,2,2243,74,43,1
12/01/2020,BROOMFIELD,0,21,0,0,21,0,2011,253,72,2,2264,74,21,0
12/02/2020,BROOMFIELD,2,60,0,0,62,0,2071,255,72,2,2326,74,62,0
12/03/2020,BROOMFIELD,1,46,0,3,47,3,2117,256,75,2,2373,77,47,3
12/04/2020,BROOMFIELD,2,39,0,0,41,0,2156,258,75,2,2414,77,41,0
12/05/2020,BROOMFIELD,3,22,0,0,25,0,2178,261,75,2,2439,77,25,0
12/06/2020,BROOMFIELD,1,31,0,1,32,1,2209,262,76,2,2471,78,32,1
12/07/2020,BROOMFIELD,0,40,0,1,40,1,2249,262,77,2,2511,79,40,1
12/08/2020,BROOMFIELD,7,28,0,0,35,0,2277,269,77,2,2546,79,35,0
12/09/2020,BROOMFIELD,1,21,0,0,22,0,2298,270,77,2,2568,79,22,0
12/10/2020,BROOMFIELD,3,22,0,1,25,1,2320,273,78,2,2593,80,25,1
12/11/2020,BROOMFIELD,1,28,0,0,29,0,2348,274,78,2,2622,80,29,0
12/12/2020,BROOMFIELD,1,14,0,1,15,1,2362,275,79,2,2637,81,15,1
12/13/2020,BROOMFIELD,0,35,0,0,35,0,2397,275,79,2,2672,81,35,0
12/14/2020,BROOMFIELD,2,11,0,1,13,1,2408,277,80,2,2685,82,13,1
12/15/2020,BROOMFIELD,0,10,0,0,10,0,2418,277,80,2,2695,82,10,0
12/16/2020,BROOMFIELD,2,27,0,0,29,0,2445,279,80,2,2724,82,29,0
12/17/2020,BROOMFIELD,0,23,0,0,23,0,2468,279,80,2,2747,82,23,0
12/18/2020,BROOMFIELD,1,8,0,0,9,0,2476,280,80,2,2756,82,9,0
12/19/2020,BROOMFIELD,3,10,0,0,13,0,2486,283,80,2,2769,82,13,0
12/20/2020,BROOMFIELD,0,27,0,0,27,0,2513,283,80,2,2796,82,27,0
12/21/2020,BROOMFIELD,7,20,0,1,27,1,2533,290,81,2,2823,83,27,1
12/22/2020,BROOMFIELD,3,23,0,0,26,0,2556,293,81,2,2849,83,26,0
12/23/2020,BROOMFIELD,3,15,0,0,18,0,2571,296,81,2,2867,83,18,0
12/24/2020,BROOMFIELD,2,16,0,0,18,0,2587,298,81,2,2885,83,18,0
12/25/2020,BROOMFIELD,4,8,0,0,12,0,2595,302,81,2,2897,83,12,0
12/26/2020,BROOMFIELD,1,13,0,1,14,1,2608,303,82,2,2911,84,14,1
12/27/2020,BROOMFIELD,1,16,0,0,17,0,2624,304,82,2,2928,84,17,0
12/28/2020,BROOMFIELD,7,9,0,0,16,0,2633,311,82,2,2944,84,16,0
12/29/2020,BROOMFIELD,6,16,0,0,22,0,2649,317,82,2,2966,84,22,0
12/30/2020,BROOMFIELD,0,15,0,0,15,0,2664,317,82,2,2981,84,15,0
12/31/2020,BROOMFIELD,1,28,0,0,29,0,2692,318,82,2,3010,84,29,0
01/01/2021,BROOMFIELD,0,9,0,0,9,0,2701,318,82,2,3019,84,9,0
01/02/2021,BROOMFIELD,0,13,0,0,13,0,2714,318,82,2,3032,84,13,0
01/03/2021,BROOMFIELD,0,11,0,0,11,0,2725,318,82,2,3043,84,11,0
01/04/2021,BROOMFIELD,1,15,0,0,16,0,2740,319,82,2,3059,84,16,0
01/05/2021,BROOMFIELD,8,19,0,0,27,0,2759,327,82,2,3086,84,27,0
01/06/2021,BROOMFIELD,5,25,0,0,30,0,2784,332,82,2,3116,84,30,0
01/07/2021,BROOMFIELD,0,16,0,0,16,0,2800,332,82,2,3132,84,16,0
01/08/2021,BROOMFIELD,1,18,0,0,19,0,2818,333,82,2,3151,84,19,0
01/09/2021,BROOMFIELD,6,14,0,0,20,0,2832,339,82,2,3171,84,20,0
01/10/2021,BROOMFIELD,4,17,0,0,21,0,2849,343,82,2,3192,84,21,0
01/11/2021,BROOMFIELD,3,13,0,0,16,0,2862,346,82,2,3208,84,16,0
01/12/2021,BROOMFIELD,8,18,0,0,26,0,2880,354,82,2,3234,84,26,0
01/13/2021,BROOMFIELD,6,17,0,0,23,0,2897,360,82,2,3257,84,23,0
01/14/2021,BROOMFIELD,2,7,0,0,9,0,2904,362,82,2,3266,84,9,0
01/15/2021,BROOMFIELD,2,16,0,0,18,0,2920,364,82,2,3284,84,18,0
01/16/2021,BROOMFIELD,1,18,0,0,19,0,2938,365,82,2,3303,84,19,0
01/17/2021,BROOMFIELD,1,12,0,0,13,0,2950,366,82,2,3316,84,13,0
01/18/2021,BROOMFIELD,4,14,0,0,18,0,2964,370,82,2,3334,84,18,0
01/19/2021,BROOMFIELD,5,18,0,0,23,0,2982,375,82,2,3357,84,23,0
01/20/2021,BROOMFIELD,3,18,0,0,21,0,3000,378,82,2,3378,84,21,0
01/21/2021,BROOMFIELD,6,22,0,0,28,0,3022,384,82,2,3406,84,28,0
01/22/2021,BROOMFIELD,6,20,0,0,26,0,3042,390,82,2,3432,84,26,0
01/23/2021,BROOMFIELD,3,18,0,0,21,0,3060,393,82,2,3453,84,21,0
01/24/2021,BROOMFIELD,1,11,0,1,12,1,3071,394,83,2,3465,85,12,1
01/25/2021,BROOMFIELD,2,4,0,1,6,1,3075,396,84,2,3471,86,6,1
01/26/2021,BROOMFIELD,2,15,0,0,17,0,3090,398,84,2,3488,86,17,0
01/27/2021,BROOMFIELD,0,24,0,1,24,1,3114,398,85,2,3512,87,24,1
01/28/2021,BROOMFIELD,2,19,0,0,21,0,3133,400,85,2,3533,87,21,0
01/29/2021,BROOMFIELD,3,11,0,0,14,0,3144,403,85,2,3547,87,14,0
01/30/2021,BROOMFIELD,2,11,0,0,13,0,3155,405,85,2,3560,87,13,0
01/31/2021,BROOMFIELD,1,5,0,0,6,0,3160,406,85,2,3566,87,6,0
02/01/2021,BROOMFIELD,3,7,0,0,10,0,3167,409,85,2,3576,87,10,0
02/02/2021,BROOMFIELD,4,9,0,0,13,0,3176,413,85,2,3589,87,13,0
02/03/2021,BROOMFIELD,4,19,0,0,23,0,3195,417,85,2,3612,87,23,0
02/04/2021,BROOMFIELD,3,25,1,0,28,1,3220,420,85,3,3640,88,28,1
02/05/2021,BROOMFIELD,1,11,0,0,12,0,3231,421,85,3,3652,88,12,0
02/06/2021,BROOMFIELD,1,18,0,0,19,0,3249,422,85,3,3671,88,19,0
02/07/2021,BROOMFIELD,2,3,0,0,5,0,3252,424,85,3,3676,88,5,0
02/08/2021,BROOMFIELD,4,10,0,0,14,0,3262,428,85,3,3690,88,14,0
02/09/2021,BROOMFIELD,0,8,0,0,8,0,3270,428,85,3,3698,88,8,0
02/10/2021,BROOMFIELD,2,6,1,0,8,1,3276,430,85,4,3706,89,8,1
02/11/2021,BROOMFIELD,1,11,0,0,12,0,3287,431,85,4,3718,89,12,0
02/12/2021,BROOMFIELD,0,6,0,0,6,0,3293,431,85,4,3724,89,6,0
02/13/2021,BROOMFIELD,2,4,0,0,6,0,3297,433,85,4,3730,89,6,0
02/14/2021,BROOMFIELD,3,1,0,0,4,0,3298,436,85,4,3734,89,4,0
02/16/2021,BROOMFIELD,3,5,0,0,8,0,3303,439,85,4,3742,89,8,0
02/17/2021,BROOMFIELD,2,8,0,0,10,0,3311,441,85,4,3752,89,10,0
02/18/2021,BROOMFIELD,3,9,0,0,12,0,3320,444,85,4,3764,89,12,0
02/19/2021,BROOMFIELD,3,10,0,0,13,0,3330,447,85,4,3777,89,13,0
02/20/2021,BROOMFIELD,0,9,0,0,9,0,3339,447,85,4,3786,89,9,0
02/21/2021,BROOMFIELD,1,6,0,0,7,0,3345,448,85,4,3793,89,7,0
02/22/2021,BROOMFIELD,4,4,0,0,8,0,3349,452,85,4,3801,89,8,0
02/23/2021,BROOMFIELD,1,14,0,0,15,0,3363,453,85,4,3816,89,15,0
02/24/2021,BROOMFIELD,1,9,0,0,10,0,3372,454,85,4,3826,89,10,0
02/25/2021,BROOMFIELD,1,13,0,0,14,0,3385,455,85,4,3840,89,14,0
02/26/2021,BROOMFIELD,4,7,0,0,11,0,3392,459,85,4,3851,89,11,0
02/27/2021,BROOMFIELD,1,13,0,0,14,0,3405,460,85,4,3865,89,14,0
02/28/2021,BROOMFIELD,2,10,0,0,12,0,3415,462,85,4,3877,89,12,0
03/01/2021,BROOMFIELD,0,13,0,0,13,0,3428,462,85,4,3890,89,13,0
03/02/2021,BROOMFIELD,9,11,0,0,20,0,3439,471,85,4,3910,89,20,0
03/03/2021,BROOMFIELD,8,15,0,0,23,0,3454,479,85,4,3933,89,23,0
03/04/2021,BROOMFIELD,3,21,0,0,24,0,3475,482,85,4,3957,89,24,0
03/05/2021,BROOMFIELD,0,8,0,0,8,0,3483,482,85,4,3965,89,8,0
03/06/2021,BROOMFIELD,2,7,0,0,9,0,3490,484,85,4,3974,89,9,0
03/07/2021,BROOMFIELD,1,13,0,0,14,0,3503,485,85,4,3988,89,14,0
03/08/2021,BROOMFIELD,10,12,0,0,22,0,3515,495,85,4,4010,89,22,0
03/09/2021,BROOMFIELD,1,8,0,0,9,0,3523,496,85,4,4019,89,9,0
03/10/2021,BROOMFIELD,2,13,0,0,15,0,3536,498,85,4,4034,89,15,0
03/11/2021,BROOMFIELD,3,18,0,0,21,0,3554,501,85,4,4055,89,21,0
03/12/2021,BROOMFIELD,2,17,0,0,19,0,3571,503,85,4,4074,89,19,0
03/13/2021,BROOMFIELD,1,16,0,0,17,0,3587,504,85,4,4091,89,17,0
03/14/2021,BROOMFIELD,0,6,0,0,6,0,3593,504,85,4,4097,89,6,0
03/15/2021,BROOMFIELD,1,2,0,0,3,0,3595,505,85,4,4100,89,3,0
03/16/2021,BROOMFIELD,2,8,0,0,10,0,3603,507,85,4,4110,89,10,0
03/17/2021,BROOMFIELD,4,23,0,0,27,0,3626,511,85,4,4137,89,27,0
03/18/2021,BROOMFIELD,0,19,0,0,19,0,3645,511,85,4,4156,89,19,0
03/19/2021,BROOMFIELD,1,8,0,0,9,0,3653,512,85,4,4165,89,9,0
03/20/2021,BROOMFIELD,0,11,0,0,11,0,3664,512,85,4,4176,89,11,0
03/21/2021,BROOMFIELD,0,5,0,0,5,0,3669,512,85,4,4181,89,5,0
03/22/2021,BROOMFIELD,2,14,0,0,16,0,3683,514,85,4,4197,89,16,0
03/23/2021,BROOMFIELD,1,10,0,0,11,0,3693,515,85,4,4208,89,11,0
03/24/2021,BROOMFIELD,2,13,0,0,15,0,3706,517,85,4,4223,89,15,0
03/25/2021,BROOMFIELD,3,11,0,0,14,0,3717,520,85,4,4237,89,14,0
03/26/2021,BROOMFIELD,1,15,0,0,16,0,3732,521,85,4,4253,89,16,0
03/27/2021,BROOMFIELD,1,7,0,0,8,0,3739,522,85,4,4261,89,8,0
03/28/2021,BROOMFIELD,0,11,0,0,11,0,3750,522,85,4,4272,89,11,0
03/29/2021,BROOMFIELD,0,14,0,0,14,0,3764,522,85,4,4286,89,14,0
03/30/2021,BROOMFIELD,0,13,0,0,13,0,3777,522,85,4,4299,89,13,0
03/31/2021,BROOMFIELD,7,10,0,0,17,0,3787,529,85,4,4316,89,17,0
04/01/2021,BROOMFIELD,1,13,0,0,14,0,3800,530,85,4,4330,89,14,0
04/02/2021,BROOMFIELD,0,10,0,0,10,0,3810,530,85,4,4340,89,10,0
04/03/2021,BROOMFIELD,2,14,0,0,16,0,3824,532,85,4,4356,89,16,0
04/04/2021,BROOMFIELD,0,10,0,0,10,0,3834,532,85,4,4366,89,10,0
04/05/2021,BROOMFIELD,5,10,0,0,15,0,3844,537,85,4,4381,89,15,0
04/06/2021,BROOMFIELD,3,12,0,0,15,0,3856,540,85,4,4396,89,15,0
04/07/2021,BROOMFIELD,0,27,0,0,27,0,3883,540,85,4,4423,89,27,0
04/08/2021,BROOMFIELD,0,15,0,0,15,0,3898,540,85,4,4438,89,15,0
04/09/2021,BROOMFIELD,2,10,0,0,12,0,3908,542,85,4,4450,89,12,0
04/10/2021,BROOMFIELD,0,8,0,0,8,0,3916,542,85,4,4458,89,8,0
04/11/2021,BROOMFIELD,0,18,0,0,18,0,3934,542,85,4,4476,89,18,0
04/12/2021,BROOMFIELD,6,12,0,0,18,0,3946,548,85,4,4494,89,18,0
04/13/2021,BROOMFIELD,1,13,0,0,14,0,3959,549,85,4,4508,89,14,0
04/14/2021,BROOMFIELD,3,20,0,0,23,0,3979,552,85,4,4531,89,23,0
04/15/2021,BROOMFIELD,0,27,0,0,27,0,4006,552,85,4,4558,89,27,0
04/16/2021,BROOMFIELD,0,18,0,0,18,0,4024,552,85,4,4576,89,18,0
04/17/2021,BROOMFIELD,0,13,0,0,13,0,4037,552,85,4,4589,89,13,0
04/18/2021,BROOMFIELD,0,4,0,0,4,0,4041,552,85,4,4593,89,4,0
04/19/2021,BROOMFIELD,5,18,0,0,23,0,4059,557,85,4,4616,89,23,0
04/20/2021,BROOMFIELD,4,7,0,0,11,0,4066,561,85,4,4627,89,11,0
04/21/2021,BROOMFIELD,3,21,0,0,24,0,4087,564,85,4,4651,89,24,0
04/22/2021,BROOMFIELD,1,20,0,0,21,0,4107,565,85,4,4672,89,21,0
04/23/2021,BROOMFIELD,0,22,0,0,22,0,4129,565,85,4,4694,89,22,0
04/24/2021,BROOMFIELD,0,16,0,0,16,0,4145,565,85,4,4710,89,16,0
04/25/2021,BROOMFIELD,0,10,0,0,10,0,4155,565,85,4,4720,89,10,0
04/26/2021,BROOMFIELD,3,20,0,0,23,0,4175,568,85,4,4743,89,23,0
04/27/2021,BROOMFIELD,4,8,0,0,12,0,4183,572,85,4,4755,89,12,0
04/28/2021,BROOMFIELD,1,15,0,0,16,0,4198,573,85,4,4771,89,16,0
04/29/2021,BROOMFIELD,2,18,0,0,20,0,4216,575,85,4,4791,89,20,0
04/30/2021,BROOMFIELD,3,14,0,0,17,0,4230,578,85,4,4808,89,17,0
05/01/2021,BROOMFIELD,0,3,0,0,3,0,4233,578,85,4,4811,89,3,0
05/02/2021,BROOMFIELD,1,10,0,0,11,0,4243,579,85,4,4822,89,11,0
05/03/2021,BROOMFIELD,7,13,0,0,20,0,4256,586,85,4,4842,89,20,0
05/04/2021,BROOMFIELD,6,9,0,0,15,0,4265,592,85,4,4857,89,15,0
05/05/2021,BROOMFIELD,1,8,0,0,9,0,4273,593,85,4,4866,89,9,0
05/06/2021,BROOMFIELD,0,10,0,0,10,0,4283,593,85,4,4876,89,10,0
05/07/2021,BROOMFIELD,2,8,0,0,10,0,4291,595,85,4,4886,89,10,0
05/08/2021,BROOMFIELD,0,3,0,0,3,0,4294,595,85,4,4889,89,3,0
05/09/2021,BROOMFIELD,0,9,0,0,9,0,4303,595,85,4,4898,89,9,0
05/10/2021,BROOMFIELD,3,7,0,0,10,0,4310,598,85,4,4908,89,10,0
05/11/2021,BROOMFIELD,0,3,0,0,3,0,4313,598,85,4,4911,89,3,0
05/12/2021,BROOMFIELD,1,12,0,0,13,0,4325,599,85,4,4924,89,13,0
05/13/2021,BROOMFIELD,0,7,0,0,7,0,4332,599,85,4,4931,89,7,0
05/14/2021,BROOMFIELD,0,5,0,0,5,0,4337,599,85,4,4936,89,5,0
05/15/2021,BROOMFIELD,1,5,0,0,6,0,4342,600,85,4,4942,89,6,0
05/16/2021,BROOMFIELD,1,4,0,0,5,0,4346,601,85,4,4947,89,5,0
05/17/2021,BROOMFIELD,2,9,1,0,11,1,4355,603,85,5,4958,90,11,1
05/18/2021,BROOMFIELD,0,8,0,0,8,0,4363,603,85,5,4966,90,8,0
05/19/2021,BROOMFIELD,0,3,0,0,3,0,4366,603,85,5,4969,90,3,0
05/20/2021,BROOMFIELD,0,4,0,0,4,0,4370,603,85,5,4973,90,4,0
05/21/2021,BROOMFIELD,0,2,0,0,2,0,4372,603,85,5,4975,90,2,0
05/22/2021,BROOMFIELD,0,1,0,0,1,0,4373,603,85,5,4976,90,1,0
05/23/2021,BROOMFIELD,0,1,0,0,1,0,4374,603,85,5,4977,90,1,0
05/24/2021,BROOMFIELD,0,3,0,0,3,0,4377,603,85,5,4980,90,3,0
05/25/2021,BROOMFIELD,1,6,0,0,7,0,4383,604,85,5,4987,90,7,0
05/26/2021,BROOMFIELD,0,3,0,0,3,0,4386,604,85,5,4990,90,3,0
05/27/2021,BROOMFIELD,0,3,0,0,3,0,4389,604,85,5,4993,90,3,0
05/28/2021,BROOMFIELD,0,3,0,0,3,0,4392,604,85,5,4996,90,3,0
05/29/2021,BROOMFIELD,0,1,0,0,1,0,4393,604,85,5,4997,90,1,0
05/31/2021,BROOMFIELD,0,5,0,1,5,1,4398,604,86,5,5002,91,5,1
06/01/2021,BROOMFIELD,0,4,0,0,4,0,4402,604,86,5,5006,91,4,0
06/02/2021,BROOMFIELD,0,4,0,0,4,0,4406,604,86,5,5010,91,4,0
06/03/2021,BROOMFIELD,0,3,0,0,3,0,4409,604,86,5,5013,91,3,0
06/04/2021,BROOMFIELD,2,7,0,0,9,0,4416,606,86,5,5022,91,9,0
06/05/2021,BROOMFIELD,0,3,0,0,3,0,4419,606,86,5,5025,91,3,0
06/06/2021,BROOMFIELD,0,2,0,0,2,0,4421,606,86,5,5027,91,2,0
06/07/2021,BROOMFIELD,0,3,0,0,3,0,4424,606,86,5,5030,91,3,0
06/09/2021,BROOMFIELD,2,4,0,0,6,0,4428,608,86,5,5036,91,6,0
06/10/2021,BROOMFIELD,0,3,0,0,3,0,4431,608,86,5,5039,91,3,0
06/11/2021,BROOMFIELD,7,0,0,0,7,0,4431,615,86,5,5046,91,7,0
06/12/2021,BROOMFIELD,2,2,0,0,4,0,4433,617,86,5,5050,91,4,0
06/13/2021,BROOMFIELD,0,1,0,0,1,0,4434,617,86,5,5051,91,1,0
06/14/2021,BROOMFIELD,1,3,0,0,4,0,4437,618,86,5,5055,91,4,0
06/15/2021,BROOMFIELD,0,3,0,0,3,0,4440,618,86,5,5058,91,3,0
06/16/2021,BROOMFIELD,0,3,0,0,3,0,4443,618,86,5,5061,91,3,0
06/17/2021,BROOMFIELD,1,1,0,0,2,0,4444,619,86,5,5063,91,2,0
06/18/2021,BROOMFIELD,0,1,0,0,1,0,4445,619,86,5,5064,91,1,0
06/19/2021,BROOMFIELD,2,0,0,0,2,0,4445,621,86,5,5066,91,2,0
06/20/2021,BROOMFIELD,0,2,0,0,2,0,4447,621,86,5,5068,91,2,0
06/21/2021,BROOMFIELD,2,0,0,0,2,0,4447,623,86,5,5070,91,2,0
06/22/2021,BROOMFIELD,1,3,0,0,4,0,4450,624,86,5,5074,91,4,0
06/23/2021,BROOMFIELD,0,2,0,0,2,0,4452,624,86,5,5076,91,2,0
06/24/2021,BROOMFIELD,0,1,0,0,1,0,4453,624,86,5,5077,91,1,0
06/25/2021,BROOMFIELD,1,3,0,0,4,0,4456,625,86,5,5081,91,4,0
06/26/2021,BROOMFIELD,0,4,0,0,4,0,4460,625,86,5,5085,91,4,0
06/27/2021,BROOMFIELD,1,2,0,0,3,0,4462,626,86,5,5088,91,3,0
06/28/2021,BROOMFIELD,1,5,0,0,6,0,4467,627,86,5,5094,91,6,0
06/29/2021,BROOMFIELD,0,2,0,0,2,0,4469,627,86,5,5096,91,2,0
06/30/2021,BROOMFIELD,0,1,0,0,1,0,4470,627,86,5,5097,91,1,0
07/01/2021,BROOMFIELD,0,2,0,0,2,0,4472,627,86,5,5099,91,2,0
07/02/2021,BROOMFIELD,1,4,0,0,5,0,4476,628,86,5,5104,91,5,0
07/03/2021,BROOMFIELD,0,2,0,0,2,0,4478,628,86,5,5106,91,2,0
07/04/2021,BROOMFIELD,0,8,0,0,8,0,4486,628,86,5,5114,91,8,0
07/05/2021,BROOMFIELD,1,3,0,1,4,1,4489,629,87,5,5118,92,4,1
07/06/2021,BROOMFIELD,0,2,0,0,2,0,4491,629,87,5,5120,92,2,0
07/07/2021,BROOMFIELD,1,2,0,0,3,0,4493,630,87,5,5123,92,3,0
07/08/2021,BROOMFIELD,1,1,0,0,2,0,4494,631,87,5,5125,92,2,0
07/09/2021,BROOMFIELD,0,3,0,0,3,0,4497,631,87,5,5128,92,3,0
07/10/2021,BROOMFIELD,2,2,0,0,4,0,4499,633,87,5,5132,92,4,0
07/11/2021,BROOMFIELD,1,1,0,0,2,0,4500,634,87,5,5134,92,2,0
07/12/2021,BROOMFIELD,1,2,0,0,3,0,4502,635,87,5,5137,92,3,0
07/13/2021,BROOMFIELD,1,9,0,0,10,0,4511,636,87,5,5147,92,10,0
07/14/2021,BROOMFIELD,0,2,0,0,2,0,4513,636,87,5,5149,92,2,0
07/15/2021,BROOMFIELD,1,4,0,1,5,1,4517,637,88,5,5154,93,5,1
07/16/2021,BROOMFIELD,0,1,0,0,1,0,4518,637,88,5,5155,93,1,0
07/17/2021,BROOMFIELD,0,3,0,0,3,0,4521,637,88,5,5158,93,3,0
07/18/2021,BROOMFIELD,2,1,0,0,3,0,4522,639,88,5,5161,93,3,0
07/19/2021,BROOMFIELD,0,4,0,0,4,0,4526,639,88,5,5165,93,4,0
07/20/2021,BROOMFIELD,1,5,0,0,6,0,4531,640,88,5,5171,93,6,0
07/21/2021,BROOMFIELD,0,8,0,0,8,0,4539,640,88,5,5179,93,8,0
07/22/2021,BROOMFIELD,0,5,0,0,5,0,4544,640,88,5,5184,93,5,0
07/23/2021,BROOMFIELD,3,3,0,0,6,0,4547,643,88,5,5190,93,6,0
07/24/2021,BROOMFIELD,0,6,0,0,6,0,4553,643,88,5,5196,93,6,0
07/25/2021,BROOMFIELD,0,12,0,0,12,0,4565,643,88,5,5208,93,12,0
07/26/2021,BROOMFIELD,3,11,0,0,14,0,4576,646,88,5,5222,93,14,0
07/27/2021,BROOMFIELD,1,6,0,0,7,0,4582,647,88,5,5229,93,7,0
07/28/2021,BROOMFIELD,6,10,0,0,16,0,4592,653,88,5,5245,93,16,0
07/29/2021,BROOMFIELD,1,4,0,0,5,0,4596,654,88,5,5250,93,5,0
07/30/2021,BROOMFIELD,7,11,0,0,18,0,4607,661,88,5,5268,93,18,0
07/31/2021,BROOMFIELD,0,7,0,0,7,0,4614,661,88,5,5275,93,7,0
08/01/2021,BROOMFIELD,3,9,0,0,12,0,4623,664,88,5,5287,93,12,0
08/02/2021,BROOMFIELD,1,16,0,0,17,0,4639,665,88,5,5304,93,17,0
08/03/2021,BROOMFIELD,6,11,0,0,17,0,4650,671,88,5,5321,93,17,0
08/04/2021,BROOMFIELD,1,8,0,0,9,0,4658,672,88,5,5330,93,9,0
08/05/2021,BROOMFIELD,1,11,0,0,12,0,4669,673,88,5,5342,93,12,0
08/06/2021,BROOMFIELD,0,7,0,0,7,0,4676,673,88,5,5349,93,7,0
08/07/2021,BROOMFIELD,2,10,0,0,12,0,4686,675,88,5,5361,93,12,0
08/08/2021,BROOMFIELD,0,8,0,0,8,0,4694,675,88,5,5369,93,8,0
08/09/2021,BROOMFIELD,2,5,0,0,7,0,4699,677,88,5,5376,93,7,0
08/10/2021,BROOMFIELD,2,11,0,0,13,0,4710,679,88,5,5389,93,13,0
08/11/2021,BROOMFIELD,6,25,0,0,31,0,4735,685,88,5,5420,93,31,0
08/12/2021,BROOMFIELD,2,14,0,0,16,0,4749,687,88,5,5436,93,16,0
08/13/2021,BROOMFIELD,5,9,0,0,14,0,4758,692,88,5,5450,93,14,0
08/14/2021,BROOMFIELD,2,11,0,1,13,1,4769,694,89,5,5463,94,13,1
08/15/2021,BROOMFIELD,0,5,0,0,5,0,4774,694,89,5,5468,94,5,0
08/16/2021,BROOMFIELD,1,7,0,0,8,0,4781,695,89,5,5476,94,8,0
08/17/2021,BROOMFIELD,2,26,0,0,28,0,4807,697,89,5,5504,94,28,0
08/18/2021,BROOMFIELD,6,18,0,0,24,0,4825,703,89,5,5528,94,24,0
08/19/2021,BROOMFIELD,2,6,0,0,8,0,4831,705,89,5,5536,94,8,0
08/20/2021,BROOMFIELD,4,19,0,0,23,0,4850,709,89,5,5559,94,23,0
08/21/2021,BROOMFIELD,4,13,0,0,17,0,4863,713,89,5,5576,94,17,0
08/22/2021,BROOMFIELD,2,7,0,1,9,1,4870,715,90,5,5585,95,9,1
08/23/2021,BROOMFIELD,4,7,0,0,11,0,4877,719,90,5,5596,95,11,0
08/24/2021,BROOMFIELD,3,24,0,0,27,0,4901,722,90,5,5623,95,27,0
08/25/2021,BROOMFIELD,3,21,0,0,24,0,4922,725,90,5,5647,95,24,0
08/26/2021,BROOMFIELD,3,14,0,0,17,0,4936,728,90,5,5664,95,17,0
08/27/2021,BROOMFIELD,2,15,0,0,17,0,4951,730,90,5,5681,95,17,0
08/28/2021,BROOMFIELD,0,11,0,0,11,0,4962,730,90,5,5692,95,11,0
08/29/2021,BROOMFIELD,0,7,0,0,7,0,4969,730,90,5,5699,95,7,0
08/30/2021,BROOMFIELD,1,20,0,0,21,0,4989,731,90,5,5720,95,21,0
08/31/2021,BROOMFIELD,10,7,0,0,17,0,4996,741,90,5,5737,95,17,0
09/01/2021,BROOMFIELD,4,13,0,0,17,0,5009,745,90,5,5754,95,17,0
09/02/2021,BROOMFIELD,2,27,0,0,29,0,5036,747,90,5,5783,95,29,0
09/03/2021,BROOMFIELD,5,15,0,0,20,0,5051,752,90,5,5803,95,20,0
09/04/2021,BROOMFIELD,3,11,0,0,14,0,5062,755,90,5,5817,95,14,0
09/05/2021,BROOMFIELD,1,17,0,0,18,0,5079,756,90,5,5835,95,18,0
09/06/2021,BROOMFIELD,3,8,0,0,11,0,5087,759,90,5,5846,95,11,0
09/07/2021,BROOMFIELD,3,14,0,0,17,0,5101,762,90,5,5863,95,17,0
09/08/2021,BROOMFIELD,3,10,0,0,13,0,5111,765,90,5,5876,95,13,0
09/09/2021,BROOMFIELD,3,12,0,0,15,0,5123,768,90,5,5891,95,15,0
09/10/2021,BROOMFIELD,4,17,0,0,21,0,5140,772,90,5,5912,95,21,0
09/11/2021,BROOMFIELD,5,19,0,0,24,0,5159,777,90,5,5936,95,24,0
09/12/2021,BROOMFIELD,3,10,0,0,13,0,5169,780,90,5,5949,95,13,0
09/13/2021,BROOMFIELD,8,15,0,0,23,0,5184,788,90,5,5972,95,23,0
09/14/2021,BROOMFIELD,2,23,0,0,25,0,5207,790,90,5,5997,95,25,0
09/15/2021,BROOMFIELD,6,27,0,0,33,0,5234,796,90,5,6030,95,33,0
09/16/2021,BROOMFIELD,5,14,0,0,19,0,5248,801,90,5,6049,95,19,0
09/17/2021,BROOMFIELD,3,28,0,0,31,0,5276,804,90,5,6080,95,31,0
09/18/2021,BROOMFIELD,1,15,0,0,16,0,5291,805,90,5,6096,95,16,0
09/19/2021,BROOMFIELD,0,19,0,0,19,0,5310,805,90,5,6115,95,19,0
09/20/2021,BROOMFIELD,1,14,0,0,15,0,5324,806,90,5,6130,95,15,0
09/21/2021,BROOMFIELD,3,13,0,0,16,0,5337,809,90,5,6146,95,16,0
09/22/2021,BROOMFIELD,4,17,0,0,21,0,5354,813,90,5,6167,95,21,0
09/23/2021,BROOMFIELD,1,14,0,0,15,0,5368,814,90,5,6182,95,15,0
09/24/2021,BROOMFIELD,2,12,0,0,14,0,5380,816,90,5,6196,95,14,0
09/25/2021,BROOMFIELD,1,10,0,0,11,0,5390,817,90,5,6207,95,11,0
09/26/2021,BROOMFIELD,0,15,0,0,15,0,5405,817,90,5,6222,95,15,0
09/27/2021,BROOMFIELD,2,13,0,0,15,0,5418,819,90,5,6237,95,15,0
09/28/2021,BROOMFIELD,2,11,0,0,13,0,5429,821,90,5,6250,95,13,0
09/29/2021,BROOMFIELD,0,19,0,0,19,0,5448,821,90,5,6269,95,19,0
09/30/2021,BROOMFIELD,3,26,0,0,29,0,5474,824,90,5,6298,95,29,0
10/01/2021,BROOMFIELD,2,23,0,0,25,0,5497,826,90,5,6323,95,25,0
10/02/2021,BROOMFIELD,2,15,0,0,17,0,5512,828,90,5,6340,95,17,0
10/03/2021,BROOMFIELD,2,11,0,0,13,0,5523,830,90,5,6353,95,13,0
10/04/2021,BROOMFIELD,0,11,0,1,11,1,5534,830,91,5,6364,96,11,1
10/05/2021,BROOMFIELD,6,17,1,0,23,1,5551,836,91,6,6387,97,23,1
10/06/2021,BROOMFIELD,6,24,0,1,30,1,5575,842,92,6,6417,98,30,1
10/07/2021,BROOMFIELD,6,31,0,0,37,0,5606,848,92,6,6454,98,37,0
10/08/2021,BROOMFIELD,1,22,0,0,23,0,5628,849,92,6,6477,98,23,0
10/09/2021,BROOMFIELD,3,16,0,0,19,0,5644,852,92,6,6496,98,19,0
10/10/2021,BROOMFIELD,2,7,0,0,9,0,5651,854,92,6,6505,98,9,0
10/11/2021,BROOMFIELD,2,14,0,1,16,1,5665,856,93,6,6521,99,16,1
10/12/2021,BROOMFIELD,5,20,0,0,25,0,5685,861,93,6,6546,99,25,0
10/13/2021,BROOMFIELD,5,15,0,0,20,0,5700,866,93,6,6566,99,20,0
10/14/2021,BROOMFIELD,2,9,0,0,11,0,5709,868,93,6,6577,99,11,0
10/15/2021,BROOMFIELD,1,12,0,0,13,0,5721,869,93,6,6590,99,13,0
10/16/2021,BROOMFIELD,0,9,0,0,9,0,5730,869,93,6,6599,99,9,0
10/17/2021,BROOMFIELD,0,7,0,0,7,0,5737,869,93,6,6606,99,7,0
10/18/2021,BROOMFIELD,3,6,0,0,9,0,5743,872,93,6,6615,99,9,0
10/19/2021,BROOMFIELD,1,14,0,1,15,1,5757,873,94,6,6630,100,15,1
10/20/2021,BROOMFIELD,2,23,0,0,25,0,5780,875,94,6,6655,100,25,0
10/21/2021,BROOMFIELD,3,15,0,0,18,0,5795,878,94,6,6673,100,18,0
10/22/2021,BROOMFIELD,2,18,0,0,20,0,5813,880,94,6,6693,100,20,0
10/23/2021,BROOMFIELD,3,17,0,0,20,0,5830,883,94,6,6713,100,20,0
10/24/2021,BROOMFIELD,4,16,0,0,20,0,5846,887,94,6,6733,100,20,0
10/25/2021,BROOMFIELD,8,18,0,0,26,0,5864,895,94,6,6759,100,26,0
10/26/2021,BROOMFIELD,4,23,0,0,27,0,5887,899,94,6,6786,100,27,0
10/27/2021,BROOMFIELD,5,25,0,0,30,0,5912,904,94,6,6816,100,30,0
10/28/2021,BROOMFIELD,5,18,0,0,23,0,5930,909,94,6,6839,100,23,0
10/29/2021,BROOMFIELD,4,17,0,0,21,0,5947,913,94,6,6860,100,21,0
10/30/2021,BROOMFIELD,4,23,0,0,27,0,5970,917,94,6,6887,100,27,0
10/31/2021,BROOMFIELD,0,11,0,0,11,0,5981,917,94,6,6898,100,11,0
11/01/2021,BROOMFIELD,8,18,0,0,26,0,5999,925,94,6,6924,100,26,0
11/02/2021,BROOMFIELD,4,12,0,0,16,0,6011,929,94,6,6940,100,16,0
11/03/2021,BROOMFIELD,2,38,0,0,40,0,6049,931,94,6,6980,100,40,0
11/04/2021,BROOMFIELD,3,32,0,0,35,0,6081,934,94,6,7015,100,35,0
11/05/2021,BROOMFIELD,3,31,0,0,34,0,6112,937,94,6,7049,100,34,0
11/06/2021,BROOMFIELD,0,25,0,0,25,0,6137,937,94,6,7074,100,25,0
11/07/2021,BROOMFIELD,4,22,0,0,26,0,6159,941,94,6,7100,100,26,0
11/08/2021,BROOMFIELD,4,22,1,0,26,1,6181,945,94,7,7126,101,26,1
11/09/2021,BROOMFIELD,3,28,0,1,31,1,6209,948,95,7,7157,102,31,1
11/10/2021,BROOMFIELD,5,32,0,1,37,1,6241,953,96,7,7194,103,37,1
11/11/2021,BROOMFIELD,5,38,0,1,43,1,6279,958,97,7,7237,104,43,1
11/12/2021,BROOMFIELD,2,34,0,0,36,0,6313,960,97,7,7273,104,36,0
11/13/2021,BROOMFIELD,1,31,0,1,32,1,6344,961,98,7,7305,105,32,1
11/14/2021,BROOMFIELD,0,24,0,0,24,0,6368,961,98,7,7329,105,24,0
11/15/2021,BROOMFIELD,9,26,0,0,35,0,6394,970,98,7,7364,105,35,0
11/16/2021,BROOMFIELD,3,35,0,1,38,1,6429,973,99,7,7402,106,38,1
11/17/2021,BROOMFIELD,2,34,0,0,36,0,6463,975,99,7,7438,106,36,0
11/18/2021,BROOMFIELD,0,34,0,1,34,1,6497,975,100,7,7472,107,34,1
11/19/2021,BROOMFIELD,1,22,0,0,23,0,6519,976,100,7,7495,107,23,0
11/20/2021,BROOMFIELD,1,23,0,0,24,0,6542,977,100,7,7519,107,24,0
11/21/2021,BROOMFIELD,0,14,0,1,14,1,6556,977,101,7,7533,108,14,1
11/22/2021,BROOMFIELD,4,15,0,0,19,0,6571,981,101,7,7552,108,19,0
11/23/2021,BROOMFIELD,2,24,0,0,26,0,6595,983,101,7,7578,108,26,0
11/24/2021,BROOMFIELD,0,19,0,0,19,0,6614,983,101,7,7597,108,19,0
11/25/2021,BROOMFIELD,0,14,0,0,14,0,6628,983,101,7,7611,108,14,0
11/26/2021,BROOMFIELD,0,6,0,0,6,0,6634,983,101,7,7617,108,6,0
11/27/2021,BROOMFIELD,1,26,0,0,27,0,6660,984,101,7,7644,108,27,0
11/28/2021,BROOMFIELD,0,26,0,1,26,1,6686,984,102,7,7670,109,26,1
11/29/2021,BROOMFIELD,4,25,0,0,29,0,6711,988,102,7,7699,109,29,0
11/30/2021,BROOMFIELD,2,28,0,0,30,0,6739,990,102,7,7729,109,30,0
12/01/2021,BROOMFIELD,1,21,0,0,22,0,6760,991,102,7,7751,109,22,0
12/02/2021,BROOMFIELD,2,23,0,0,25,0,6783,993,102,7,7776,109,25,0
12/03/2021,BROOMFIELD,2,23,0,0,25,0,6806,995,102,7,7801,109,25,0
12/04/2021,BROOMFIELD,0,17,0,0,17,0,6823,995,102,7,7818,109,17,0
12/05/2021,BROOMFIELD,0,9,0,0,9,0,6832,995,102,7,7827,109,9,0
12/06/2021,BROOMFIELD,1,35,0,2,36,2,6867,996,104,7,7863,111,36,2
12/07/2021,BROOMFIELD,2,22,0,0,24,0,6889,998,104,7,7887,111,24,0
12/08/2021,BROOMFIELD,5,27,0,0,32,0,6916,1003,104,7,7919,111,32,0
12/09/2021,BROOMFIELD,4,18,0,0,22,0,6934,1007,104,7,7941,111,22,0
12/10/2021,BROOMFIELD,0,19,0,0,19,0,6953,1007,104,7,7960,111,19,0
12/11/2021,BROOMFIELD,0,10,0,1,10,1,6963,1007,105,7,7970,112,10,1
12/12/2021,BROOMFIELD,0,14,0,1,14,1,6977,1007,106,7,7984,113,14,1
12/13/2021,BROOMFIELD,0,15,0,0,15,0,6992,1007,106,7,7999,113,15,0
12/14/2021,BROOMFIELD,4,17,0,0,21,0,7009,1011,106,7,8020,113,21,0
12/15/2021,BROOMFIELD,3,27,0,1,30,1,7036,1014,107,7,8050,114,30,1
12/16/2021,BROOMFIELD,0,15,0,0,15,0,7051,1014,107,7,8065,114,15,0
12/17/2021,BROOMFIELD,1,27,0,0,28,0,7078,1015,107,7,8093,114,28,0
12/18/2021,BROOMFIELD,2,16,0,0,18,0,7094,1017,107,7,8111,114,18,0
12/19/2021,BROOMFIELD,3,10,0,0,13,0,7104,1020,107,7,8124,114,13,0
12/20/2021,BROOMFIELD,0,21,0,0,21,0,7125,1020,107,7,8145,114,21,0
12/21/2021,BROOMFIELD,3,50,0,0,53,0,7175,1023,107,7,8198,114,53,0
12/22/2021,BROOMFIELD,4,30,0,0,34,0,7205,1027,107,7,8232,114,34,0
12/23/2021,BROOMFIELD,8,57,0,0,65,0,7262,1035,107,7,8297,114,65,0
12/24/2021,BROOMFIELD,6,82,0,0,88,0,7344,1041,107,7,8385,114,88,0
12/25/2021,BROOMFIELD,5,75,0,0,80,0,7419,1046,107,7,8465,114,80,0
12/26/2021,BROOMFIELD,3,21,0,0,24,0,7440,1049,107,7,8489,114,24,0
12/27/2021,BROOMFIELD,6,55,0,2,61,2,7495,1055,109,7,8550,116,61,2
12/28/2021,BROOMFIELD,21,55,0,0,76,0,7550,1076,109,7,8626,116,76,0
12/29/2021,BROOMFIELD,12,149,0,0,161,0,7699,1088,109,7,8787,116,161,0
12/30/2021,BROOMFIELD,12,117,0,0,129,0,7816,1100,109,7,8916,116,129,0
12/31/2021,BROOMFIELD,6,94,0,0,100,0,7910,1106,109,7,9016,116,100,0
01/01/2022,BROOMFIELD,3,77,0,0,80,0,7987,1109,109,7,9096,116,80,0
01/02/2022,BROOMFIELD,5,80,0,1,85,1,8067,1114,110,7,9181,117,85,1
01/03/2022,BROOMFIELD,12,69,0,2,81,2,8136,1126,112,7,9262,119,81,2
01/04/2022,BROOMFIELD,18,166,0,0,184,0,8302,1144,112,7,9446,119,184,0
01/05/2022,BROOMFIELD,10,169,0,0,179,0,8471,1154,112,7,9625,119,179,0
01/06/2022,BROOMFIELD,7,190,0,0,197,0,8661,1161,112,7,9822,119,197,0
01/07/2022,BROOMFIELD,8,107,0,1,115,1,8768,1169,113,7,9937,120,115,1
01/08/2022,BROOMFIELD,5,133,0,0,138,0,8901,1174,113,7,10075,120,138,0
01/09/2022,BROOMFIELD,7,80,0,0,87,0,8981,1181,113,7,10162,120,87,0
01/10/2022,BROOMFIELD,7,170,0,0,177,0,9151,1188,113,7,10339,120,177,0
01/11/2022,BROOMFIELD,13,149,0,0,162,0,9300,1201,113,7,10501,120,162,0
01/12/2022,BROOMFIELD,8,110,0,0,118,0,9410,1209,113,7,10619,120,118,0
01/13/2022,BROOMFIELD,10,136,0,1,146,1,9546,1219,114,7,10765,121,146,1
01/14/2022,BROOMFIELD,11,206,0,1,217,1,9752,1230,115,7,10982,122,217,1
01/15/2022,BROOMFIELD,5,89,0,1,94,1,9841,1235,116,7,11076,123,94,1
01/16/2022,BROOMFIELD,2,80,0,0,82,0,9921,1237,116,7,11158,123,82,0
01/17/2022,BROOMFIELD,8,128,0,1,136,1,10049,1245,117,7,11294,124,136,1
01/18/2022,BROOMFIELD,7,110,0,1,117,1,10159,1252,118,7,11411,125,117,1
01/19/2022,BROOMFIELD,12,155,0,1,167,1,10314,1264,119,7,11578,126,167,1
01/20/2022,BROOMFIELD,6,99,0,0,105,0,10413,1270,119,7,11683,126,105,0
01/21/2022,BROOMFIELD,9,96,0,0,105,0,10509,1279,119,7,11788,126,105,0
01/22/2022,BROOMFIELD,4,79,0,1,83,1,10588,1283,120,7,11871,127,83,1
01/23/2022,BROOMFIELD,9,94,0,0,103,0,10682,1292,120,7,11974,127,103,0
01/24/2022,BROOMFIELD,6,69,0,0,75,0,10751,1298,120,7,12049,127,75,0
01/25/2022,BROOMFIELD,8,48,0,0,56,0,10799,1306,120,7,12105,127,56,0
01/26/2022,BROOMFIELD,5,129,0,0,134,0,10928,1311,120,7,12239,127,134,0
01/27/2022,BROOMFIELD,11,77,0,0,88,0,11005,1322,120,7,12327,127,88,0
01/28/2022,BROOMFIELD,8,70,0,0,78,0,11075,1330,120,7,12405,127,78,0
01/29/2022,BROOMFIELD,4,45,0,0,49,0,11120,1334,120,7,12454,127,49,0
01/30/2022,BROOMFIELD,2,47,0,0,49,0,11167,1336,120,7,12503,127,49,0
01/31/2022,BROOMFIELD,7,25,0,0,32,0,11192,1343,120,7,12535,127,32,0
02/01/2022,BROOMFIELD,5,36,0,0,41,0,11228,1348,120,7,12576,127,41,0
02/02/2022,BROOMFIELD,5,47,0,0,52,0,11275,1353,120,7,12628,127,52,0
02/03/2022,BROOMFIELD,4,28,0,0,32,0,11303,1357,120,7,12660,127,32,0
02/04/2022,BROOMFIELD,2,28,0,0,30,0,11331,1359,120,7,12690,127,30,0
02/05/2022,BROOMFIELD,1,30,0,0,31,0,11361,1360,120,7,12721,127,31,0
02/06/2022,BROOMFIELD,2,22,0,0,24,0,11383,1362,120,7,12745,127,24,0
02/07/2022,BROOMFIELD,4,14,0,0,18,0,11397,1366,120,7,12763,127,18,0
02/08/2022,BROOMFIELD,7,23,0,0,30,0,11420,1373,120,7,12793,127,30,0
02/09/2022,BROOMFIELD,1,20,1,0,21,1,11440,1374,120,8,12814,128,21,1
02/10/2022,BROOMFIELD,1,14,0,0,15,0,11454,1375,120,8,12829,128,15,0
02/11/2022,BROOMFIELD,2,15,0,0,17,0,11469,1377,120,8,12846,128,17,0
02/12/2022,BROOMFIELD,1,18,0,0,19,0,11487,1378,120,8,12865,128,19,0
02/13/2022,BROOMFIELD,0,9,0,0,9,0,11496,1378,120,8,12874,128,9,0
02/14/2022,BROOMFIELD,3,11,0,0,14,0,11507,1381,120,8,12888,128,14,0
02/15/2022,BROOMFIELD,3,17,0,0,20,0,11524,1384,120,8,12908,128,20,0
02/16/2022,BROOMFIELD,1,12,0,0,13,0,11536,1385,120,8,12921,128,13,0
02/17/2022,BROOMFIELD,1,19,0,0,20,0,11555,1386,120,8,12941,128,20,0
02/18/2022,BROOMFIELD,0,19,0,0,19,0,11574,1386,120,8,12960,128,19,0
02/19/2022,BROOMFIELD,0,6,0,0,6,0,11580,1386,120,8,12966,128,6,0
02/20/2022,BROOMFIELD,0,8,0,0,8,0,11588,1386,120,8,12974,128,8,0
02/21/2022,BROOMFIELD,0,4,0,0,4,0,11592,1386,120,8,12978,128,4,0
02/22/2022,BROOMFIELD,0,6,0,0,6,0,11598,1386,120,8,12984,128,6,0
02/23/2022,BROOMFIELD,0,4,0,0,4,0,11602,1386,120,8,12988,128,4,0
02/24/2022,BROOMFIELD,1,5,0,0,6,0,11607,1387,120,8,12994,128,6,0
02/25/2022,BROOMFIELD,0,14,0,0,14,0,11621,1387,120,8,13008,128,14,0
02/26/2022,BROOMFIELD,1,7,0,0,8,0,11628,1388,120,8,13016,128,8,0
02/27/2022,BROOMFIELD,0,2,0,0,2,0,11630,1388,120,8,13018,128,2,0
02/28/2022,BROOMFIELD,3,3,0,0,6,0,11633,1391,120,8,13024,128,6,0
03/01/2022,BROOMFIELD,2,3,0,0,5,0,11636,1393,120,8,13029,128,5,0
03/02/2022,BROOMFIELD,0,4,0,0,4,0,11640,1393,120,8,13033,128,4,0
03/03/2022,BROOMFIELD,0,4,0,0,4,0,11644,1393,120,8,13037,128,4,0
03/04/2022,BROOMFIELD,1,9,0,0,10,0,11653,1394,120,8,13047,128,10,0
03/05/2022,BROOMFIELD,0,3,0,0,3,0,11656,1394,120,8,13050,128,3,0
03/06/2022,BROOMFIELD,0,2,0,0,2,0,11658,1394,120,8,13052,128,2,0
03/07/2022,BROOMFIELD,0,2,0,0,2,0,11660,1394,120,8,13054,128,2,0
03/08/2022,BROOMFIELD,0,7,0,0,7,0,11667,1394,120,8,13061,128,7,0
03/09/2022,BROOMFIELD,0,1,0,0,1,0,11668,1394,120,8,13062,128,1,0
03/10/2022,BROOMFIELD,1,0,0,0,1,0,11668,1395,120,8,13063,128,1,0
03/11/2022,BROOMFIELD,0,1,0,0,1,0,11669,1395,120,8,13064,128,1,0
03/12/2022,BROOMFIELD,0,1,0,0,1,0,11670,1395,120,8,13065,128,1,0
03/14/2022,BROOMFIELD,1,4,0,0,5,0,11674,1396,120,8,13070,128,5,0
03/15/2022,BROOMFIELD,0,4,0,0,4,0,11678,1396,120,8,13074,128,4,0
03/16/2022,BROOMFIELD,0,5,0,0,5,0,11683,1396,120,8,13079,128,5,0
03/17/2022,BROOMFIELD,0,3,0,0,3,0,11686,1396,120,8,13082,128,3,0
03/18/2022,BROOMFIELD,1,1,0,0,2,0,11687,1397,120,8,13084,128,2,0
03/19/2022,BROOMFIELD,0,2,0,0,2,0,11689,1397,120,8,13086,128,2,0
03/20/2022,BROOMFIELD,0,1,0,0,1,0,11690,1397,120,8,13087,128,1,0
03/20/2020,CHAFFEE,0,2,0,0,2,0,2,0,0,0,2,0,-13085,-128
03/21/2020,CHAFFEE,0,1,0,1,1,1,3,0,1,0,3,1,1,1
03/25/2020,CHAFFEE,0,2,0,1,2,1,5,0,2,0,5,2,2,1
03/27/2020,CHAFFEE,1,4,0,0,5,0,9,1,2,0,10,2,5,0
03/28/2020,CHAFFEE,2,1,0,0,3,0,10,3,2,0,13,2,3,0
03/29/2020,CHAFFEE,1,0,0,0,1,0,10,4,2,0,14,2,1,0
03/30/2020,CHAFFEE,0,2,0,0,2,0,12,4,2,0,16,2,2,0
03/31/2020,CHAFFEE,0,1,0,1,1,1,13,4,3,0,17,3,1,1
04/01/2020,CHAFFEE,0,1,0,0,1,0,14,4,3,0,18,3,1,0
04/02/2020,CHAFFEE,0,1,0,0,1,0,15,4,3,0,19,3,1,0
04/03/2020,CHAFFEE,0,1,0,0,1,0,16,4,3,0,20,3,1,0
04/04/2020,CHAFFEE,0,1,0,0,1,0,17,4,3,0,21,3,1,0
04/07/2020,CHAFFEE,0,1,0,0,1,0,18,4,3,0,22,3,1,0
04/08/2020,CHAFFEE,0,3,0,2,3,2,21,4,5,0,25,5,3,2
04/09/2020,CHAFFEE,0,1,0,0,1,0,22,4,5,0,26,5,1,0
04/10/2020,CHAFFEE,1,7,0,2,8,2,29,5,7,0,34,7,8,2
04/14/2020,CHAFFEE,0,1,0,0,1,0,30,5,7,0,35,7,1,0
04/15/2020,CHAFFEE,0,15,0,8,15,8,45,5,15,0,50,15,15,8
04/17/2020,CHAFFEE,0,1,0,0,1,0,46,5,15,0,51,15,1,0
04/18/2020,CHAFFEE,0,1,0,0,1,0,47,5,15,0,52,15,1,0
04/23/2020,CHAFFEE,9,1,5,1,10,6,48,14,16,5,62,21,10,6
04/25/2020,CHAFFEE,0,1,0,1,1,1,49,14,17,5,63,22,1,1
04/30/2020,CHAFFEE,0,1,0,0,1,0,50,14,17,5,64,22,1,0
05/04/2020,CHAFFEE,0,1,0,0,1,0,51,14,17,5,65,22,1,0
05/12/2020,CHAFFEE,0,2,0,2,2,2,53,14,19,5,67,24,2,2
05/22/2020,CHAFFEE,0,1,0,0,1,0,54,14,19,5,68,24,1,0
05/25/2020,CHAFFEE,0,1,0,0,1,0,55,14,19,5,69,24,1,0
05/31/2020,CHAFFEE,4,0,0,0,4,0,55,18,19,5,73,24,4,0
06/01/2020,CHAFFEE,1,0,0,0,1,0,55,19,19,5,74,24,1,0
06/04/2020,CHAFFEE,0,1,0,0,1,0,56,19,19,5,75,24,1,0
07/02/2020,CHAFFEE,0,1,0,0,1,0,57,19,19,5,76,24,1,0
07/03/2020,CHAFFEE,0,1,0,0,1,0,58,19,19,5,77,24,1,0
07/07/2020,CHAFFEE,0,2,0,0,2,0,60,19,19,5,79,24,2,0
07/08/2020,CHAFFEE,0,1,0,0,1,0,61,19,19,5,80,24,1,0
07/10/2020,CHAFFEE,0,11,0,0,11,0,72,19,19,5,91,24,11,0
07/11/2020,CHAFFEE,0,25,0,0,25,0,97,19,19,5,116,24,25,0
07/12/2020,CHAFFEE,0,3,0,0,3,0,100,19,19,5,119,24,3,0
07/13/2020,CHAFFEE,0,2,0,0,2,0,102,19,19,5,121,24,2,0
07/15/2020,CHAFFEE,0,1,0,0,1,0,103,19,19,5,122,24,1,0
07/16/2020,CHAFFEE,0,4,0,0,4,0,107,19,19,5,126,24,4,0
07/17/2020,CHAFFEE,0,82,0,0,82,0,189,19,19,5,208,24,82,0
07/19/2020,CHAFFEE,0,5,0,0,5,0,194,19,19,5,213,24,5,0
07/20/2020,CHAFFEE,0,1,0,0,1,0,195,19,19,5,214,24,1,0
07/21/2020,CHAFFEE,0,5,0,0,5,0,200,19,19,5,219,24,5,0
07/22/2020,CHAFFEE,0,1,0,0,1,0,201,19,19,5,220,24,1,0
07/23/2020,CHAFFEE,0,3,0,0,3,0,204,19,19,5,223,24,3,0
07/24/2020,CHAFFEE,0,18,0,0,18,0,222,19,19,5,241,24,18,0
07/25/2020,CHAFFEE,0,33,0,0,33,0,255,19,19,5,274,24,33,0
07/27/2020,CHAFFEE,0,3,0,0,3,0,258,19,19,5,277,24,3,0
07/30/2020,CHAFFEE,0,12,0,0,12,0,270,19,19,5,289,24,12,0
08/05/2020,CHAFFEE,0,1,0,0,1,0,271,19,19,5,290,24,1,0
08/06/2020,CHAFFEE,0,5,0,0,5,0,276,19,19,5,295,24,5,0
08/07/2020,CHAFFEE,0,3,0,0,3,0,279,19,19,5,298,24,3,0
08/08/2020,CHAFFEE,0,1,0,0,1,0,280,19,19,5,299,24,1,0
08/11/2020,CHAFFEE,0,2,0,0,2,0,282,19,19,5,301,24,2,0
08/14/2020,CHAFFEE,0,1,0,0,1,0,283,19,19,5,302,24,1,0
08/17/2020,CHAFFEE,0,2,0,0,2,0,285,19,19,5,304,24,2,0
08/19/2020,CHAFFEE,0,3,0,0,3,0,288,19,19,5,307,24,3,0
08/20/2020,CHAFFEE,0,1,0,0,1,0,289,19,19,5,308,24,1,0
08/21/2020,CHAFFEE,0,1,0,0,1,0,290,19,19,5,309,24,1,0
08/22/2020,CHAFFEE,0,1,0,0,1,0,291,19,19,5,310,24,1,0
08/24/2020,CHAFFEE,0,2,0,0,2,0,293,19,19,5,312,24,2,0
08/25/2020,CHAFFEE,1,0,0,0,1,0,293,20,19,5,313,24,1,0
08/29/2020,CHAFFEE,0,1,0,0,1,0,294,20,19,5,314,24,1,0
09/02/2020,CHAFFEE,0,1,0,0,1,0,295,20,19,5,315,24,1,0
09/08/2020,CHAFFEE,0,1,0,0,1,0,296,20,19,5,316,24,1,0
09/11/2020,CHAFFEE,0,1,0,0,1,0,297,20,19,5,317,24,1,0
09/12/2020,CHAFFEE,0,1,0,0,1,0,298,20,19,5,318,24,1,0
09/15/2020,CHAFFEE,1,0,0,0,1,0,298,21,19,5,319,24,1,0
09/22/2020,CHAFFEE,0,4,0,0,4,0,302,21,19,5,323,24,4,0
09/23/2020,CHAFFEE,0,7,0,0,7,0,309,21,19,5,330,24,7,0
09/24/2020,CHAFFEE,0,1,0,0,1,0,310,21,19,5,331,24,1,0
09/25/2020,CHAFFEE,0,2,0,1,2,1,312,21,20,5,333,25,2,1
09/26/2020,CHAFFEE,0,1,0,0,1,0,313,21,20,5,334,25,1,0
09/30/2020,CHAFFEE,0,1,0,0,1,0,314,21,20,5,335,25,1,0
10/01/2020,CHAFFEE,0,3,0,0,3,0,317,21,20,5,338,25,3,0
10/02/2020,CHAFFEE,0,6,0,0,6,0,323,21,20,5,344,25,6,0
10/05/2020,CHAFFEE,0,2,0,0,2,0,325,21,20,5,346,25,2,0
10/07/2020,CHAFFEE,0,4,0,0,4,0,329,21,20,5,350,25,4,0
10/08/2020,CHAFFEE,0,1,0,0,1,0,330,21,20,5,351,25,1,0
10/09/2020,CHAFFEE,0,3,0,0,3,0,333,21,20,5,354,25,3,0
10/11/2020,CHAFFEE,1,0,0,0,1,0,333,22,20,5,355,25,1,0
10/13/2020,CHAFFEE,1,1,0,0,2,0,334,23,20,5,357,25,2,0
10/15/2020,CHAFFEE,0,2,0,0,2,0,336,23,20,5,359,25,2,0
10/16/2020,CHAFFEE,0,10,0,0,10,0,346,23,20,5,369,25,10,0
10/17/2020,CHAFFEE,0,3,0,0,3,0,349,23,20,5,372,25,3,0
10/18/2020,CHAFFEE,0,2,0,0,2,0,351,23,20,5,374,25,2,0
10/20/2020,CHAFFEE,0,2,0,0,2,0,353,23,20,5,376,25,2,0
10/21/2020,CHAFFEE,0,21,0,0,21,0,374,23,20,5,397,25,21,0
10/22/2020,CHAFFEE,0,8,0,0,8,0,382,23,20,5,405,25,8,0
10/23/2020,CHAFFEE,0,6,0,0,6,0,388,23,20,5,411,25,6,0
10/24/2020,CHAFFEE,0,5,0,0,5,0,393,23,20,5,416,25,5,0
10/25/2020,CHAFFEE,0,3,0,0,3,0,396,23,20,5,419,25,3,0
10/26/2020,CHAFFEE,0,2,0,0,2,0,398,23,20,5,421,25,2,0
10/27/2020,CHAFFEE,0,3,0,0,3,0,401,23,20,5,424,25,3,0
10/28/2020,CHAFFEE,0,2,0,0,2,0,403,23,20,5,426,25,2,0
10/29/2020,CHAFFEE,0,1,0,0,1,0,404,23,20,5,427,25,1,0
10/30/2020,CHAFFEE,0,6,0,0,6,0,410,23,20,5,433,25,6,0
10/31/2020,CHAFFEE,0,3,0,0,3,0,413,23,20,5,436,25,3,0
11/01/2020,CHAFFEE,0,2,0,0,2,0,415,23,20,5,438,25,2,0
11/03/2020,CHAFFEE,0,9,0,0,9,0,424,23,20,5,447,25,9,0
11/04/2020,CHAFFEE,0,9,0,0,9,0,433,23,20,5,456,25,9,0
11/05/2020,CHAFFEE,0,9,0,1,9,1,442,23,21,5,465,26,9,1
11/06/2020,CHAFFEE,0,4,0,0,4,0,446,23,21,5,469,26,4,0
11/07/2020,CHAFFEE,0,5,0,0,5,0,451,23,21,5,474,26,5,0
11/08/2020,CHAFFEE,0,5,0,0,5,0,456,23,21,5,479,26,5,0
11/09/2020,CHAFFEE,0,1,0,0,1,0,457,23,21,5,480,26,1,0
11/10/2020,CHAFFEE,0,4,0,0,4,0,461,23,21,5,484,26,4,0
11/11/2020,CHAFFEE,0,2,0,0,2,0,463,23,21,5,486,26,2,0
11/12/2020,CHAFFEE,0,9,0,0,9,0,472,23,21,5,495,26,9,0
11/13/2020,CHAFFEE,0,3,0,0,3,0,475,23,21,5,498,26,3,0
11/14/2020,CHAFFEE,2,16,0,0,18,0,491,25,21,5,516,26,18,0
11/15/2020,CHAFFEE,0,7,0,0,7,0,498,25,21,5,523,26,7,0
11/16/2020,CHAFFEE,0,1,0,0,1,0,499,25,21,5,524,26,1,0
11/17/2020,CHAFFEE,0,3,0,0,3,0,502,25,21,5,527,26,3,0
11/18/2020,CHAFFEE,0,9,0,0,9,0,511,25,21,5,536,26,9,0
11/19/2020,CHAFFEE,0,21,0,0,21,0,532,25,21,5,557,26,21,0
11/20/2020,CHAFFEE,0,24,0,0,24,0,556,25,21,5,581,26,24,0
11/21/2020,CHAFFEE,0,14,0,1,14,1,570,25,22,5,595,27,14,1
11/22/2020,CHAFFEE,0,10,0,0,10,0,580,25,22,5,605,27,10,0
11/23/2020,CHAFFEE,0,6,0,0,6,0,586,25,22,5,611,27,6,0
11/24/2020,CHAFFEE,0,2,0,0,2,0,588,25,22,5,613,27,2,0
11/25/2020,CHAFFEE,0,9,0,0,9,0,597,25,22,5,622,27,9,0
11/26/2020,CHAFFEE,0,8,0,0,8,0,605,25,22,5,630,27,8,0
11/27/2020,CHAFFEE,0,25,0,0,25,0,630,25,22,5,655,27,25,0
11/28/2020,CHAFFEE,0,34,0,0,34,0,664,25,22,5,689,27,34,0
11/29/2020,CHAFFEE,0,3,0,0,3,0,667,25,22,5,692,27,3,0
11/30/2020,CHAFFEE,0,11,0,0,11,0,678,25,22,5,703,27,11,0
12/01/2020,CHAFFEE,0,4,0,0,4,0,682,25,22,5,707,27,4,0
12/02/2020,CHAFFEE,1,36,0,1,37,1,718,26,23,5,744,28,37,1
12/03/2020,CHAFFEE,3,14,0,0,17,0,732,29,23,5,761,28,17,0
12/04/2020,CHAFFEE,1,15,0,0,16,0,747,30,23,5,777,28,16,0
12/05/2020,CHAFFEE,0,5,0,0,5,0,752,30,23,5,782,28,5,0
12/06/2020,CHAFFEE,0,13,0,1,13,1,765,30,24,5,795,29,13,1
12/07/2020,CHAFFEE,0,4,0,0,4,0,769,30,24,5,799,29,4,0
12/08/2020,CHAFFEE,2,2,0,0,4,0,771,32,24,5,803,29,4,0
12/09/2020,CHAFFEE,6,36,0,0,42,0,807,38,24,5,845,29,42,0
12/10/2020,CHAFFEE,1,6,0,0,7,0,813,39,24,5,852,29,7,0
12/11/2020,CHAFFEE,0,5,0,0,5,0,818,39,24,5,857,29,5,0
12/12/2020,CHAFFEE,0,13,0,0,13,0,831,39,24,5,870,29,13,0
12/13/2020,CHAFFEE,0,4,0,0,4,0,835,39,24,5,874,29,4,0
12/14/2020,CHAFFEE,2,15,0,0,17,0,850,41,24,5,891,29,17,0
12/15/2020,CHAFFEE,2,1,0,0,3,0,851,43,24,5,894,29,3,0
12/16/2020,CHAFFEE,1,35,0,0,36,0,886,44,24,5,930,29,36,0
12/17/2020,CHAFFEE,1,5,0,0,6,0,891,45,24,5,936,29,6,0
12/18/2020,CHAFFEE,3,9,0,0,12,0,900,48,24,5,948,29,12,0
12/19/2020,CHAFFEE,0,12,0,0,12,0,912,48,24,5,960,29,12,0
12/20/2020,CHAFFEE,1,0,0,0,1,0,912,49,24,5,961,29,1,0
12/21/2020,CHAFFEE,1,6,0,0,7,0,918,50,24,5,968,29,7,0
12/22/2020,CHAFFEE,2,3,0,0,5,0,921,52,24,5,973,29,5,0
12/23/2020,CHAFFEE,5,49,0,0,54,0,970,57,24,5,1027,29,54,0
12/24/2020,CHAFFEE,0,5,0,0,5,0,975,57,24,5,1032,29,5,0
12/25/2020,CHAFFEE,0,3,0,0,3,0,978,57,24,5,1035,29,3,0
12/26/2020,CHAFFEE,0,4,0,0,4,0,982,57,24,5,1039,29,4,0
12/27/2020,CHAFFEE,1,1,0,0,2,0,983,58,24,5,1041,29,2,0
12/28/2020,CHAFFEE,3,2,0,0,5,0,985,61,24,5,1046,29,5,0
12/29/2020,CHAFFEE,0,2,0,0,2,0,987,61,24,5,1048,29,2,0
12/30/2020,CHAFFEE,4,4,0,0,8,0,991,65,24,5,1056,29,8,0
12/31/2020,CHAFFEE,5,48,0,0,53,0,1039,70,24,5,1109,29,53,0
01/01/2021,CHAFFEE,0,4,0,0,4,0,1043,70,24,5,1113,29,4,0
01/02/2021,CHAFFEE,13,13,0,0,26,0,1056,83,24,5,1139,29,26,0
01/03/2021,CHAFFEE,2,1,0,0,3,0,1057,85,24,5,1142,29,3,0
01/04/2021,CHAFFEE,2,1,0,0,3,0,1058,87,24,5,1145,29,3,0
01/05/2021,CHAFFEE,4,4,0,0,8,0,1062,91,24,5,1153,29,8,0
01/06/2021,CHAFFEE,2,0,0,0,2,0,1062,93,24,5,1155,29,2,0
01/07/2021,CHAFFEE,3,30,0,0,33,0,1092,96,24,5,1188,29,33,0
01/08/2021,CHAFFEE,3,6,0,0,9,0,1098,99,24,5,1197,29,9,0
01/09/2021,CHAFFEE,2,4,0,0,6,0,1102,101,24,5,1203,29,6,0
01/10/2021,CHAFFEE,0,3,0,0,3,0,1105,101,24,5,1206,29,3,0
01/11/2021,CHAFFEE,6,6,0,0,12,0,1111,107,24,5,1218,29,12,0
01/12/2021,CHAFFEE,7,1,1,0,8,1,1112,114,24,6,1226,30,8,1
01/13/2021,CHAFFEE,0,2,0,0,2,0,1114,114,24,6,1228,30,2,0
01/14/2021,CHAFFEE,4,2,0,0,6,0,1116,118,24,6,1234,30,6,0
01/15/2021,CHAFFEE,5,4,0,1,9,1,1120,123,25,6,1243,31,9,1
01/16/2021,CHAFFEE,2,3,0,0,5,0,1123,125,25,6,1248,31,5,0
01/17/2021,CHAFFEE,1,0,0,0,1,0,1123,126,25,6,1249,31,1,0
01/18/2021,CHAFFEE,12,4,0,0,16,0,1127,138,25,6,1265,31,16,0
01/19/2021,CHAFFEE,0,1,0,0,1,0,1128,138,25,6,1266,31,1,0
01/20/2021,CHAFFEE,1,3,0,0,4,0,1131,139,25,6,1270,31,4,0
01/21/2021,CHAFFEE,8,8,0,0,16,0,1139,147,25,6,1286,31,16,0
01/22/2021,CHAFFEE,3,0,0,0,3,0,1139,150,25,6,1289,31,3,0
01/23/2021,CHAFFEE,0,2,0,0,2,0,1141,150,25,6,1291,31,2,0
01/24/2021,CHAFFEE,0,4,0,0,4,0,1145,150,25,6,1295,31,4,0
01/25/2021,CHAFFEE,4,5,0,0,9,0,1150,154,25,6,1304,31,9,0
01/26/2021,CHAFFEE,5,4,0,0,9,0,1154,159,25,6,1313,31,9,0
01/27/2021,CHAFFEE,8,6,0,0,14,0,1160,167,25,6,1327,31,14,0
01/28/2021,CHAFFEE,1,4,0,0,5,0,1164,168,25,6,1332,31,5,0
01/29/2021,CHAFFEE,3,3,0,0,6,0,1167,171,25,6,1338,31,6,0
01/30/2021,CHAFFEE,1,5,0,0,6,0,1172,172,25,6,1344,31,6,0
01/31/2021,CHAFFEE,0,1,0,0,1,0,1173,172,25,6,1345,31,1,0
02/01/2021,CHAFFEE,8,5,0,0,13,0,1178,180,25,6,1358,31,13,0
02/02/2021,CHAFFEE,1,2,0,0,3,0,1180,181,25,6,1361,31,3,0
02/03/2021,CHAFFEE,5,2,0,0,7,0,1182,186,25,6,1368,31,7,0
02/04/2021,CHAFFEE,1,6,0,0,7,0,1188,187,25,6,1375,31,7,0
02/05/2021,CHAFFEE,0,4,0,0,4,0,1192,187,25,6,1379,31,4,0
02/06/2021,CHAFFEE,0,5,0,0,5,0,1197,187,25,6,1384,31,5,0
02/08/2021,CHAFFEE,3,1,0,0,4,0,1198,190,25,6,1388,31,4,0
02/09/2021,CHAFFEE,5,2,0,0,7,0,1200,195,25,6,1395,31,7,0
02/10/2021,CHAFFEE,1,5,0,0,6,0,1205,196,25,6,1401,31,6,0
02/11/2021,CHAFFEE,1,4,0,0,5,0,1209,197,25,6,1406,31,5,0
02/12/2021,CHAFFEE,1,2,0,0,3,0,1211,198,25,6,1409,31,3,0
02/13/2021,CHAFFEE,0,4,0,0,4,0,1215,198,25,6,1413,31,4,0
02/15/2021,CHAFFEE,7,2,0,0,9,0,1217,205,25,6,1422,31,9,0
02/16/2021,CHAFFEE,7,0,0,0,7,0,1217,212,25,6,1429,31,7,0
02/17/2021,CHAFFEE,3,4,0,1,7,1,1221,215,26,6,1436,32,7,1
02/18/2021,CHAFFEE,0,6,0,0,6,0,1227,215,26,6,1442,32,6,0
02/19/2021,CHAFFEE,2,1,0,0,3,0,1228,217,26,6,1445,32,3,0
02/20/2021,CHAFFEE,0,1,0,0,1,0,1229,217,26,6,1446,32,1,0
02/22/2021,CHAFFEE,7,2,0,0,9,0,1231,224,26,6,1455,32,9,0
02/23/2021,CHAFFEE,2,7,0,0,9,0,1238,226,26,6,1464,32,9,0
02/24/2021,CHAFFEE,3,2,0,0,5,0,1240,229,26,6,1469,32,5,0
02/25/2021,CHAFFEE,1,5,0,0,6,0,1245,230,26,6,1475,32,6,0
02/26/2021,CHAFFEE,1,2,0,0,3,0,1247,231,26,6,1478,32,3,0
03/02/2021,CHAFFEE,1,8,0,0,9,0,1255,232,26,6,1487,32,9,0
03/05/2021,CHAFFEE,0,1,0,0,1,0,1256,232,26,6,1488,32,1,0
03/08/2021,CHAFFEE,1,0,0,0,1,0,1256,233,26,6,1489,32,1,0
03/09/2021,CHAFFEE,1,5,0,0,6,0,1261,234,26,6,1495,32,6,0
03/10/2021,CHAFFEE,0,2,0,0,2,0,1263,234,26,6,1497,32,2,0
03/11/2021,CHAFFEE,1,1,0,0,2,0,1264,235,26,6,1499,32,2,0
03/12/2021,CHAFFEE,1,0,0,0,1,0,1264,236,26,6,1500,32,1,0
03/13/2021,CHAFFEE,0,1,0,0,1,0,1265,236,26,6,1501,32,1,0
03/14/2021,CHAFFEE,1,2,0,0,3,0,1267,237,26,6,1504,32,3,0
03/15/2021,CHAFFEE,0,1,0,0,1,0,1268,237,26,6,1505,32,1,0
03/16/2021,CHAFFEE,0,3,0,0,3,0,1271,237,26,6,1508,32,3,0
03/19/2021,CHAFFEE,0,2,0,0,2,0,1273,237,26,6,1510,32,2,0
03/22/2021,CHAFFEE,2,2,0,0,4,0,1275,239,26,6,1514,32,4,0
03/23/2021,CHAFFEE,0,1,0,0,1,0,1276,239,26,6,1515,32,1,0
03/24/2021,CHAFFEE,1,0,0,0,1,0,1276,240,26,6,1516,32,1,0
03/25/2021,CHAFFEE,2,0,0,0,2,0,1276,242,26,6,1518,32,2,0
03/27/2021,CHAFFEE,1,0,0,0,1,0,1276,243,26,6,1519,32,1,0
03/28/2021,CHAFFEE,1,0,0,0,1,0,1276,244,26,6,1520,32,1,0
03/29/2021,CHAFFEE,0,2,0,0,2,0,1278,244,26,6,1522,32,2,0
03/30/2021,CHAFFEE,1,4,0,0,5,0,1282,245,26,6,1527,32,5,0
03/31/2021,CHAFFEE,1,0,0,0,1,0,1282,246,26,6,1528,32,1,0
04/01/2021,CHAFFEE,0,1,0,0,1,0,1283,246,26,6,1529,32,1,0
04/02/2021,CHAFFEE,0,3,0,0,3,0,1286,246,26,6,1532,32,3,0
04/03/2021,CHAFFEE,0,3,0,0,3,0,1289,246,26,6,1535,32,3,0
04/04/2021,CHAFFEE,0,8,0,1,8,1,1297,246,27,6,1543,33,8,1
04/05/2021,CHAFFEE,4,1,0,0,5,0,1298,250,27,6,1548,33,5,0
04/06/2021,CHAFFEE,1,4,0,0,5,0,1302,251,27,6,1553,33,5,0
04/07/2021,CHAFFEE,0,2,0,0,2,0,1304,251,27,6,1555,33,2,0
04/08/2021,CHAFFEE,1,1,0,0,2,0,1305,252,27,6,1557,33,2,0
04/09/2021,CHAFFEE,1,2,0,0,3,0,1307,253,27,6,1560,33,3,0
04/10/2021,CHAFFEE,0,8,0,0,8,0,1315,253,27,6,1568,33,8,0
04/11/2021,CHAFFEE,0,1,0,0,1,0,1316,253,27,6,1569,33,1,0
04/12/2021,CHAFFEE,2,1,0,0,3,0,1317,255,27,6,1572,33,3,0
04/13/2021,CHAFFEE,1,1,0,0,2,0,1318,256,27,6,1574,33,2,0
04/14/2021,CHAFFEE,0,5,0,0,5,0,1323,256,27,6,1579,33,5,0
04/15/2021,CHAFFEE,0,1,0,0,1,0,1324,256,27,6,1580,33,1,0
04/16/2021,CHAFFEE,1,0,0,0,1,0,1324,257,27,6,1581,33,1,0
04/17/2021,CHAFFEE,0,3,0,0,3,0,1327,257,27,6,1584,33,3,0
04/18/2021,CHAFFEE,0,1,0,0,1,0,1328,257,27,6,1585,33,1,0
04/19/2021,CHAFFEE,1,4,0,0,5,0,1332,258,27,6,1590,33,5,0
04/20/2021,CHAFFEE,1,22,0,0,23,0,1354,259,27,6,1613,33,23,0
04/21/2021,CHAFFEE,0,4,0,0,4,0,1358,259,27,6,1617,33,4,0
04/22/2021,CHAFFEE,1,1,0,0,2,0,1359,260,27,6,1619,33,2,0
04/23/2021,CHAFFEE,1,1,0,0,2,0,1360,261,27,6,1621,33,2,0
04/24/2021,CHAFFEE,0,1,0,0,1,0,1361,261,27,6,1622,33,1,0
04/25/2021,CHAFFEE,0,3,0,0,3,0,1364,261,27,6,1625,33,3,0
04/26/2021,CHAFFEE,0,1,0,0,1,0,1365,261,27,6,1626,33,1,0
04/27/2021,CHAFFEE,2,7,0,0,9,0,1372,263,27,6,1635,33,9,0
04/28/2021,CHAFFEE,5,2,0,0,7,0,1374,268,27,6,1642,33,7,0
04/29/2021,CHAFFEE,3,7,0,0,10,0,1381,271,27,6,1652,33,10,0
04/30/2021,CHAFFEE,3,5,0,0,8,0,1386,274,27,6,1660,33,8,0
05/02/2021,CHAFFEE,0,1,0,0,1,0,1387,274,27,6,1661,33,1,0
05/03/2021,CHAFFEE,4,0,0,0,4,0,1387,278,27,6,1665,33,4,0
05/04/2021,CHAFFEE,4,2,0,0,6,0,1389,282,27,6,1671,33,6,0
05/05/2021,CHAFFEE,0,6,0,0,6,0,1395,282,27,6,1677,33,6,0
05/06/2021,CHAFFEE,0,3,0,0,3,0,1398,282,27,6,1680,33,3,0
05/08/2021,CHAFFEE,0,2,0,0,2,0,1400,282,27,6,1682,33,2,0
05/10/2021,CHAFFEE,2,0,0,0,2,0,1400,284,27,6,1684,33,2,0
05/11/2021,CHAFFEE,1,1,0,0,2,0,1401,285,27,6,1686,33,2,0
05/12/2021,CHAFFEE,0,3,0,0,3,0,1404,285,27,6,1689,33,3,0
05/13/2021,CHAFFEE,0,4,0,0,4,0,1408,285,27,6,1693,33,4,0
05/14/2021,CHAFFEE,1,3,0,0,4,0,1411,286,27,6,1697,33,4,0
05/15/2021,CHAFFEE,1,1,0,0,2,0,1412,287,27,6,1699,33,2,0
05/17/2021,CHAFFEE,4,0,0,0,4,0,1412,291,27,6,1703,33,4,0
05/18/2021,CHAFFEE,3,3,0,0,6,0,1415,294,27,6,1709,33,6,0
05/19/2021,CHAFFEE,1,2,0,0,3,0,1417,295,27,6,1712,33,3,0
05/20/2021,CHAFFEE,2,1,0,0,3,0,1418,297,27,6,1715,33,3,0
05/21/2021,CHAFFEE,1,3,0,0,4,0,1421,298,27,6,1719,33,4,0
05/22/2021,CHAFFEE,1,1,0,0,2,0,1422,299,27,6,1721,33,2,0
05/23/2021,CHAFFEE,0,2,0,0,2,0,1424,299,27,6,1723,33,2,0
05/24/2021,CHAFFEE,2,3,0,0,5,0,1427,301,27,6,1728,33,5,0
05/25/2021,CHAFFEE,5,3,0,0,8,0,1430,306,27,6,1736,33,8,0
05/26/2021,CHAFFEE,2,6,0,0,8,0,1436,308,27,6,1744,33,8,0
05/27/2021,CHAFFEE,2,0,0,0,2,0,1436,310,27,6,1746,33,2,0
05/28/2021,CHAFFEE,1,1,0,0,2,0,1437,311,27,6,1748,33,2,0
05/29/2021,CHAFFEE,0,1,0,0,1,0,1438,311,27,6,1749,33,1,0
05/30/2021,CHAFFEE,0,1,0,0,1,0,1439,311,27,6,1750,33,1,0
06/01/2021,CHAFFEE,2,1,0,0,3,0,1440,313,27,6,1753,33,3,0
06/02/2021,CHAFFEE,1,0,0,0,1,0,1440,314,27,6,1754,33,1,0
06/03/2021,CHAFFEE,0,2,0,0,2,0,1442,314,27,6,1756,33,2,0
06/04/2021,CHAFFEE,0,4,0,0,4,0,1446,314,27,6,1760,33,4,0
06/08/2021,CHAFFEE,1,1,0,0,2,0,1447,315,27,6,1762,33,2,0
06/09/2021,CHAFFEE,0,1,0,0,1,0,1448,315,27,6,1763,33,1,0
06/14/2021,CHAFFEE,0,1,0,0,1,0,1449,315,27,6,1764,33,1,0
06/17/2021,CHAFFEE,1,1,0,0,2,0,1450,316,27,6,1766,33,2,0
06/18/2021,CHAFFEE,0,1,0,0,1,0,1451,316,27,6,1767,33,1,0
06/20/2021,CHAFFEE,1,2,0,0,3,0,1453,317,27,6,1770,33,3,0
06/21/2021,CHAFFEE,1,3,0,0,4,0,1456,318,27,6,1774,33,4,0
06/23/2021,CHAFFEE,2,1,0,0,3,0,1457,320,27,6,1777,33,3,0
06/24/2021,CHAFFEE,0,2,0,0,2,0,1459,320,27,6,1779,33,2,0
06/25/2021,CHAFFEE,0,2,0,0,2,0,1461,320,27,6,1781,33,2,0
06/27/2021,CHAFFEE,0,1,0,0,1,0,1462,320,27,6,1782,33,1,0
06/28/2021,CHAFFEE,2,1,0,0,3,0,1463,322,27,6,1785,33,3,0
06/29/2021,CHAFFEE,0,3,0,0,3,0,1466,322,27,6,1788,33,3,0
07/01/2021,CHAFFEE,0,5,0,0,5,0,1471,322,27,6,1793,33,5,0
07/06/2021,CHAFFEE,0,1,0,0,1,0,1472,322,27,6,1794,33,1,0
07/07/2021,CHAFFEE,0,1,0,0,1,0,1473,322,27,6,1795,33,1,0
07/08/2021,CHAFFEE,0,2,0,0,2,0,1475,322,27,6,1797,33,2,0
07/09/2021,CHAFFEE,0,1,0,0,1,0,1476,322,27,6,1798,33,1,0
07/12/2021,CHAFFEE,0,1,0,0,1,0,1477,322,27,6,1799,33,1,0
07/13/2021,CHAFFEE,1,7,0,0,8,0,1484,323,27,6,1807,33,8,0
07/14/2021,CHAFFEE,1,2,0,0,3,0,1486,324,27,6,1810,33,3,0
07/16/2021,CHAFFEE,0,1,0,0,1,0,1487,324,27,6,1811,33,1,0
07/17/2021,CHAFFEE,5,0,0,0,5,0,1487,329,27,6,1816,33,5,0
07/19/2021,CHAFFEE,0,1,0,0,1,0,1488,329,27,6,1817,33,1,0
07/20/2021,CHAFFEE,2,2,0,0,4,0,1490,331,27,6,1821,33,4,0
07/21/2021,CHAFFEE,1,1,0,0,2,0,1491,332,27,6,1823,33,2,0
07/22/2021,CHAFFEE,0,2,0,0,2,0,1493,332,27,6,1825,33,2,0
07/23/2021,CHAFFEE,1,1,0,0,2,0,1494,333,27,6,1827,33,2,0
07/24/2021,CHAFFEE,0,3,0,0,3,0,1497,333,27,6,1830,33,3,0
07/25/2021,CHAFFEE,0,1,0,0,1,0,1498,333,27,6,1831,33,1,0
07/26/2021,CHAFFEE,0,5,0,0,5,0,1503,333,27,6,1836,33,5,0
07/27/2021,CHAFFEE,1,4,0,0,5,0,1507,334,27,6,1841,33,5,0
07/28/2021,CHAFFEE,1,2,0,0,3,0,1509,335,27,6,1844,33,3,0
07/29/2021,CHAFFEE,0,4,0,0,4,0,1513,335,27,6,1848,33,4,0
07/30/2021,CHAFFEE,2,3,0,0,5,0,1516,337,27,6,1853,33,5,0
07/31/2021,CHAFFEE,0,2,0,0,2,0,1518,337,27,6,1855,33,2,0
08/01/2021,CHAFFEE,0,4,0,0,4,0,1522,337,27,6,1859,33,4,0
08/02/2021,CHAFFEE,0,3,0,0,3,0,1525,337,27,6,1862,33,3,0
08/03/2021,CHAFFEE,0,3,0,0,3,0,1528,337,27,6,1865,33,3,0
08/04/2021,CHAFFEE,0,2,0,0,2,0,1530,337,27,6,1867,33,2,0
08/05/2021,CHAFFEE,0,2,0,0,2,0,1532,337,27,6,1869,33,2,0
08/06/2021,CHAFFEE,0,1,0,0,1,0,1533,337,27,6,1870,33,1,0
08/09/2021,CHAFFEE,0,3,0,0,3,0,1536,337,27,6,1873,33,3,0
08/10/2021,CHAFFEE,1,7,0,1,8,1,1543,338,28,6,1881,34,8,1
08/11/2021,CHAFFEE,1,2,0,0,3,0,1545,339,28,6,1884,34,3,0
08/12/2021,CHAFFEE,1,4,0,0,5,0,1549,340,28,6,1889,34,5,0
08/13/2021,CHAFFEE,1,3,0,0,4,0,1552,341,28,6,1893,34,4,0
08/14/2021,CHAFFEE,0,1,0,0,1,0,1553,341,28,6,1894,34,1,0
08/16/2021,CHAFFEE,0,2,0,0,2,0,1555,341,28,6,1896,34,2,0
08/17/2021,CHAFFEE,0,1,0,0,1,0,1556,341,28,6,1897,34,1,0
08/18/2021,CHAFFEE,1,3,0,0,4,0,1559,342,28,6,1901,34,4,0
08/19/2021,CHAFFEE,0,8,0,0,8,0,1567,342,28,6,1909,34,8,0
08/20/2021,CHAFFEE,1,12,0,0,13,0,1579,343,28,6,1922,34,13,0
08/21/2021,CHAFFEE,1,1,0,0,2,0,1580,344,28,6,1924,34,2,0
08/22/2021,CHAFFEE,0,1,0,0,1,0,1581,344,28,6,1925,34,1,0
08/23/2021,CHAFFEE,3,3,0,0,6,0,1584,347,28,6,1931,34,6,0
08/24/2021,CHAFFEE,1,6,0,0,7,0,1590,348,28,6,1938,34,7,0
08/25/2021,CHAFFEE,1,8,0,0,9,0,1598,349,28,6,1947,34,9,0
08/26/2021,CHAFFEE,0,4,0,0,4,0,1602,349,28,6,1951,34,4,0
08/27/2021,CHAFFEE,2,2,0,0,4,0,1604,351,28,6,1955,34,4,0
08/28/2021,CHAFFEE,1,3,0,0,4,0,1607,352,28,6,1959,34,4,0
08/30/2021,CHAFFEE,2,6,0,0,8,0,1613,354,28,6,1967,34,8,0
08/31/2021,CHAFFEE,2,2,0,0,4,0,1615,356,28,6,1971,34,4,0
09/01/2021,CHAFFEE,0,2,0,0,2,0,1617,356,28,6,1973,34,2,0
09/02/2021,CHAFFEE,3,2,0,0,5,0,1619,359,28,6,1978,34,5,0
09/03/2021,CHAFFEE,1,2,0,0,3,0,1621,360,28,6,1981,34,3,0
09/04/2021,CHAFFEE,1,5,0,0,6,0,1626,361,28,6,1987,34,6,0
09/05/2021,CHAFFEE,0,2,0,0,2,0,1628,361,28,6,1989,34,2,0
09/06/2021,CHAFFEE,0,1,0,0,1,0,1629,361,28,6,1990,34,1,0
09/07/2021,CHAFFEE,1,6,0,0,7,0,1635,362,28,6,1997,34,7,0
09/08/2021,CHAFFEE,5,2,0,0,7,0,1637,367,28,6,2004,34,7,0
09/09/2021,CHAFFEE,2,5,0,0,7,0,1642,369,28,6,2011,34,7,0
09/10/2021,CHAFFEE,1,9,0,0,10,0,1651,370,28,6,2021,34,10,0
09/11/2021,CHAFFEE,1,0,0,0,1,0,1651,371,28,6,2022,34,1,0
09/12/2021,CHAFFEE,0,5,0,0,5,0,1656,371,28,6,2027,34,5,0
09/13/2021,CHAFFEE,2,1,1,0,3,1,1657,373,28,7,2030,35,3,1
09/14/2021,CHAFFEE,2,4,0,1,6,1,1661,375,29,7,2036,36,6,1
09/15/2021,CHAFFEE,1,5,0,0,6,0,1666,376,29,7,2042,36,6,0
09/16/2021,CHAFFEE,2,2,1,0,4,1,1668,378,29,8,2046,37,4,1
09/17/2021,CHAFFEE,0,6,0,0,6,0,1674,378,29,8,2052,37,6,0
09/18/2021,CHAFFEE,0,7,0,0,7,0,1681,378,29,8,2059,37,7,0
09/19/2021,CHAFFEE,0,3,0,0,3,0,1684,378,29,8,2062,37,3,0
09/20/2021,CHAFFEE,3,6,0,0,9,0,1690,381,29,8,2071,37,9,0
09/21/2021,CHAFFEE,4,1,0,0,5,0,1691,385,29,8,2076,37,5,0
09/22/2021,CHAFFEE,3,0,1,0,3,1,1691,388,29,9,2079,38,3,1
09/23/2021,CHAFFEE,2,1,0,0,3,0,1692,390,29,9,2082,38,3,0
09/24/2021,CHAFFEE,1,8,0,0,9,0,1700,391,29,9,2091,38,9,0
09/25/2021,CHAFFEE,0,2,0,0,2,0,1702,391,29,9,2093,38,2,0
09/27/2021,CHAFFEE,9,3,0,0,12,0,1705,400,29,9,2105,38,12,0
09/28/2021,CHAFFEE,3,1,0,0,4,0,1706,403,29,9,2109,38,4,0
09/29/2021,CHAFFEE,1,8,0,0,9,0,1714,404,29,9,2118,38,9,0
09/30/2021,CHAFFEE,6,7,0,0,13,0,1721,410,29,9,2131,38,13,0
10/01/2021,CHAFFEE,0,5,0,0,5,0,1726,410,29,9,2136,38,5,0
10/02/2021,CHAFFEE,0,3,0,0,3,0,1729,410,29,9,2139,38,3,0
10/04/2021,CHAFFEE,1,0,0,0,1,0,1729,411,29,9,2140,38,1,0
10/05/2021,CHAFFEE,4,9,0,0,13,0,1738,415,29,9,2153,38,13,0
10/06/2021,CHAFFEE,1,5,0,0,6,0,1743,416,29,9,2159,38,6,0
10/07/2021,CHAFFEE,0,2,0,0,2,0,1745,416,29,9,2161,38,2,0
10/08/2021,CHAFFEE,1,7,0,0,8,0,1752,417,29,9,2169,38,8,0
10/09/2021,CHAFFEE,1,4,0,0,5,0,1756,418,29,9,2174,38,5,0
10/10/2021,CHAFFEE,0,3,0,0,3,0,1759,418,29,9,2177,38,3,0
10/11/2021,CHAFFEE,2,2,0,0,4,0,1761,420,29,9,2181,38,4,0
10/12/2021,CHAFFEE,1,2,0,0,3,0,1763,421,29,9,2184,38,3,0
10/13/2021,CHAFFEE,0,5,0,0,5,0,1768,421,29,9,2189,38,5,0
10/14/2021,CHAFFEE,0,6,0,0,6,0,1774,421,29,9,2195,38,6,0
10/15/2021,CHAFFEE,2,5,0,0,7,0,1779,423,29,9,2202,38,7,0
10/16/2021,CHAFFEE,0,3,0,0,3,0,1782,423,29,9,2205,38,3,0
10/17/2021,CHAFFEE,0,3,0,0,3,0,1785,423,29,9,2208,38,3,0
10/18/2021,CHAFFEE,6,3,0,0,9,0,1788,429,29,9,2217,38,9,0
10/19/2021,CHAFFEE,10,7,0,1,17,1,1795,439,30,9,2234,39,17,1
10/20/2021,CHAFFEE,5,5,0,0,10,0,1800,444,30,9,2244,39,10,0
10/21/2021,CHAFFEE,9,6,0,0,15,0,1806,453,30,9,2259,39,15,0
10/22/2021,CHAFFEE,2,4,0,0,6,0,1810,455,30,9,2265,39,6,0
10/23/2021,CHAFFEE,0,3,0,0,3,0,1813,455,30,9,2268,39,3,0
10/24/2021,CHAFFEE,0,5,0,0,5,0,1818,455,30,9,2273,39,5,0
10/25/2021,CHAFFEE,11,4,0,0,15,0,1822,466,30,9,2288,39,15,0
10/26/2021,CHAFFEE,10,4,0,1,14,1,1826,476,31,9,2302,40,14,1
10/27/2021,CHAFFEE,8,5,0,0,13,0,1831,484,31,9,2315,40,13,0
10/28/2021,CHAFFEE,1,3,0,0,4,0,1834,485,31,9,2319,40,4,0
10/29/2021,CHAFFEE,4,12,0,0,16,0,1846,489,31,9,2335,40,16,0
10/30/2021,CHAFFEE,1,9,0,0,10,0,1855,490,31,9,2345,40,10,0
10/31/2021,CHAFFEE,0,7,0,0,7,0,1862,490,31,9,2352,40,7,0
11/01/2021,CHAFFEE,3,3,0,0,6,0,1865,493,31,9,2358,40,6,0
11/02/2021,CHAFFEE,5,14,0,1,19,1,1879,498,32,9,2377,41,19,1
11/03/2021,CHAFFEE,8,5,0,0,13,0,1884,506,32,9,2390,41,13,0
11/04/2021,CHAFFEE,2,11,0,1,13,1,1895,508,33,9,2403,42,13,1
11/05/2021,CHAFFEE,4,12,0,0,16,0,1907,512,33,9,2419,42,16,0
11/06/2021,CHAFFEE,2,12,0,1,14,1,1919,514,34,9,2433,43,14,1
11/07/2021,CHAFFEE,0,6,0,0,6,0,1925,514,34,9,2439,43,6,0
11/08/2021,CHAFFEE,19,12,0,0,31,0,1937,533,34,9,2470,43,31,0
11/09/2021,CHAFFEE,13,7,0,0,20,0,1944,546,34,9,2490,43,20,0
11/10/2021,CHAFFEE,8,8,1,0,16,1,1952,554,34,10,2506,44,16,1
11/11/2021,CHAFFEE,3,13,0,0,16,0,1965,557,34,10,2522,44,16,0
11/12/2021,CHAFFEE,9,10,0,0,19,0,1975,566,34,10,2541,44,19,0
11/13/2021,CHAFFEE,2,12,0,0,14,0,1987,568,34,10,2555,44,14,0
11/14/2021,CHAFFEE,2,7,0,0,9,0,1994,570,34,10,2564,44,9,0
11/15/2021,CHAFFEE,10,5,0,0,15,0,1999,580,34,10,2579,44,15,0
11/16/2021,CHAFFEE,7,6,0,0,13,0,2005,587,34,10,2592,44,13,0
11/17/2021,CHAFFEE,4,15,0,0,19,0,2020,591,34,10,2611,44,19,0
11/18/2021,CHAFFEE,5,6,0,0,11,0,2026,596,34,10,2622,44,11,0
11/19/2021,CHAFFEE,1,7,0,0,8,0,2033,597,34,10,2630,44,8,0
11/20/2021,CHAFFEE,0,6,0,0,6,0,2039,597,34,10,2636,44,6,0
11/21/2021,CHAFFEE,5,8,0,0,13,0,2047,602,34,10,2649,44,13,0
11/22/2021,CHAFFEE,3,5,0,0,8,0,2052,605,34,10,2657,44,8,0
11/23/2021,CHAFFEE,4,7,0,0,11,0,2059,609,34,10,2668,44,11,0
11/24/2021,CHAFFEE,5,6,0,0,11,0,2065,614,34,10,2679,44,11,0
11/25/2021,CHAFFEE,1,3,0,0,4,0,2068,615,34,10,2683,44,4,0
11/26/2021,CHAFFEE,0,5,0,1,5,1,2073,615,35,10,2688,45,5,1
11/27/2021,CHAFFEE,0,8,0,0,8,0,2081,615,35,10,2696,45,8,0
11/28/2021,CHAFFEE,0,4,0,0,4,0,2085,615,35,10,2700,45,4,0
11/29/2021,CHAFFEE,8,2,0,0,10,0,2087,623,35,10,2710,45,10,0
11/30/2021,CHAFFEE,2,6,0,0,8,0,2093,625,35,10,2718,45,8,0
12/01/2021,CHAFFEE,7,2,0,0,9,0,2095,632,35,10,2727,45,9,0
12/02/2021,CHAFFEE,3,7,0,0,10,0,2102,635,35,10,2737,45,10,0
12/03/2021,CHAFFEE,2,4,1,0,6,1,2106,637,35,11,2743,46,6,1
12/04/2021,CHAFFEE,2,1,0,0,3,0,2107,639,35,11,2746,46,3,0
12/05/2021,CHAFFEE,0,3,0,0,3,0,2110,639,35,11,2749,46,3,0
12/06/2021,CHAFFEE,1,3,0,0,4,0,2113,640,35,11,2753,46,4,0
12/07/2021,CHAFFEE,2,4,0,0,6,0,2117,642,35,11,2759,46,6,0
12/08/2021,CHAFFEE,0,6,0,0,6,0,2123,642,35,11,2765,46,6,0
12/09/2021,CHAFFEE,0,3,0,0,3,0,2126,642,35,11,2768,46,3,0
12/10/2021,CHAFFEE,0,3,0,0,3,0,2129,642,35,11,2771,46,3,0
12/11/2021,CHAFFEE,0,3,0,0,3,0,2132,642,35,11,2774,46,3,0
12/13/2021,CHAFFEE,1,2,0,0,3,0,2134,643,35,11,2777,46,3,0
12/14/2021,CHAFFEE,3,0,0,0,3,0,2134,646,35,11,2780,46,3,0
12/15/2021,CHAFFEE,1,2,0,0,3,0,2136,647,35,11,2783,46,3,0
12/16/2021,CHAFFEE,2,2,0,0,4,0,2138,649,35,11,2787,46,4,0
12/17/2021,CHAFFEE,2,2,0,0,4,0,2140,651,35,11,2791,46,4,0
12/18/2021,CHAFFEE,0,5,0,0,5,0,2145,651,35,11,2796,46,5,0
12/20/2021,CHAFFEE,3,0,0,0,3,0,2145,654,35,11,2799,46,3,0
12/21/2021,CHAFFEE,3,7,0,0,10,0,2152,657,35,11,2809,46,10,0
12/22/2021,CHAFFEE,2,1,0,0,3,0,2153,659,35,11,2812,46,3,0
12/23/2021,CHAFFEE,1,2,0,0,3,0,2155,660,35,11,2815,46,3,0
12/24/2021,CHAFFEE,0,3,0,0,3,0,2158,660,35,11,2818,46,3,0
12/25/2021,CHAFFEE,3,0,0,0,3,0,2158,663,35,11,2821,46,3,0
12/27/2021,CHAFFEE,5,5,0,0,10,0,2163,668,35,11,2831,46,10,0
12/28/2021,CHAFFEE,5,17,0,0,22,0,2180,673,35,11,2853,46,22,0
12/29/2021,CHAFFEE,4,17,0,0,21,0,2197,677,35,11,2874,46,21,0
12/30/2021,CHAFFEE,15,9,0,0,24,0,2206,692,35,11,2898,46,24,0
12/31/2021,CHAFFEE,5,27,0,0,32,0,2233,697,35,11,2930,46,32,0
01/01/2022,CHAFFEE,2,11,0,0,13,0,2244,699,35,11,2943,46,13,0
01/02/2022,CHAFFEE,1,79,0,0,80,0,2323,700,35,11,3023,46,80,0
01/03/2022,CHAFFEE,14,8,0,0,22,0,2331,714,35,11,3045,46,22,0
01/04/2022,CHAFFEE,18,22,0,0,40,0,2353,732,35,11,3085,46,40,0
01/05/2022,CHAFFEE,17,122,0,0,139,0,2475,749,35,11,3224,46,139,0
01/06/2022,CHAFFEE,14,16,0,0,30,0,2491,763,35,11,3254,46,30,0
01/07/2022,CHAFFEE,27,23,0,0,50,0,2514,790,35,11,3304,46,50,0
01/08/2022,CHAFFEE,0,28,0,0,28,0,2542,790,35,11,3332,46,28,0
01/09/2022,CHAFFEE,2,15,0,0,17,0,2557,792,35,11,3349,46,17,0
01/10/2022,CHAFFEE,31,15,0,1,46,1,2572,823,36,11,3395,47,46,1
01/11/2022,CHAFFEE,36,29,0,0,65,0,2601,859,36,11,3460,47,65,0
01/12/2022,CHAFFEE,9,136,0,0,145,0,2737,868,36,11,3605,47,145,0
01/13/2022,CHAFFEE,18,12,0,0,30,0,2749,886,36,11,3635,47,30,0
01/14/2022,CHAFFEE,8,15,1,0,23,1,2764,894,36,12,3658,48,23,1
01/15/2022,CHAFFEE,4,8,0,0,12,0,2772,898,36,12,3670,48,12,0
01/16/2022,CHAFFEE,2,10,0,0,12,0,2782,900,36,12,3682,48,12,0
01/17/2022,CHAFFEE,9,12,0,0,21,0,2794,909,36,12,3703,48,21,0
01/18/2022,CHAFFEE,9,43,0,0,52,0,2837,918,36,12,3755,48,52,0
01/19/2022,CHAFFEE,17,20,0,0,37,0,2857,935,36,12,3792,48,37,0
01/20/2022,CHAFFEE,12,39,0,1,51,1,2896,947,37,12,3843,49,51,1
01/21/2022,CHAFFEE,9,6,0,0,15,0,2902,956,37,12,3858,49,15,0
01/22/2022,CHAFFEE,4,9,0,0,13,0,2911,960,37,12,3871,49,13,0
01/23/2022,CHAFFEE,0,25,0,0,25,0,2936,960,37,12,3896,49,25,0
01/24/2022,CHAFFEE,11,38,0,0,49,0,2974,971,37,12,3945,49,49,0
01/25/2022,CHAFFEE,16,23,0,0,39,0,2997,987,37,12,3984,49,39,0
01/26/2022,CHAFFEE,6,19,0,0,25,0,3016,993,37,12,4009,49,25,0
01/27/2022,CHAFFEE,9,17,0,0,26,0,3033,1002,37,12,4035,49,26,0
01/28/2022,CHAFFEE,4,10,0,0,14,0,3043,1006,37,12,4049,49,14,0
01/29/2022,CHAFFEE,0,12,0,0,12,0,3055,1006,37,12,4061,49,12,0
01/30/2022,CHAFFEE,2,12,0,0,14,0,3067,1008,37,12,4075,49,14,0
01/31/2022,CHAFFEE,18,11,0,0,29,0,3078,1026,37,12,4104,49,29,0
02/01/2022,CHAFFEE,17,18,0,0,35,0,3096,1043,37,12,4139,49,35,0
02/02/2022,CHAFFEE,7,20,0,1,27,1,3116,1050,38,12,4166,50,27,1
02/03/2022,CHAFFEE,4,1,0,0,5,0,3117,1054,38,12,4171,50,5,0
02/04/2022,CHAFFEE,5,13,0,0,18,0,3130,1059,38,12,4189,50,18,0
02/05/2022,CHAFFEE,3,7,0,0,10,0,3137,1062,38,12,4199,50,10,0
02/06/2022,CHAFFEE,0,6,0,0,6,0,3143,1062,38,12,4205,50,6,0
02/07/2022,CHAFFEE,2,11,0,1,13,1,3154,1064,39,12,4218,51,13,1
02/08/2022,CHAFFEE,6,12,0,0,18,0,3166,1070,39,12,4236,51,18,0
02/09/2022,CHAFFEE,1,8,0,0,9,0,3174,1071,39,12,4245,51,9,0
02/10/2022,CHAFFEE,0,5,0,0,5,0,3179,1071,39,12,4250,51,5,0
02/11/2022,CHAFFEE,3,7,0,0,10,0,3186,1074,39,12,4260,51,10,0
02/12/2022,CHAFFEE,1,0,0,0,1,0,3186,1075,39,12,4261,51,1,0
02/13/2022,CHAFFEE,3,0,0,0,3,0,3186,1078,39,12,4264,51,3,0
02/14/2022,CHAFFEE,8,5,0,0,13,0,3191,1086,39,12,4277,51,13,0
02/15/2022,CHAFFEE,5,11,0,0,16,0,3202,1091,39,12,4293,51,16,0
02/16/2022,CHAFFEE,4,1,0,0,5,0,3203,1095,39,12,4298,51,5,0
02/17/2022,CHAFFEE,1,7,0,0,8,0,3210,1096,39,12,4306,51,8,0
02/18/2022,CHAFFEE,4,5,0,0,9,0,3215,1100,39,12,4315,51,9,0
02/19/2022,CHAFFEE,0,1,0,0,1,0,3216,1100,39,12,4316,51,1,0
02/20/2022,CHAFFEE,1,0,0,0,1,0,3216,1101,39,12,4317,51,1,0
02/21/2022,CHAFFEE,3,0,0,0,3,0,3216,1104,39,12,4320,51,3,0
02/22/2022,CHAFFEE,1,4,0,0,5,0,3220,1105,39,12,4325,51,5,0
02/23/2022,CHAFFEE,1,0,0,0,1,0,3220,1106,39,12,4326,51,1,0
02/24/2022,CHAFFEE,1,0,0,0,1,0,3220,1107,39,12,4327,51,1,0
02/25/2022,CHAFFEE,0,8,0,0,8,0,3228,1107,39,12,4335,51,8,0
02/26/2022,CHAFFEE,0,1,0,0,1,0,3229,1107,39,12,4336,51,1,0
02/27/2022,CHAFFEE,0,1,0,0,1,0,3230,1107,39,12,4337,51,1,0
02/28/2022,CHAFFEE,5,2,0,0,7,0,3232,1112,39,12,4344,51,7,0
03/01/2022,CHAFFEE,1,5,0,0,6,0,3237,1113,39,12,4350,51,6,0
03/02/2022,CHAFFEE,0,1,0,0,1,0,3238,1113,39,12,4351,51,1,0
03/03/2022,CHAFFEE,0,4,0,0,4,0,3242,1113,39,12,4355,51,4,0
03/04/2022,CHAFFEE,1,5,0,0,6,0,3247,1114,39,12,4361,51,6,0
03/07/2022,CHAFFEE,0,1,0,0,1,0,3248,1114,39,12,4362,51,1,0
03/08/2022,CHAFFEE,1,0,0,0,1,0,3248,1115,39,12,4363,51,1,0
03/10/2022,CHAFFEE,2,0,0,0,2,0,3248,1117,39,12,4365,51,2,0
03/15/2022,CHAFFEE,0,1,0,0,1,0,3249,1117,39,12,4366,51,1,0
03/16/2022,CHAFFEE,1,2,0,0,3,0,3251,1118,39,12,4369,51,3,0
03/17/2022,CHAFFEE,1,2,0,0,3,0,3253,1119,39,12,4372,51,3,0
03/18/2022,CHAFFEE,1,2,0,0,3,0,3255,1120,39,12,4375,51,3,0
05/06/2020,CHEYENNE,0,2,0,0,2,0,2,0,0,0,2,0,-4373,-51
05/08/2020,CHEYENNE,0,2,0,0,2,0,4,0,0,0,4,0,2,0
05/13/2020,CHEYENNE,0,1,0,0,1,0,5,0,0,0,5,0,1,0
07/13/2020,CHEYENNE,0,1,0,0,1,0,6,0,0,0,6,0,1,0
07/19/2020,CHEYENNE,0,1,0,0,1,0,7,0,0,0,7,0,1,0
07/25/2020,CHEYENNE,0,1,0,0,1,0,8,0,0,0,8,0,1,0
08/08/2020,CHEYENNE,0,1,0,0,1,0,9,0,0,0,9,0,1,0
09/12/2020,CHEYENNE,0,1,0,0,1,0,10,0,0,0,10,0,1,0
09/14/2020,CHEYENNE,0,1,0,0,1,0,11,0,0,0,11,0,1,0
09/16/2020,CHEYENNE,1,1,0,0,2,0,12,1,0,0,13,0,2,0
09/23/2020,CHEYENNE,0,1,0,0,1,0,13,1,0,0,14,0,1,0
10/21/2020,CHEYENNE,0,1,0,0,1,0,14,1,0,0,15,0,1,0
10/28/2020,CHEYENNE,1,0,0,0,1,0,14,2,0,0,16,0,1,0
11/09/2020,CHEYENNE,0,1,0,1,1,1,15,2,1,0,17,1,1,1
11/10/2020,CHEYENNE,0,1,0,0,1,0,16,2,1,0,18,1,1,0
11/11/2020,CHEYENNE,4,0,1,0,4,1,16,6,1,1,22,2,4,1
11/12/2020,CHEYENNE,4,2,0,0,6,0,18,10,1,1,28,2,6,0
11/13/2020,CHEYENNE,1,0,0,0,1,0,18,11,1,1,29,2,1,0
11/14/2020,CHEYENNE,0,1,0,0,1,0,19,11,1,1,30,2,1,0
11/16/2020,CHEYENNE,2,0,0,0,2,0,19,13,1,1,32,2,2,0
11/17/2020,CHEYENNE,2,1,0,0,3,0,20,15,1,1,35,2,3,0
11/18/2020,CHEYENNE,8,0,0,0,8,0,20,23,1,1,43,2,8,0
11/19/2020,CHEYENNE,2,2,0,0,4,0,22,25,1,1,47,2,4,0
11/20/2020,CHEYENNE,2,0,0,0,2,0,22,27,1,1,49,2,2,0
11/23/2020,CHEYENNE,0,2,0,0,2,0,24,27,1,1,51,2,2,0
11/24/2020,CHEYENNE,3,1,0,0,4,0,25,30,1,1,55,2,4,0
11/25/2020,CHEYENNE,0,1,0,0,1,0,26,30,1,1,56,2,1,0
11/26/2020,CHEYENNE,1,1,0,0,2,0,27,31,1,1,58,2,2,0
11/27/2020,CHEYENNE,0,1,0,0,1,0,28,31,1,1,59,2,1,0
11/28/2020,CHEYENNE,0,2,0,0,2,0,30,31,1,1,61,2,2,0
11/29/2020,CHEYENNE,0,2,0,1,2,1,32,31,2,1,63,3,2,1
11/30/2020,CHEYENNE,0,1,0,0,1,0,33,31,2,1,64,3,1,0
12/01/2020,CHEYENNE,5,1,0,0,6,0,34,36,2,1,70,3,6,0
12/02/2020,CHEYENNE,0,1,0,0,1,0,35,36,2,1,71,3,1,0
12/03/2020,CHEYENNE,1,1,0,0,2,0,36,37,2,1,73,3,2,0
12/04/2020,CHEYENNE,3,1,1,1,4,2,37,40,3,2,77,5,4,2
12/06/2020,CHEYENNE,0,1,0,0,1,0,38,40,3,2,78,5,1,0
12/07/2020,CHEYENNE,2,1,0,0,3,0,39,42,3,2,81,5,3,0
12/08/2020,CHEYENNE,1,0,0,0,1,0,39,43,3,2,82,5,1,0
12/09/2020,CHEYENNE,0,2,0,0,2,0,41,43,3,2,84,5,2,0
12/10/2020,CHEYENNE,2,0,0,0,2,0,41,45,3,2,86,5,2,0
12/11/2020,CHEYENNE,0,1,0,0,1,0,42,45,3,2,87,5,1,0
12/17/2020,CHEYENNE,0,1,0,0,1,0,43,45,3,2,88,5,1,0
12/24/2020,CHEYENNE,0,1,0,0,1,0,44,45,3,2,89,5,1,0
12/28/2020,CHEYENNE,1,0,0,0,1,0,44,46,3,2,90,5,1,0
12/30/2020,CHEYENNE,1,0,0,0,1,0,44,47,3,2,91,5,1,0
01/04/2021,CHEYENNE,5,1,0,0,6,0,45,52,3,2,97,5,6,0
01/06/2021,CHEYENNE,1,2,0,0,3,0,47,53,3,2,100,5,3,0
01/07/2021,CHEYENNE,2,3,0,0,5,0,50,55,3,2,105,5,5,0
01/08/2021,CHEYENNE,0,2,0,0,2,0,52,55,3,2,107,5,2,0
01/12/2021,CHEYENNE,1,0,0,0,1,0,52,56,3,2,108,5,1,0
01/17/2021,CHEYENNE,0,5,0,0,5,0,57,56,3,2,113,5,5,0
01/19/2021,CHEYENNE,1,0,0,0,1,0,57,57,3,2,114,5,1,0
01/21/2021,CHEYENNE,1,0,0,0,1,0,57,58,3,2,115,5,1,0
01/22/2021,CHEYENNE,1,0,0,0,1,0,57,59,3,2,116,5,1,0
01/25/2021,CHEYENNE,1,0,0,0,1,0,57,60,3,2,117,5,1,0
01/26/2021,CHEYENNE,2,0,0,0,2,0,57,62,3,2,119,5,2,0
01/29/2021,CHEYENNE,1,2,0,0,3,0,59,63,3,2,122,5,3,0
01/31/2021,CHEYENNE,0,1,0,0,1,0,60,63,3,2,123,5,1,0
02/02/2021,CHEYENNE,2,0,0,0,2,0,60,65,3,2,125,5,2,0
02/04/2021,CHEYENNE,1,0,0,0,1,0,60,66,3,2,126,5,1,0
02/05/2021,CHEYENNE,0,1,0,0,1,0,61,66,3,2,127,5,1,0
02/08/2021,CHEYENNE,1,0,0,0,1,0,61,67,3,2,128,5,1,0
03/18/2021,CHEYENNE,0,1,0,1,1,1,62,67,4,2,129,6,1,1
05/06/2021,CHEYENNE,1,0,0,0,1,0,62,68,4,2,130,6,1,0
07/21/2021,CHEYENNE,1,0,0,0,1,0,62,69,4,2,131,6,1,0
07/22/2021,CHEYENNE,0,1,0,0,1,0,63,69,4,2,132,6,1,0
08/01/2021,CHEYENNE,0,1,0,0,1,0,64,69,4,2,133,6,1,0
08/03/2021,CHEYENNE,1,0,0,0,1,0,64,70,4,2,134,6,1,0
08/10/2021,CHEYENNE,1,5,0,1,6,1,69,71,5,2,140,7,6,1
08/11/2021,CHEYENNE,0,1,0,0,1,0,70,71,5,2,141,7,1,0
08/13/2021,CHEYENNE,1,0,0,0,1,0,70,72,5,2,142,7,1,0
08/16/2021,CHEYENNE,0,1,0,0,1,0,71,72,5,2,143,7,1,0
08/18/2021,CHEYENNE,0,1,0,0,1,0,72,72,5,2,144,7,1,0
08/20/2021,CHEYENNE,1,0,0,0,1,0,72,73,5,2,145,7,1,0
08/24/2021,CHEYENNE,1,0,0,0,1,0,72,74,5,2,146,7,1,0
09/04/2021,CHEYENNE,0,1,0,0,1,0,73,74,5,2,147,7,1,0
09/10/2021,CHEYENNE,0,1,0,0,1,0,74,74,5,2,148,7,1,0
09/15/2021,CHEYENNE,0,2,0,0,2,0,76,74,5,2,150,7,2,0
09/17/2021,CHEYENNE,0,1,0,0,1,0,77,74,5,2,151,7,1,0
09/20/2021,CHEYENNE,2,2,0,0,4,0,79,76,5,2,155,7,4,0
09/24/2021,CHEYENNE,0,1,0,0,1,0,80,76,5,2,156,7,1,0
09/26/2021,CHEYENNE,0,1,0,0,1,0,81,76,5,2,157,7,1,0
09/27/2021,CHEYENNE,0,1,0,0,1,0,82,76,5,2,158,7,1,0
09/28/2021,CHEYENNE,1,0,0,0,1,0,82,77,5,2,159,7,1,0
09/29/2021,CHEYENNE,0,1,0,0,1,0,83,77,5,2,160,7,1,0
10/03/2021,CHEYENNE,0,1,0,0,1,0,84,77,5,2,161,7,1,0
10/04/2021,CHEYENNE,0,1,0,0,1,0,85,77,5,2,162,7,1,0
10/08/2021,CHEYENNE,0,1,0,0,1,0,86,77,5,2,163,7,1,0
10/12/2021,CHEYENNE,2,1,0,0,3,0,87,79,5,2,166,7,3,0
10/13/2021,CHEYENNE,0,1,0,0,1,0,88,79,5,2,167,7,1,0
10/14/2021,CHEYENNE,0,2,0,0,2,0,90,79,5,2,169,7,2,0
10/15/2021,CHEYENNE,0,1,0,0,1,0,91,79,5,2,170,7,1,0
10/18/2021,CHEYENNE,0,2,0,0,2,0,93,79,5,2,172,7,2,0
10/19/2021,CHEYENNE,2,2,0,0,4,0,95,81,5,2,176,7,4,0
10/20/2021,CHEYENNE,1,0,0,0,1,0,95,82,5,2,177,7,1,0
10/21/2021,CHEYENNE,0,1,0,0,1,0,96,82,5,2,178,7,1,0
10/22/2021,CHEYENNE,0,1,0,0,1,0,97,82,5,2,179,7,1,0
10/23/2021,CHEYENNE,0,2,0,0,2,0,99,82,5,2,181,7,2,0
10/25/2021,CHEYENNE,2,0,0,0,2,0,99,84,5,2,183,7,2,0
10/27/2021,CHEYENNE,1,0,0,0,1,0,99,85,5,2,184,7,1,0
10/29/2021,CHEYENNE,0,2,0,0,2,0,101,85,5,2,186,7,2,0
11/02/2021,CHEYENNE,2,0,0,0,2,0,101,87,5,2,188,7,2,0
11/03/2021,CHEYENNE,2,0,0,0,2,0,101,89,5,2,190,7,2,0
11/05/2021,CHEYENNE,1,0,0,0,1,0,101,90,5,2,191,7,1,0
11/08/2021,CHEYENNE,2,3,0,0,5,0,104,92,5,2,196,7,5,0
11/09/2021,CHEYENNE,5,3,0,0,8,0,107,97,5,2,204,7,8,0
11/10/2021,CHEYENNE,1,1,0,0,2,0,108,98,5,2,206,7,2,0
11/11/2021,CHEYENNE,0,1,0,0,1,0,109,98,5,2,207,7,1,0
11/13/2021,CHEYENNE,2,0,0,0,2,0,109,100,5,2,209,7,2,0
11/14/2021,CHEYENNE,1,0,0,0,1,0,109,101,5,2,210,7,1,0
11/15/2021,CHEYENNE,2,0,0,0,2,0,109,103,5,2,212,7,2,0
11/16/2021,CHEYENNE,2,1,0,0,3,0,110,105,5,2,215,7,3,0
11/17/2021,CHEYENNE,2,3,0,0,5,0,113,107,5,2,220,7,5,0
11/18/2021,CHEYENNE,2,4,0,0,6,0,117,109,5,2,226,7,6,0
11/19/2021,CHEYENNE,0,1,0,0,1,0,118,109,5,2,227,7,1,0
11/20/2021,CHEYENNE,0,1,0,0,1,0,119,109,5,2,228,7,1,0
11/22/2021,CHEYENNE,0,3,0,1,3,1,122,109,6,2,231,8,3,1
11/23/2021,CHEYENNE,1,0,0,0,1,0,122,110,6,2,232,8,1,0
11/24/2021,CHEYENNE,3,0,0,0,3,0,122,113,6,2,235,8,3,0
11/25/2021,CHEYENNE,0,1,0,0,1,0,123,113,6,2,236,8,1,0
12/02/2021,CHEYENNE,1,0,0,0,1,0,123,114,6,2,237,8,1,0
12/03/2021,CHEYENNE,0,1,0,0,1,0,124,114,6,2,238,8,1,0
12/05/2021,CHEYENNE,2,0,0,0,2,0,124,116,6,2,240,8,2,0
12/06/2021,CHEYENNE,0,1,0,0,1,0,125,116,6,2,241,8,1,0
12/13/2021,CHEYENNE,0,1,0,0,1,0,126,116,6,2,242,8,1,0
12/14/2021,CHEYENNE,1,1,1,0,2,1,127,117,6,3,244,9,2,1
12/16/2021,CHEYENNE,0,1,0,0,1,0,128,117,6,3,245,9,1,0
12/22/2021,CHEYENNE,0,1,0,0,1,0,129,117,6,3,246,9,1,0
12/27/2021,CHEYENNE,3,0,0,0,3,0,129,120,6,3,249,9,3,0
12/30/2021,CHEYENNE,2,0,0,0,2,0,129,122,6,3,251,9,2,0
01/03/2022,CHEYENNE,3,0,0,0,3,0,129,125,6,3,254,9,3,0
01/05/2022,CHEYENNE,2,2,0,0,4,0,131,127,6,3,258,9,4,0
01/06/2022,CHEYENNE,2,0,0,0,2,0,131,129,6,3,260,9,2,0
01/07/2022,CHEYENNE,1,2,0,0,3,0,133,130,6,3,263,9,3,0
01/10/2022,CHEYENNE,2,3,0,0,5,0,136,132,6,3,268,9,5,0
01/12/2022,CHEYENNE,1,1,0,0,2,0,137,133,6,3,270,9,2,0
01/13/2022,CHEYENNE,1,3,0,0,4,0,140,134,6,3,274,9,4,0
01/14/2022,CHEYENNE,1,1,0,0,2,0,141,135,6,3,276,9,2,0
01/17/2022,CHEYENNE,0,1,0,0,1,0,142,135,6,3,277,9,1,0
01/18/2022,CHEYENNE,3,2,0,0,5,0,144,138,6,3,282,9,5,0
01/20/2022,CHEYENNE,3,1,0,0,4,0,145,141,6,3,286,9,4,0
01/22/2022,CHEYENNE,1,0,0,0,1,0,145,142,6,3,287,9,1,0
01/24/2022,CHEYENNE,3,2,0,0,5,0,147,145,6,3,292,9,5,0
01/25/2022,CHEYENNE,1,0,0,0,1,0,147,146,6,3,293,9,1,0
01/26/2022,CHEYENNE,0,3,0,0,3,0,150,146,6,3,296,9,3,0
01/27/2022,CHEYENNE,0,1,0,0,1,0,151,146,6,3,297,9,1,0
01/29/2022,CHEYENNE,0,1,0,0,1,0,152,146,6,3,298,9,1,0
01/30/2022,CHEYENNE,0,2,0,0,2,0,154,146,6,3,300,9,2,0
01/31/2022,CHEYENNE,0,1,0,0,1,0,155,146,6,3,301,9,1,0
02/01/2022,CHEYENNE,1,1,0,0,2,0,156,147,6,3,303,9,2,0
02/02/2022,CHEYENNE,0,2,0,0,2,0,158,147,6,3,305,9,2,0
02/03/2022,CHEYENNE,0,2,0,0,2,0,160,147,6,3,307,9,2,0
02/07/2022,CHEYENNE,4,0,0,0,4,0,160,151,6,3,311,9,4,0
02/08/2022,CHEYENNE,1,1,0,0,2,0,161,152,6,3,313,9,2,0
02/09/2022,CHEYENNE,1,1,0,0,2,0,162,153,6,3,315,9,2,0
02/10/2022,CHEYENNE,1,0,0,0,1,0,162,154,6,3,316,9,1,0
02/14/2022,CHEYENNE,1,0,0,0,1,0,162,155,6,3,317,9,1,0
02/20/2022,CHEYENNE,0,1,0,0,1,0,163,155,6,3,318,9,1,0
02/21/2022,CHEYENNE,0,1,0,0,1,0,164,155,6,3,319,9,1,0
03/02/2022,CHEYENNE,2,0,0,0,2,0,164,157,6,3,321,9,2,0
03/13/2020,CLEAR CREEK,0,1,0,0,1,0,1,0,0,0,1,0,-320,-9
03/15/2020,CLEAR CREEK,0,1,0,0,1,0,2,0,0,0,2,0,1,0
03/16/2020,CLEAR CREEK,1,0,0,0,1,0,2,1,0,0,3,0,1,0
03/20/2020,CLEAR CREEK,0,1,0,0,1,0,3,1,0,0,4,0,1,0
03/31/2020,CLEAR CREEK,2,0,0,0,2,0,3,3,0,0,6,0,2,0
04/01/2020,CLEAR CREEK,0,1,0,0,1,0,4,3,0,0,7,0,1,0
04/06/2020,CLEAR CREEK,0,1,0,0,1,0,5,3,0,0,8,0,1,0
04/08/2020,CLEAR CREEK,0,3,0,1,3,1,8,3,1,0,11,1,3,1
04/09/2020,CLEAR CREEK,0,1,0,0,1,0,9,3,1,0,12,1,1,0
04/22/2020,CLEAR CREEK,0,1,0,0,1,0,10,3,1,0,13,1,1,0
04/23/2020,CLEAR CREEK,0,1,0,0,1,0,11,3,1,0,14,1,1,0
05/07/2020,CLEAR CREEK,0,1,0,0,1,0,12,3,1,0,15,1,1,0
05/10/2020,CLEAR CREEK,0,1,0,0,1,0,13,3,1,0,16,1,1,0
05/15/2020,CLEAR CREEK,0,1,0,0,1,0,14,3,1,0,17,1,1,0
05/19/2020,CLEAR CREEK,0,1,0,0,1,0,15,3,1,0,18,1,1,0
05/30/2020,CLEAR CREEK,0,1,0,0,1,0,16,3,1,0,19,1,1,0
06/16/2020,CLEAR CREEK,0,1,0,0,1,0,17,3,1,0,20,1,1,0
06/29/2020,CLEAR CREEK,0,1,0,0,1,0,18,3,1,0,21,1,1,0
07/03/2020,CLEAR CREEK,0,2,0,0,2,0,20,3,1,0,23,1,2,0
07/15/2020,CLEAR CREEK,0,2,0,0,2,0,22,3,1,0,25,1,2,0
07/19/2020,CLEAR CREEK,0,1,0,0,1,0,23,3,1,0,26,1,1,0
07/24/2020,CLEAR CREEK,0,1,0,0,1,0,24,3,1,0,27,1,1,0
07/25/2020,CLEAR CREEK,0,1,0,0,1,0,25,3,1,0,28,1,1,0
07/31/2020,CLEAR CREEK,0,1,0,0,1,0,26,3,1,0,29,1,1,0
08/03/2020,CLEAR CREEK,0,2,0,0,2,0,28,3,1,0,31,1,2,0
08/05/2020,CLEAR CREEK,0,1,0,0,1,0,29,3,1,0,32,1,1,0
08/21/2020,CLEAR CREEK,0,3,0,0,3,0,32,3,1,0,35,1,3,0
08/28/2020,CLEAR CREEK,0,1,0,0,1,0,33,3,1,0,36,1,1,0
09/01/2020,CLEAR CREEK,0,1,0,0,1,0,34,3,1,0,37,1,1,0
09/18/2020,CLEAR CREEK,0,1,0,0,1,0,35,3,1,0,38,1,1,0
09/26/2020,CLEAR CREEK,0,2,0,0,2,0,37,3,1,0,40,1,2,0
09/28/2020,CLEAR CREEK,0,1,0,0,1,0,38,3,1,0,41,1,1,0
10/01/2020,CLEAR CREEK,0,4,0,0,4,0,42,3,1,0,45,1,4,0
10/02/2020,CLEAR CREEK,0,4,0,0,4,0,46,3,1,0,49,1,4,0
10/06/2020,CLEAR CREEK,0,3,0,0,3,0,49,3,1,0,52,1,3,0
10/08/2020,CLEAR CREEK,0,3,0,0,3,0,52,3,1,0,55,1,3,0
10/09/2020,CLEAR CREEK,0,3,0,0,3,0,55,3,1,0,58,1,3,0
10/11/2020,CLEAR CREEK,0,1,0,0,1,0,56,3,1,0,59,1,1,0
10/13/2020,CLEAR CREEK,0,2,0,0,2,0,58,3,1,0,61,1,2,0
10/17/2020,CLEAR CREEK,0,2,0,0,2,0,60,3,1,0,63,1,2,0
10/19/2020,CLEAR CREEK,1,0,0,0,1,0,60,4,1,0,64,1,1,0
10/21/2020,CLEAR CREEK,1,1,0,0,2,0,61,5,1,0,66,1,2,0
10/22/2020,CLEAR CREEK,0,2,0,0,2,0,63,5,1,0,68,1,2,0
10/23/2020,CLEAR CREEK,0,3,0,0,3,0,66,5,1,0,71,1,3,0
10/24/2020,CLEAR CREEK,0,1,0,0,1,0,67,5,1,0,72,1,1,0
10/25/2020,CLEAR CREEK,0,1,0,0,1,0,68,5,1,0,73,1,1,0
10/27/2020,CLEAR CREEK,1,1,0,0,2,0,69,6,1,0,75,1,2,0
10/28/2020,CLEAR CREEK,0,1,0,0,1,0,70,6,1,0,76,1,1,0
10/29/2020,CLEAR CREEK,0,12,0,0,12,0,82,6,1,0,88,1,12,0
10/30/2020,CLEAR CREEK,0,3,0,0,3,0,85,6,1,0,91,1,3,0
10/31/2020,CLEAR CREEK,0,3,0,0,3,0,88,6,1,0,94,1,3,0
11/02/2020,CLEAR CREEK,0,1,0,0,1,0,89,6,1,0,95,1,1,0
11/03/2020,CLEAR CREEK,1,1,0,0,2,0,90,7,1,0,97,1,2,0
11/04/2020,CLEAR CREEK,0,2,0,0,2,0,92,7,1,0,99,1,2,0
11/05/2020,CLEAR CREEK,0,3,0,0,3,0,95,7,1,0,102,1,3,0
11/06/2020,CLEAR CREEK,0,2,0,0,2,0,97,7,1,0,104,1,2,0
11/07/2020,CLEAR CREEK,0,10,0,0,10,0,107,7,1,0,114,1,10,0
11/08/2020,CLEAR CREEK,0,3,0,0,3,0,110,7,1,0,117,1,3,0
11/10/2020,CLEAR CREEK,0,2,0,0,2,0,112,7,1,0,119,1,2,0
11/11/2020,CLEAR CREEK,0,6,0,0,6,0,118,7,1,0,125,1,6,0
11/12/2020,CLEAR CREEK,0,15,0,0,15,0,133,7,1,0,140,1,15,0
11/13/2020,CLEAR CREEK,0,5,0,0,5,0,138,7,1,0,145,1,5,0
11/14/2020,CLEAR CREEK,0,1,0,0,1,0,139,7,1,0,146,1,1,0
11/15/2020,CLEAR CREEK,0,3,0,0,3,0,142,7,1,0,149,1,3,0
11/16/2020,CLEAR CREEK,0,1,0,0,1,0,143,7,1,0,150,1,1,0
11/17/2020,CLEAR CREEK,0,2,0,0,2,0,145,7,1,0,152,1,2,0
11/18/2020,CLEAR CREEK,0,11,0,1,11,1,156,7,2,0,163,2,11,1
11/19/2020,CLEAR CREEK,0,3,0,0,3,0,159,7,2,0,166,2,3,0
11/20/2020,CLEAR CREEK,0,6,0,0,6,0,165,7,2,0,172,2,6,0
11/21/2020,CLEAR CREEK,0,2,0,0,2,0,167,7,2,0,174,2,2,0
11/22/2020,CLEAR CREEK,0,3,0,0,3,0,170,7,2,0,177,2,3,0
11/23/2020,CLEAR CREEK,1,3,0,0,4,0,173,8,2,0,181,2,4,0
11/24/2020,CLEAR CREEK,0,7,0,0,7,0,180,8,2,0,188,2,7,0
11/25/2020,CLEAR CREEK,1,2,0,0,3,0,182,9,2,0,191,2,3,0
11/26/2020,CLEAR CREEK,0,2,0,0,2,0,184,9,2,0,193,2,2,0
11/27/2020,CLEAR CREEK,0,2,0,0,2,0,186,9,2,0,195,2,2,0
11/28/2020,CLEAR CREEK,0,4,0,0,4,0,190,9,2,0,199,2,4,0
11/29/2020,CLEAR CREEK,0,2,0,0,2,0,192,9,2,0,201,2,2,0
11/30/2020,CLEAR CREEK,0,1,0,0,1,0,193,9,2,0,202,2,1,0
12/01/2020,CLEAR CREEK,0,5,0,0,5,0,198,9,2,0,207,2,5,0
12/02/2020,CLEAR CREEK,0,1,0,0,1,0,199,9,2,0,208,2,1,0
12/03/2020,CLEAR CREEK,1,2,0,0,3,0,201,10,2,0,211,2,3,0
12/04/2020,CLEAR CREEK,0,9,0,0,9,0,210,10,2,0,220,2,9,0
12/05/2020,CLEAR CREEK,0,6,0,0,6,0,216,10,2,0,226,2,6,0
12/06/2020,CLEAR CREEK,0,1,0,0,1,0,217,10,2,0,227,2,1,0
12/07/2020,CLEAR CREEK,0,1,0,0,1,0,218,10,2,0,228,2,1,0
12/08/2020,CLEAR CREEK,0,2,0,0,2,0,220,10,2,0,230,2,2,0
12/09/2020,CLEAR CREEK,0,4,0,0,4,0,224,10,2,0,234,2,4,0
12/10/2020,CLEAR CREEK,0,5,0,0,5,0,229,10,2,0,239,2,5,0
12/11/2020,CLEAR CREEK,0,1,0,0,1,0,230,10,2,0,240,2,1,0
12/12/2020,CLEAR CREEK,0,3,0,0,3,0,233,10,2,0,243,2,3,0
12/13/2020,CLEAR CREEK,0,3,0,0,3,0,236,10,2,0,246,2,3,0
12/15/2020,CLEAR CREEK,0,1,0,0,1,0,237,10,2,0,247,2,1,0
12/16/2020,CLEAR CREEK,0,1,0,0,1,0,238,10,2,0,248,2,1,0
12/17/2020,CLEAR CREEK,0,7,0,0,7,0,245,10,2,0,255,2,7,0
12/18/2020,CLEAR CREEK,0,2,0,0,2,0,247,10,2,0,257,2,2,0
12/19/2020,CLEAR CREEK,0,8,0,0,8,0,255,10,2,0,265,2,8,0
12/20/2020,CLEAR CREEK,0,3,0,0,3,0,258,10,2,0,268,2,3,0
12/21/2020,CLEAR CREEK,0,1,0,0,1,0,259,10,2,0,269,2,1,0
12/22/2020,CLEAR CREEK,0,1,0,0,1,0,260,10,2,0,270,2,1,0
12/23/2020,CLEAR CREEK,1,2,0,0,3,0,262,11,2,0,273,2,3,0
12/24/2020,CLEAR CREEK,1,2,0,0,3,0,264,12,2,0,276,2,3,0
12/25/2020,CLEAR CREEK,0,1,0,0,1,0,265,12,2,0,277,2,1,0
12/26/2020,CLEAR CREEK,0,4,0,0,4,0,269,12,2,0,281,2,4,0
12/28/2020,CLEAR CREEK,0,5,0,0,5,0,274,12,2,0,286,2,5,0
12/29/2020,CLEAR CREEK,0,1,0,0,1,0,275,12,2,0,287,2,1,0
12/30/2020,CLEAR CREEK,0,5,0,0,5,0,280,12,2,0,292,2,5,0
12/31/2020,CLEAR CREEK,1,3,0,0,4,0,283,13,2,0,296,2,4,0
01/01/2021,CLEAR CREEK,0,2,0,0,2,0,285,13,2,0,298,2,2,0
01/02/2021,CLEAR CREEK,0,7,0,0,7,0,292,13,2,0,305,2,7,0
01/03/2021,CLEAR CREEK,0,2,0,0,2,0,294,13,2,0,307,2,2,0
01/04/2021,CLEAR CREEK,0,6,0,0,6,0,300,13,2,0,313,2,6,0
01/05/2021,CLEAR CREEK,0,2,0,0,2,0,302,13,2,0,315,2,2,0
01/06/2021,CLEAR CREEK,0,1,0,0,1,0,303,13,2,0,316,2,1,0
01/07/2021,CLEAR CREEK,0,2,0,0,2,0,305,13,2,0,318,2,2,0
01/08/2021,CLEAR CREEK,0,2,0,0,2,0,307,13,2,0,320,2,2,0
01/09/2021,CLEAR CREEK,0,5,0,0,5,0,312,13,2,0,325,2,5,0
01/10/2021,CLEAR CREEK,0,1,0,0,1,0,313,13,2,0,326,2,1,0
01/11/2021,CLEAR CREEK,0,2,0,0,2,0,315,13,2,0,328,2,2,0
01/12/2021,CLEAR CREEK,0,6,0,0,6,0,321,13,2,0,334,2,6,0
01/13/2021,CLEAR CREEK,0,3,0,0,3,0,324,13,2,0,337,2,3,0
01/14/2021,CLEAR CREEK,0,1,0,0,1,0,325,13,2,0,338,2,1,0
01/15/2021,CLEAR CREEK,0,2,0,0,2,0,327,13,2,0,340,2,2,0
01/16/2021,CLEAR CREEK,0,3,0,0,3,0,330,13,2,0,343,2,3,0
01/18/2021,CLEAR CREEK,0,1,0,0,1,0,331,13,2,0,344,2,1,0
01/19/2021,CLEAR CREEK,0,2,0,0,2,0,333,13,2,0,346,2,2,0
01/20/2021,CLEAR CREEK,0,1,0,0,1,0,334,13,2,0,347,2,1,0
01/21/2021,CLEAR CREEK,0,1,0,0,1,0,335,13,2,0,348,2,1,0
01/22/2021,CLEAR CREEK,0,3,0,0,3,0,338,13,2,0,351,2,3,0
01/26/2021,CLEAR CREEK,0,2,0,0,2,0,340,13,2,0,353,2,2,0
01/27/2021,CLEAR CREEK,0,1,0,0,1,0,341,13,2,0,354,2,1,0
01/28/2021,CLEAR CREEK,1,1,0,0,2,0,342,14,2,0,356,2,2,0
01/30/2021,CLEAR CREEK,0,1,0,0,1,0,343,14,2,0,357,2,1,0
01/31/2021,CLEAR CREEK,0,1,0,0,1,0,344,14,2,0,358,2,1,0
02/02/2021,CLEAR CREEK,0,1,0,0,1,0,345,14,2,0,359,2,1,0
02/04/2021,CLEAR CREEK,0,2,0,0,2,0,347,14,2,0,361,2,2,0
02/08/2021,CLEAR CREEK,1,0,0,0,1,0,347,15,2,0,362,2,1,0
02/09/2021,CLEAR CREEK,0,1,0,0,1,0,348,15,2,0,363,2,1,0
02/10/2021,CLEAR CREEK,0,2,0,0,2,0,350,15,2,0,365,2,2,0
02/11/2021,CLEAR CREEK,0,1,0,0,1,0,351,15,2,0,366,2,1,0
02/12/2021,CLEAR CREEK,0,1,0,0,1,0,352,15,2,0,367,2,1,0
02/14/2021,CLEAR CREEK,0,1,0,0,1,0,353,15,2,0,368,2,1,0
02/18/2021,CLEAR CREEK,0,1,0,0,1,0,354,15,2,0,369,2,1,0
02/19/2021,CLEAR CREEK,1,0,0,0,1,0,354,16,2,0,370,2,1,0
02/21/2021,CLEAR CREEK,0,1,0,0,1,0,355,16,2,0,371,2,1,0
02/25/2021,CLEAR CREEK,0,3,0,0,3,0,358,16,2,0,374,2,3,0
02/26/2021,CLEAR CREEK,0,1,0,0,1,0,359,16,2,0,375,2,1,0
03/02/2021,CLEAR CREEK,0,1,0,0,1,0,360,16,2,0,376,2,1,0
03/03/2021,CLEAR CREEK,0,4,0,0,4,0,364,16,2,0,380,2,4,0
03/06/2021,CLEAR CREEK,0,2,0,0,2,0,366,16,2,0,382,2,2,0
03/09/2021,CLEAR CREEK,0,1,0,0,1,0,367,16,2,0,383,2,1,0
03/10/2021,CLEAR CREEK,0,3,0,0,3,0,370,16,2,0,386,2,3,0
03/11/2021,CLEAR CREEK,0,1,0,0,1,0,371,16,2,0,387,2,1,0
03/12/2021,CLEAR CREEK,0,1,0,0,1,0,372,16,2,0,388,2,1,0
03/13/2021,CLEAR CREEK,0,1,0,0,1,0,373,16,2,0,389,2,1,0
03/17/2021,CLEAR CREEK,0,3,0,1,3,1,376,16,3,0,392,3,3,1
03/18/2021,CLEAR CREEK,1,3,0,0,4,0,379,17,3,0,396,3,4,0
03/19/2021,CLEAR CREEK,1,2,0,0,3,0,381,18,3,0,399,3,3,0
03/20/2021,CLEAR CREEK,0,1,0,0,1,0,382,18,3,0,400,3,1,0
03/22/2021,CLEAR CREEK,1,0,0,0,1,0,382,19,3,0,401,3,1,0
03/23/2021,CLEAR CREEK,0,3,0,0,3,0,385,19,3,0,404,3,3,0
03/24/2021,CLEAR CREEK,0,3,0,0,3,0,388,19,3,0,407,3,3,0
03/25/2021,CLEAR CREEK,0,1,0,0,1,0,389,19,3,0,408,3,1,0
03/26/2021,CLEAR CREEK,0,2,0,0,2,0,391,19,3,0,410,3,2,0
03/27/2021,CLEAR CREEK,0,2,0,0,2,0,393,19,3,0,412,3,2,0
03/29/2021,CLEAR CREEK,1,0,0,0,1,0,393,20,3,0,413,3,1,0
03/30/2021,CLEAR CREEK,0,1,0,0,1,0,394,20,3,0,414,3,1,0
03/31/2021,CLEAR CREEK,0,2,0,0,2,0,396,20,3,0,416,3,2,0
04/02/2021,CLEAR CREEK,0,1,0,0,1,0,397,20,3,0,417,3,1,0
04/03/2021,CLEAR CREEK,1,1,0,0,2,0,398,21,3,0,419,3,2,0
04/04/2021,CLEAR CREEK,0,2,0,0,2,0,400,21,3,0,421,3,2,0
04/06/2021,CLEAR CREEK,0,1,0,0,1,0,401,21,3,0,422,3,1,0
04/07/2021,CLEAR CREEK,0,4,0,0,4,0,405,21,3,0,426,3,4,0
04/08/2021,CLEAR CREEK,0,2,0,0,2,0,407,21,3,0,428,3,2,0
04/09/2021,CLEAR CREEK,0,1,0,0,1,0,408,21,3,0,429,3,1,0
04/10/2021,CLEAR CREEK,0,2,0,0,2,0,410,21,3,0,431,3,2,0
04/13/2021,CLEAR CREEK,1,2,0,0,3,0,412,22,3,0,434,3,3,0
04/14/2021,CLEAR CREEK,1,4,0,0,5,0,416,23,3,0,439,3,5,0
04/16/2021,CLEAR CREEK,0,2,0,0,2,0,418,23,3,0,441,3,2,0
04/22/2021,CLEAR CREEK,0,1,0,0,1,0,419,23,3,0,442,3,1,0
04/23/2021,CLEAR CREEK,0,1,0,0,1,0,420,23,3,0,443,3,1,0
04/27/2021,CLEAR CREEK,0,1,0,0,1,0,421,23,3,0,444,3,1,0
04/28/2021,CLEAR CREEK,0,2,0,0,2,0,423,23,3,0,446,3,2,0
04/30/2021,CLEAR CREEK,1,0,0,0,1,0,423,24,3,0,447,3,1,0
05/01/2021,CLEAR CREEK,0,1,0,0,1,0,424,24,3,0,448,3,1,0
05/02/2021,CLEAR CREEK,0,1,0,0,1,0,425,24,3,0,449,3,1,0
05/07/2021,CLEAR CREEK,0,3,0,0,3,0,428,24,3,0,452,3,3,0
05/08/2021,CLEAR CREEK,0,2,0,0,2,0,430,24,3,0,454,3,2,0
05/09/2021,CLEAR CREEK,0,1,0,0,1,0,431,24,3,0,455,3,1,0
05/10/2021,CLEAR CREEK,0,2,0,0,2,0,433,24,3,0,457,3,2,0
05/11/2021,CLEAR CREEK,1,0,0,0,1,0,433,25,3,0,458,3,1,0
05/15/2021,CLEAR CREEK,0,2,0,0,2,0,435,25,3,0,460,3,2,0
05/17/2021,CLEAR CREEK,0,1,0,0,1,0,436,25,3,0,461,3,1,0
05/18/2021,CLEAR CREEK,0,2,0,0,2,0,438,25,3,0,463,3,2,0
05/19/2021,CLEAR CREEK,0,3,0,0,3,0,441,25,3,0,466,3,3,0
05/20/2021,CLEAR CREEK,0,1,0,0,1,0,442,25,3,0,467,3,1,0
05/21/2021,CLEAR CREEK,0,1,0,0,1,0,443,25,3,0,468,3,1,0
05/22/2021,CLEAR CREEK,0,2,0,0,2,0,445,25,3,0,470,3,2,0
05/23/2021,CLEAR CREEK,0,1,0,0,1,0,446,25,3,0,471,3,1,0
05/24/2021,CLEAR CREEK,0,1,0,0,1,0,447,25,3,0,472,3,1,0
05/25/2021,CLEAR CREEK,0,2,0,0,2,0,449,25,3,0,474,3,2,0
05/26/2021,CLEAR CREEK,0,1,0,0,1,0,450,25,3,0,475,3,1,0
05/27/2021,CLEAR CREEK,0,1,0,0,1,0,451,25,3,0,476,3,1,0
06/02/2021,CLEAR CREEK,0,1,0,0,1,0,452,25,3,0,477,3,1,0
06/03/2021,CLEAR CREEK,0,1,0,0,1,0,453,25,3,0,478,3,1,0
06/04/2021,CLEAR CREEK,0,1,0,0,1,0,454,25,3,0,479,3,1,0
06/06/2021,CLEAR CREEK,0,1,0,0,1,0,455,25,3,0,480,3,1,0
06/07/2021,CLEAR CREEK,0,1,0,0,1,0,456,25,3,0,481,3,1,0
06/19/2021,CLEAR CREEK,0,1,0,0,1,0,457,25,3,0,482,3,1,0
06/22/2021,CLEAR CREEK,0,1,0,0,1,0,458,25,3,0,483,3,1,0
06/23/2021,CLEAR CREEK,0,2,0,0,2,0,460,25,3,0,485,3,2,0
06/27/2021,CLEAR CREEK,0,1,0,0,1,0,461,25,3,0,486,3,1,0
06/30/2021,CLEAR CREEK,0,1,0,0,1,0,462,25,3,0,487,3,1,0
07/03/2021,CLEAR CREEK,0,1,0,0,1,0,463,25,3,0,488,3,1,0
07/06/2021,CLEAR CREEK,0,1,0,0,1,0,464,25,3,0,489,3,1,0
07/14/2021,CLEAR CREEK,0,1,0,0,1,0,465,25,3,0,490,3,1,0
07/17/2021,CLEAR CREEK,0,2,0,0,2,0,467,25,3,0,492,3,2,0
07/18/2021,CLEAR CREEK,0,2,0,0,2,0,469,25,3,0,494,3,2,0
07/19/2021,CLEAR CREEK,0,1,0,0,1,0,470,25,3,0,495,3,1,0
07/20/2021,CLEAR CREEK,0,2,0,0,2,0,472,25,3,0,497,3,2,0
07/21/2021,CLEAR CREEK,0,1,0,0,1,0,473,25,3,0,498,3,1,0
07/23/2021,CLEAR CREEK,0,1,0,0,1,0,474,25,3,0,499,3,1,0
07/24/2021,CLEAR CREEK,0,1,0,0,1,0,475,25,3,0,500,3,1,0
07/25/2021,CLEAR CREEK,0,2,0,0,2,0,477,25,3,0,502,3,2,0
07/26/2021,CLEAR CREEK,0,4,0,0,4,0,481,25,3,0,506,3,4,0
07/27/2021,CLEAR CREEK,0,2,0,0,2,0,483,25,3,0,508,3,2,0
07/28/2021,CLEAR CREEK,0,3,0,0,3,0,486,25,3,0,511,3,3,0
07/30/2021,CLEAR CREEK,0,1,0,0,1,0,487,25,3,0,512,3,1,0
07/31/2021,CLEAR CREEK,0,1,0,0,1,0,488,25,3,0,513,3,1,0
08/01/2021,CLEAR CREEK,0,1,0,0,1,0,489,25,3,0,514,3,1,0
08/04/2021,CLEAR CREEK,0,6,0,0,6,0,495,25,3,0,520,3,6,0
08/05/2021,CLEAR CREEK,0,1,0,0,1,0,496,25,3,0,521,3,1,0
08/06/2021,CLEAR CREEK,2,2,0,0,4,0,498,27,3,0,525,3,4,0
08/07/2021,CLEAR CREEK,0,1,0,0,1,0,499,27,3,0,526,3,1,0
08/08/2021,CLEAR CREEK,0,1,0,1,1,1,500,27,4,0,527,4,1,1
08/09/2021,CLEAR CREEK,0,1,0,0,1,0,501,27,4,0,528,4,1,0
08/11/2021,CLEAR CREEK,0,2,0,0,2,0,503,27,4,0,530,4,2,0
08/12/2021,CLEAR CREEK,0,2,0,0,2,0,505,27,4,0,532,4,2,0
08/13/2021,CLEAR CREEK,0,3,0,0,3,0,508,27,4,0,535,4,3,0
08/15/2021,CLEAR CREEK,0,1,0,0,1,0,509,27,4,0,536,4,1,0
08/16/2021,CLEAR CREEK,0,1,0,0,1,0,510,27,4,0,537,4,1,0
08/17/2021,CLEAR CREEK,0,4,0,0,4,0,514,27,4,0,541,4,4,0
08/18/2021,CLEAR CREEK,0,5,0,0,5,0,519,27,4,0,546,4,5,0
08/19/2021,CLEAR CREEK,0,3,0,0,3,0,522,27,4,0,549,4,3,0
08/21/2021,CLEAR CREEK,0,2,0,0,2,0,524,27,4,0,551,4,2,0
08/23/2021,CLEAR CREEK,0,6,0,0,6,0,530,27,4,0,557,4,6,0
08/24/2021,CLEAR CREEK,0,5,0,0,5,0,535,27,4,0,562,4,5,0
08/25/2021,CLEAR CREEK,0,3,0,0,3,0,538,27,4,0,565,4,3,0
08/26/2021,CLEAR CREEK,0,4,0,0,4,0,542,27,4,0,569,4,4,0
08/27/2021,CLEAR CREEK,0,9,0,0,9,0,551,27,4,0,578,4,9,0
08/28/2021,CLEAR CREEK,0,8,0,0,8,0,559,27,4,0,586,4,8,0
08/29/2021,CLEAR CREEK,0,1,0,0,1,0,560,27,4,0,587,4,1,0
08/30/2021,CLEAR CREEK,0,8,0,0,8,0,568,27,4,0,595,4,8,0
08/31/2021,CLEAR CREEK,0,6,0,0,6,0,574,27,4,0,601,4,6,0
09/01/2021,CLEAR CREEK,0,19,0,0,19,0,593,27,4,0,620,4,19,0
09/02/2021,CLEAR CREEK,0,1,0,0,1,0,594,27,4,0,621,4,1,0
09/03/2021,CLEAR CREEK,0,4,0,0,4,0,598,27,4,0,625,4,4,0
09/04/2021,CLEAR CREEK,0,4,0,0,4,0,602,27,4,0,629,4,4,0
09/05/2021,CLEAR CREEK,0,3,0,0,3,0,605,27,4,0,632,4,3,0
09/07/2021,CLEAR CREEK,0,2,0,1,2,1,607,27,5,0,634,5,2,1
09/08/2021,CLEAR CREEK,0,5,0,0,5,0,612,27,5,0,639,5,5,0
09/09/2021,CLEAR CREEK,0,4,0,0,4,0,616,27,5,0,643,5,4,0
09/10/2021,CLEAR CREEK,0,6,0,0,6,0,622,27,5,0,649,5,6,0
09/11/2021,CLEAR CREEK,0,6,0,0,6,0,628,27,5,0,655,5,6,0
09/12/2021,CLEAR CREEK,0,3,0,0,3,0,631,27,5,0,658,5,3,0
09/13/2021,CLEAR CREEK,0,3,0,0,3,0,634,27,5,0,661,5,3,0
09/14/2021,CLEAR CREEK,0,5,0,0,5,0,639,27,5,0,666,5,5,0
09/15/2021,CLEAR CREEK,0,9,0,0,9,0,648,27,5,0,675,5,9,0
09/16/2021,CLEAR CREEK,0,3,0,0,3,0,651,27,5,0,678,5,3,0
09/17/2021,CLEAR CREEK,1,2,0,0,3,0,653,28,5,0,681,5,3,0
09/18/2021,CLEAR CREEK,0,3,0,0,3,0,656,28,5,0,684,5,3,0
09/19/2021,CLEAR CREEK,0,3,0,0,3,0,659,28,5,0,687,5,3,0
09/20/2021,CLEAR CREEK,0,2,0,0,2,0,661,28,5,0,689,5,2,0
09/21/2021,CLEAR CREEK,0,1,0,0,1,0,662,28,5,0,690,5,1,0
09/22/2021,CLEAR CREEK,0,5,0,0,5,0,667,28,5,0,695,5,5,0
09/23/2021,CLEAR CREEK,0,1,0,0,1,0,668,28,5,0,696,5,1,0
09/24/2021,CLEAR CREEK,0,2,0,0,2,0,670,28,5,0,698,5,2,0
09/25/2021,CLEAR CREEK,1,0,0,0,1,0,670,29,5,0,699,5,1,0
09/26/2021,CLEAR CREEK,0,1,0,0,1,0,671,29,5,0,700,5,1,0
09/28/2021,CLEAR CREEK,1,5,0,0,6,0,676,30,5,0,706,5,6,0
09/29/2021,CLEAR CREEK,1,0,0,0,1,0,676,31,5,0,707,5,1,0
09/30/2021,CLEAR CREEK,0,4,0,0,4,0,680,31,5,0,711,5,4,0
10/01/2021,CLEAR CREEK,0,7,0,0,7,0,687,31,5,0,718,5,7,0
10/02/2021,CLEAR CREEK,0,2,0,0,2,0,689,31,5,0,720,5,2,0
10/05/2021,CLEAR CREEK,0,5,0,0,5,0,694,31,5,0,725,5,5,0
10/06/2021,CLEAR CREEK,1,8,0,0,9,0,702,32,5,0,734,5,9,0
10/08/2021,CLEAR CREEK,0,5,0,0,5,0,707,32,5,0,739,5,5,0
10/09/2021,CLEAR CREEK,0,2,0,0,2,0,709,32,5,0,741,5,2,0
10/10/2021,CLEAR CREEK,0,2,0,0,2,0,711,32,5,0,743,5,2,0
10/11/2021,CLEAR CREEK,2,3,0,0,5,0,714,34,5,0,748,5,5,0
10/12/2021,CLEAR CREEK,0,1,0,0,1,0,715,34,5,0,749,5,1,0
10/13/2021,CLEAR CREEK,0,1,0,0,1,0,716,34,5,0,750,5,1,0
10/14/2021,CLEAR CREEK,0,3,0,0,3,0,719,34,5,0,753,5,3,0
10/15/2021,CLEAR CREEK,0,3,0,0,3,0,722,34,5,0,756,5,3,0
10/16/2021,CLEAR CREEK,0,4,0,0,4,0,726,34,5,0,760,5,4,0
10/18/2021,CLEAR CREEK,0,1,0,0,1,0,727,34,5,0,761,5,1,0
10/19/2021,CLEAR CREEK,1,2,0,0,3,0,729,35,5,0,764,5,3,0
10/20/2021,CLEAR CREEK,1,4,0,0,5,0,733,36,5,0,769,5,5,0
10/21/2021,CLEAR CREEK,0,2,0,0,2,0,735,36,5,0,771,5,2,0
10/22/2021,CLEAR CREEK,0,5,0,0,5,0,740,36,5,0,776,5,5,0
10/23/2021,CLEAR CREEK,0,1,0,0,1,0,741,36,5,0,777,5,1,0
10/25/2021,CLEAR CREEK,0,2,0,0,2,0,743,36,5,0,779,5,2,0
10/26/2021,CLEAR CREEK,0,2,0,0,2,0,745,36,5,0,781,5,2,0
10/27/2021,CLEAR CREEK,0,6,0,0,6,0,751,36,5,0,787,5,6,0
10/28/2021,CLEAR CREEK,0,1,0,0,1,0,752,36,5,0,788,5,1,0
10/29/2021,CLEAR CREEK,0,3,0,0,3,0,755,36,5,0,791,5,3,0
10/30/2021,CLEAR CREEK,0,4,0,0,4,0,759,36,5,0,795,5,4,0
10/31/2021,CLEAR CREEK,0,2,0,0,2,0,761,36,5,0,797,5,2,0
11/01/2021,CLEAR CREEK,0,1,0,0,1,0,762,36,5,0,798,5,1,0
11/02/2021,CLEAR CREEK,0,4,0,0,4,0,766,36,5,0,802,5,4,0
11/03/2021,CLEAR CREEK,0,5,0,1,5,1,771,36,6,0,807,6,5,1
11/04/2021,CLEAR CREEK,2,4,0,0,6,0,775,38,6,0,813,6,6,0
11/05/2021,CLEAR CREEK,0,4,0,0,4,0,779,38,6,0,817,6,4,0
11/07/2021,CLEAR CREEK,0,1,0,0,1,0,780,38,6,0,818,6,1,0
11/09/2021,CLEAR CREEK,0,6,0,0,6,0,786,38,6,0,824,6,6,0
11/10/2021,CLEAR CREEK,0,8,0,0,8,0,794,38,6,0,832,6,8,0
11/11/2021,CLEAR CREEK,0,1,0,0,1,0,795,38,6,0,833,6,1,0
11/12/2021,CLEAR CREEK,0,4,0,0,4,0,799,38,6,0,837,6,4,0
11/13/2021,CLEAR CREEK,0,5,0,0,5,0,804,38,6,0,842,6,5,0
11/14/2021,CLEAR CREEK,0,3,0,1,3,1,807,38,7,0,845,7,3,1
11/15/2021,CLEAR CREEK,0,6,0,0,6,0,813,38,7,0,851,7,6,0
11/16/2021,CLEAR CREEK,1,9,0,0,10,0,822,39,7,0,861,7,10,0
11/17/2021,CLEAR CREEK,0,4,0,0,4,0,826,39,7,0,865,7,4,0
11/18/2021,CLEAR CREEK,0,7,0,0,7,0,833,39,7,0,872,7,7,0
11/19/2021,CLEAR CREEK,0,6,0,0,6,0,839,39,7,0,878,7,6,0
11/20/2021,CLEAR CREEK,0,4,0,0,4,0,843,39,7,0,882,7,4,0
11/23/2021,CLEAR CREEK,0,7,0,0,7,0,850,39,7,0,889,7,7,0
11/24/2021,CLEAR CREEK,0,3,0,0,3,0,853,39,7,0,892,7,3,0
11/27/2021,CLEAR CREEK,1,6,0,0,7,0,859,40,7,0,899,7,7,0
11/28/2021,CLEAR CREEK,0,2,0,0,2,0,861,40,7,0,901,7,2,0
11/29/2021,CLEAR CREEK,1,0,0,0,1,0,861,41,7,0,902,7,1,0
11/30/2021,CLEAR CREEK,0,3,0,0,3,0,864,41,7,0,905,7,3,0
12/01/2021,CLEAR CREEK,0,5,0,0,5,0,869,41,7,0,910,7,5,0
12/02/2021,CLEAR CREEK,1,1,0,0,2,0,870,42,7,0,912,7,2,0
12/03/2021,CLEAR CREEK,1,3,0,0,4,0,873,43,7,0,916,7,4,0
12/04/2021,CLEAR CREEK,0,2,0,0,2,0,875,43,7,0,918,7,2,0
12/06/2021,CLEAR CREEK,0,2,0,0,2,0,877,43,7,0,920,7,2,0
12/07/2021,CLEAR CREEK,0,2,0,0,2,0,879,43,7,0,922,7,2,0
12/08/2021,CLEAR CREEK,0,2,0,0,2,0,881,43,7,0,924,7,2,0
12/09/2021,CLEAR CREEK,0,3,0,0,3,0,884,43,7,0,927,7,3,0
12/10/2021,CLEAR CREEK,0,2,0,0,2,0,886,43,7,0,929,7,2,0
12/12/2021,CLEAR CREEK,0,2,0,0,2,0,888,43,7,0,931,7,2,0
12/14/2021,CLEAR CREEK,1,4,0,0,5,0,892,44,7,0,936,7,5,0
12/15/2021,CLEAR CREEK,0,2,0,0,2,0,894,44,7,0,938,7,2,0
12/16/2021,CLEAR CREEK,0,3,0,1,3,1,897,44,8,0,941,8,3,1
12/18/2021,CLEAR CREEK,0,2,0,0,2,0,899,44,8,0,943,8,2,0
12/19/2021,CLEAR CREEK,0,4,0,0,4,0,903,44,8,0,947,8,4,0
12/21/2021,CLEAR CREEK,0,3,0,1,3,1,906,44,9,0,950,9,3,1
12/22/2021,CLEAR CREEK,1,12,0,0,13,0,918,45,9,0,963,9,13,0
12/23/2021,CLEAR CREEK,1,13,0,0,14,0,931,46,9,0,977,9,14,0
12/24/2021,CLEAR CREEK,0,1,0,0,1,0,932,46,9,0,978,9,1,0
12/25/2021,CLEAR CREEK,0,1,0,0,1,0,933,46,9,0,979,9,1,0
12/26/2021,CLEAR CREEK,1,2,0,0,3,0,935,47,9,0,982,9,3,0
12/27/2021,CLEAR CREEK,0,8,0,0,8,0,943,47,9,0,990,9,8,0
12/28/2021,CLEAR CREEK,0,6,0,0,6,0,949,47,9,0,996,9,6,0
12/29/2021,CLEAR CREEK,0,15,0,0,15,0,964,47,9,0,1011,9,15,0
12/30/2021,CLEAR CREEK,3,7,0,0,10,0,971,50,9,0,1021,9,10,0
12/31/2021,CLEAR CREEK,0,24,0,0,24,0,995,50,9,0,1045,9,24,0
01/01/2022,CLEAR CREEK,0,4,0,0,4,0,999,50,9,0,1049,9,4,0
01/02/2022,CLEAR CREEK,0,3,0,0,3,0,1002,50,9,0,1052,9,3,0
01/03/2022,CLEAR CREEK,0,5,0,0,5,0,1007,50,9,0,1057,9,5,0
01/04/2022,CLEAR CREEK,2,16,0,0,18,0,1023,52,9,0,1075,9,18,0
01/05/2022,CLEAR CREEK,0,31,0,0,31,0,1054,52,9,0,1106,9,31,0
01/06/2022,CLEAR CREEK,1,60,0,0,61,0,1114,53,9,0,1167,9,61,0
01/07/2022,CLEAR CREEK,1,8,1,0,9,1,1122,54,9,1,1176,10,9,1
01/08/2022,CLEAR CREEK,0,11,0,0,11,0,1133,54,9,1,1187,10,11,0
01/09/2022,CLEAR CREEK,1,6,0,0,7,0,1139,55,9,1,1194,10,7,0
01/10/2022,CLEAR CREEK,0,4,0,0,4,0,1143,55,9,1,1198,10,4,0
01/11/2022,CLEAR CREEK,0,31,0,0,31,0,1174,55,9,1,1229,10,31,0
01/12/2022,CLEAR CREEK,3,23,1,0,26,1,1197,58,9,2,1255,11,26,1
01/13/2022,CLEAR CREEK,0,16,0,0,16,0,1213,58,9,2,1271,11,16,0
01/14/2022,CLEAR CREEK,1,41,0,0,42,0,1254,59,9,2,1313,11,42,0
01/15/2022,CLEAR CREEK,0,17,0,0,17,0,1271,59,9,2,1330,11,17,0
01/16/2022,CLEAR CREEK,1,3,0,0,4,0,1274,60,9,2,1334,11,4,0
01/17/2022,CLEAR CREEK,1,2,0,0,3,0,1276,61,9,2,1337,11,3,0
01/18/2022,CLEAR CREEK,2,25,0,0,27,0,1301,63,9,2,1364,11,27,0
01/19/2022,CLEAR CREEK,0,23,0,0,23,0,1324,63,9,2,1387,11,23,0
01/20/2022,CLEAR CREEK,0,9,0,0,9,0,1333,63,9,2,1396,11,9,0
01/21/2022,CLEAR CREEK,0,21,0,0,21,0,1354,63,9,2,1417,11,21,0
01/22/2022,CLEAR CREEK,2,7,0,0,9,0,1361,65,9,2,1426,11,9,0
01/23/2022,CLEAR CREEK,0,2,0,0,2,0,1363,65,9,2,1428,11,2,0
01/24/2022,CLEAR CREEK,1,6,0,0,7,0,1369,66,9,2,1435,11,7,0
01/25/2022,CLEAR CREEK,0,11,0,0,11,0,1380,66,9,2,1446,11,11,0
01/26/2022,CLEAR CREEK,0,3,0,0,3,0,1383,66,9,2,1449,11,3,0
01/27/2022,CLEAR CREEK,0,4,0,0,4,0,1387,66,9,2,1453,11,4,0
01/28/2022,CLEAR CREEK,0,3,0,0,3,0,1390,66,9,2,1456,11,3,0
01/29/2022,CLEAR CREEK,0,5,0,0,5,0,1395,66,9,2,1461,11,5,0
01/30/2022,CLEAR CREEK,0,3,0,0,3,0,1398,66,9,2,1464,11,3,0
02/01/2022,CLEAR CREEK,0,15,0,0,15,0,1413,66,9,2,1479,11,15,0
02/02/2022,CLEAR CREEK,0,2,0,0,2,0,1415,66,9,2,1481,11,2,0
02/03/2022,CLEAR CREEK,0,2,0,0,2,0,1417,66,9,2,1483,11,2,0
02/04/2022,CLEAR CREEK,0,1,0,0,1,0,1418,66,9,2,1484,11,1,0
02/05/2022,CLEAR CREEK,0,4,0,0,4,0,1422,66,9,2,1488,11,4,0
02/07/2022,CLEAR CREEK,0,2,0,0,2,0,1424,66,9,2,1490,11,2,0
02/08/2022,CLEAR CREEK,0,3,0,0,3,0,1427,66,9,2,1493,11,3,0
02/09/2022,CLEAR CREEK,0,5,0,0,5,0,1432,66,9,2,1498,11,5,0
02/10/2022,CLEAR CREEK,0,1,0,0,1,0,1433,66,9,2,1499,11,1,0
02/11/2022,CLEAR CREEK,0,3,0,0,3,0,1436,66,9,2,1502,11,3,0
02/13/2022,CLEAR CREEK,0,1,0,0,1,0,1437,66,9,2,1503,11,1,0
02/20/2022,CLEAR CREEK,0,1,0,0,1,0,1438,66,9,2,1504,11,1,0
02/21/2022,CLEAR CREEK,0,1,0,0,1,0,1439,66,9,2,1505,11,1,0
02/22/2022,CLEAR CREEK,0,1,0,0,1,0,1440,66,9,2,1506,11,1,0
03/01/2022,CLEAR CREEK,0,1,0,0,1,0,1441,66,9,2,1507,11,1,0
03/02/2022,CLEAR CREEK,0,1,0,0,1,0,1442,66,9,2,1508,11,1,0
03/03/2022,CLEAR CREEK,0,2,0,0,2,0,1444,66,9,2,1510,11,2,0
03/14/2022,CLEAR CREEK,2,0,0,0,2,0,1444,68,9,2,1512,11,2,0
03/15/2022,CLEAR CREEK,1,0,0,0,1,0,1444,69,9,2,1513,11,1,0
03/18/2022,CLEAR CREEK,1,1,1,0,2,1,1445,70,9,3,1515,12,2,1
05/06/2020,CONEJOS,0,1,0,0,1,0,1,0,0,0,1,0,-1514,-12
05/30/2020,CONEJOS,0,1,0,0,1,0,2,0,0,0,2,0,1,0
06/01/2020,CONEJOS,0,1,0,0,1,0,3,0,0,0,3,0,1,0
06/04/2020,CONEJOS,0,1,0,0,1,0,4,0,0,0,4,0,1,0
06/06/2020,CONEJOS,0,1,0,0,1,0,5,0,0,0,5,0,1,0
06/15/2020,CONEJOS,0,2,0,0,2,0,7,0,0,0,7,0,2,0
06/17/2020,CONEJOS,0,3,0,0,3,0,10,0,0,0,10,0,3,0
06/18/2020,CONEJOS,0,3,0,0,3,0,13,0,0,0,13,0,3,0
06/19/2020,CONEJOS,1,1,0,0,2,0,14,1,0,0,15,0,2,0
06/26/2020,CONEJOS,0,2,0,0,2,0,16,1,0,0,17,0,2,0
07/01/2020,CONEJOS,0,3,0,0,3,0,19,1,0,0,20,0,3,0
07/09/2020,CONEJOS,0,3,0,0,3,0,22,1,0,0,23,0,3,0
07/13/2020,CONEJOS,1,0,0,0,1,0,22,2,0,0,24,0,1,0
07/14/2020,CONEJOS,0,1,0,0,1,0,23,2,0,0,25,0,1,0
07/29/2020,CONEJOS,2,0,0,0,2,0,23,4,0,0,27,0,2,0
08/17/2020,CONEJOS,0,3,0,0,3,0,26,4,0,0,30,0,3,0
08/20/2020,CONEJOS,0,2,0,0,2,0,28,4,0,0,32,0,2,0
09/22/2020,CONEJOS,0,2,0,0,2,0,30,4,0,0,34,0,2,0
09/23/2020,CONEJOS,0,1,0,0,1,0,31,4,0,0,35,0,1,0
09/25/2020,CONEJOS,0,2,0,0,2,0,33,4,0,0,37,0,2,0
09/30/2020,CONEJOS,0,1,0,0,1,0,34,4,0,0,38,0,1,0
10/02/2020,CONEJOS,0,1,0,0,1,0,35,4,0,0,39,0,1,0
10/03/2020,CONEJOS,0,1,0,0,1,0,36,4,0,0,40,0,1,0
10/06/2020,CONEJOS,0,3,0,0,3,0,39,4,0,0,43,0,3,0
10/08/2020,CONEJOS,0,1,0,0,1,0,40,4,0,0,44,0,1,0
10/12/2020,CONEJOS,0,1,0,0,1,0,41,4,0,0,45,0,1,0
10/13/2020,CONEJOS,0,1,0,0,1,0,42,4,0,0,46,0,1,0
10/14/2020,CONEJOS,0,5,0,0,5,0,47,4,0,0,51,0,5,0
10/15/2020,CONEJOS,2,4,0,0,6,0,51,6,0,0,57,0,6,0
10/16/2020,CONEJOS,1,0,0,0,1,0,51,7,0,0,58,0,1,0
10/18/2020,CONEJOS,0,2,0,0,2,0,53,7,0,0,60,0,2,0
10/20/2020,CONEJOS,0,4,0,0,4,0,57,7,0,0,64,0,4,0
10/22/2020,CONEJOS,0,5,0,0,5,0,62,7,0,0,69,0,5,0
10/23/2020,CONEJOS,1,0,1,0,1,1,62,8,0,1,70,1,1,1
10/26/2020,CONEJOS,0,2,0,0,2,0,64,8,0,1,72,1,2,0
10/28/2020,CONEJOS,0,2,0,0,2,0,66,8,0,1,74,1,2,0
10/29/2020,CONEJOS,1,3,0,0,4,0,69,9,0,1,78,1,4,0
10/30/2020,CONEJOS,0,5,0,0,5,0,74,9,0,1,83,1,5,0
10/31/2020,CONEJOS,0,2,0,0,2,0,76,9,0,1,85,1,2,0
11/01/2020,CONEJOS,0,2,0,0,2,0,78,9,0,1,87,1,2,0
11/03/2020,CONEJOS,0,5,0,0,5,0,83,9,0,1,92,1,5,0
11/04/2020,CONEJOS,0,3,0,0,3,0,86,9,0,1,95,1,3,0
11/05/2020,CONEJOS,0,5,0,0,5,0,91,9,0,1,100,1,5,0
11/06/2020,CONEJOS,0,3,0,0,3,0,94,9,0,1,103,1,3,0
11/07/2020,CONEJOS,0,2,0,0,2,0,96,9,0,1,105,1,2,0
11/08/2020,CONEJOS,0,2,0,0,2,0,98,9,0,1,107,1,2,0
11/09/2020,CONEJOS,0,2,0,0,2,0,100,9,0,1,109,1,2,0
11/10/2020,CONEJOS,0,2,0,1,2,1,102,9,1,1,111,2,2,1
11/11/2020,CONEJOS,0,2,0,0,2,0,104,9,1,1,113,2,2,0
11/12/2020,CONEJOS,0,10,0,0,10,0,114,9,1,1,123,2,10,0
11/13/2020,CONEJOS,0,5,0,0,5,0,119,9,1,1,128,2,5,0
11/14/2020,CONEJOS,1,6,0,0,7,0,125,10,1,1,135,2,7,0
11/15/2020,CONEJOS,0,1,0,0,1,0,126,10,1,1,136,2,1,0
11/16/2020,CONEJOS,1,1,0,0,2,0,127,11,1,1,138,2,2,0
11/17/2020,CONEJOS,0,2,0,0,2,0,129,11,1,1,140,2,2,0
11/18/2020,CONEJOS,1,8,0,0,9,0,137,12,1,1,149,2,9,0
11/19/2020,CONEJOS,0,7,0,0,7,0,144,12,1,1,156,2,7,0
11/20/2020,CONEJOS,0,2,0,0,2,0,146,12,1,1,158,2,2,0
11/21/2020,CONEJOS,0,5,0,0,5,0,151,12,1,1,163,2,5,0
11/22/2020,CONEJOS,0,1,0,0,1,0,152,12,1,1,164,2,1,0
11/23/2020,CONEJOS,1,3,0,0,4,0,155,13,1,1,168,2,4,0
11/25/2020,CONEJOS,0,8,0,0,8,0,163,13,1,1,176,2,8,0
11/26/2020,CONEJOS,0,5,0,0,5,0,168,13,1,1,181,2,5,0
11/27/2020,CONEJOS,0,3,0,1,3,1,171,13,2,1,184,3,3,1
11/28/2020,CONEJOS,0,5,0,0,5,0,176,13,2,1,189,3,5,0
11/29/2020,CONEJOS,0,1,0,0,1,0,177,13,2,1,190,3,1,0
11/30/2020,CONEJOS,0,2,0,0,2,0,179,13,2,1,192,3,2,0
12/01/2020,CONEJOS,0,7,0,0,7,0,186,13,2,1,199,3,7,0
12/02/2020,CONEJOS,0,14,0,0,14,0,200,13,2,1,213,3,14,0
12/03/2020,CONEJOS,0,11,0,0,11,0,211,13,2,1,224,3,11,0
12/04/2020,CONEJOS,0,6,0,0,6,0,217,13,2,1,230,3,6,0
12/05/2020,CONEJOS,0,6,0,0,6,0,223,13,2,1,236,3,6,0
12/06/2020,CONEJOS,0,2,0,0,2,0,225,13,2,1,238,3,2,0
12/07/2020,CONEJOS,0,4,0,0,4,0,229,13,2,1,242,3,4,0
12/08/2020,CONEJOS,1,2,0,0,3,0,231,14,2,1,245,3,3,0
12/09/2020,CONEJOS,0,7,0,0,7,0,238,14,2,1,252,3,7,0
12/10/2020,CONEJOS,0,8,0,0,8,0,246,14,2,1,260,3,8,0
12/11/2020,CONEJOS,0,2,0,0,2,0,248,14,2,1,262,3,2,0
12/12/2020,CONEJOS,0,3,0,0,3,0,251,14,2,1,265,3,3,0
12/14/2020,CONEJOS,0,19,0,0,19,0,270,14,2,1,284,3,19,0
12/15/2020,CONEJOS,1,2,0,0,3,0,272,15,2,1,287,3,3,0
12/16/2020,CONEJOS,0,6,0,0,6,0,278,15,2,1,293,3,6,0
12/17/2020,CONEJOS,0,9,0,0,9,0,287,15,2,1,302,3,9,0
12/18/2020,CONEJOS,0,2,0,0,2,0,289,15,2,1,304,3,2,0
12/19/2020,CONEJOS,0,2,0,0,2,0,291,15,2,1,306,3,2,0
12/20/2020,CONEJOS,0,3,0,0,3,0,294,15,2,1,309,3,3,0
12/21/2020,CONEJOS,0,3,0,0,3,0,297,15,2,1,312,3,3,0
12/22/2020,CONEJOS,0,7,0,0,7,0,304,15,2,1,319,3,7,0
12/23/2020,CONEJOS,3,1,0,0,4,0,305,18,2,1,323,3,4,0
12/24/2020,CONEJOS,0,1,0,0,1,0,306,18,2,1,324,3,1,0
12/25/2020,CONEJOS,0,3,0,0,3,0,309,18,2,1,327,3,3,0
12/26/2020,CONEJOS,0,2,0,0,2,0,311,18,2,1,329,3,2,0
12/27/2020,CONEJOS,0,1,0,0,1,0,312,18,2,1,330,3,1,0
12/28/2020,CONEJOS,1,1,0,0,2,0,313,19,2,1,332,3,2,0
12/29/2020,CONEJOS,0,1,0,0,1,0,314,19,2,1,333,3,1,0
12/30/2020,CONEJOS,1,7,0,0,8,0,321,20,2,1,341,3,8,0
12/31/2020,CONEJOS,0,5,0,1,5,1,326,20,3,1,346,4,5,1
01/01/2021,CONEJOS,0,1,0,0,1,0,327,20,3,1,347,4,1,0
01/02/2021,CONEJOS,0,1,0,0,1,0,328,20,3,1,348,4,1,0
01/03/2021,CONEJOS,0,1,0,0,1,0,329,20,3,1,349,4,1,0
01/05/2021,CONEJOS,4,5,0,0,9,0,334,24,3,1,358,4,9,0
01/06/2021,CONEJOS,0,2,0,0,2,0,336,24,3,1,360,4,2,0
01/07/2021,CONEJOS,1,4,0,0,5,0,340,25,3,1,365,4,5,0
01/10/2021,CONEJOS,0,1,0,0,1,0,341,25,3,1,366,4,1,0
01/11/2021,CONEJOS,1,0,0,0,1,0,341,26,3,1,367,4,1,0
01/12/2021,CONEJOS,0,6,0,0,6,0,347,26,3,1,373,4,6,0
01/13/2021,CONEJOS,0,2,0,0,2,0,349,26,3,1,375,4,2,0
01/14/2021,CONEJOS,0,5,0,0,5,0,354,26,3,1,380,4,5,0
01/15/2021,CONEJOS,1,4,0,0,5,0,358,27,3,1,385,4,5,0
01/16/2021,CONEJOS,0,3,0,0,3,0,361,27,3,1,388,4,3,0
01/18/2021,CONEJOS,0,1,0,0,1,0,362,27,3,1,389,4,1,0
01/20/2021,CONEJOS,0,1,0,0,1,0,363,27,3,1,390,4,1,0
01/21/2021,CONEJOS,0,4,0,1,4,1,367,27,4,1,394,5,4,1
01/22/2021,CONEJOS,1,5,0,0,6,0,372,28,4,1,400,5,6,0
01/24/2021,CONEJOS,0,1,0,0,1,0,373,28,4,1,401,5,1,0
01/25/2021,CONEJOS,0,1,0,1,1,1,374,28,5,1,402,6,1,1
01/26/2021,CONEJOS,0,4,0,0,4,0,378,28,5,1,406,6,4,0
01/27/2021,CONEJOS,0,2,0,0,2,0,380,28,5,1,408,6,2,0
01/28/2021,CONEJOS,0,3,0,0,3,0,383,28,5,1,411,6,3,0
01/29/2021,CONEJOS,0,3,0,0,3,0,386,28,5,1,414,6,3,0
02/01/2021,CONEJOS,1,1,0,0,2,0,387,29,5,1,416,6,2,0
02/02/2021,CONEJOS,0,2,0,0,2,0,389,29,5,1,418,6,2,0
02/03/2021,CONEJOS,0,2,0,0,2,0,391,29,5,1,420,6,2,0
02/05/2021,CONEJOS,0,1,0,0,1,0,392,29,5,1,421,6,1,0
02/06/2021,CONEJOS,0,2,0,0,2,0,394,29,5,1,423,6,2,0
02/09/2021,CONEJOS,0,3,0,0,3,0,397,29,5,1,426,6,3,0
02/10/2021,CONEJOS,1,1,1,0,2,1,398,30,5,2,428,7,2,1
02/11/2021,CONEJOS,1,4,0,1,5,1,402,31,6,2,433,8,5,1
02/13/2021,CONEJOS,0,1,0,0,1,0,403,31,6,2,434,8,1,0
02/14/2021,CONEJOS,0,2,0,0,2,0,405,31,6,2,436,8,2,0
02/17/2021,CONEJOS,1,0,0,0,1,0,405,32,6,2,437,8,1,0
02/18/2021,CONEJOS,0,1,0,0,1,0,406,32,6,2,438,8,1,0
02/19/2021,CONEJOS,0,2,0,0,2,0,408,32,6,2,440,8,2,0
02/20/2021,CONEJOS,0,1,0,1,1,1,409,32,7,2,441,9,1,1
02/21/2021,CONEJOS,0,1,0,0,1,0,410,32,7,2,442,9,1,0
02/22/2021,CONEJOS,3,1,0,1,4,1,411,35,8,2,446,10,4,1
02/23/2021,CONEJOS,1,0,0,0,1,0,411,36,8,2,447,10,1,0
02/24/2021,CONEJOS,0,1,0,0,1,0,412,36,8,2,448,10,1,0
02/25/2021,CONEJOS,1,0,0,0,1,0,412,37,8,2,449,10,1,0
02/27/2021,CONEJOS,0,1,0,0,1,0,413,37,8,2,450,10,1,0
03/01/2021,CONEJOS,1,0,0,0,1,0,413,38,8,2,451,10,1,0
03/03/2021,CONEJOS,0,2,0,0,2,0,415,38,8,2,453,10,2,0
03/06/2021,CONEJOS,0,2,0,0,2,0,417,38,8,2,455,10,2,0
03/08/2021,CONEJOS,1,0,0,0,1,0,417,39,8,2,456,10,1,0
03/10/2021,CONEJOS,1,0,0,0,1,0,417,40,8,2,457,10,1,0
03/11/2021,CONEJOS,1,2,0,0,3,0,419,41,8,2,460,10,3,0
03/13/2021,CONEJOS,0,1,0,0,1,0,420,41,8,2,461,10,1,0
03/15/2021,CONEJOS,0,2,0,0,2,0,422,41,8,2,463,10,2,0
03/16/2021,CONEJOS,0,1,0,0,1,0,423,41,8,2,464,10,1,0
04/03/2021,CONEJOS,0,1,0,0,1,0,424,41,8,2,465,10,1,0
04/05/2021,CONEJOS,1,1,0,0,2,0,425,42,8,2,467,10,2,0
04/06/2021,CONEJOS,0,1,0,0,1,0,426,42,8,2,468,10,1,0
04/07/2021,CONEJOS,1,2,0,0,3,0,428,43,8,2,471,10,3,0
04/08/2021,CONEJOS,0,1,0,0,1,0,429,43,8,2,472,10,1,0
04/09/2021,CONEJOS,0,1,0,0,1,0,430,43,8,2,473,10,1,0
04/12/2021,CONEJOS,1,1,0,0,2,0,431,44,8,2,475,10,2,0
04/13/2021,CONEJOS,1,0,0,0,1,0,431,45,8,2,476,10,1,0
04/14/2021,CONEJOS,2,0,0,0,2,0,431,47,8,2,478,10,2,0
04/16/2021,CONEJOS,0,3,0,0,3,0,434,47,8,2,481,10,3,0
04/17/2021,CONEJOS,0,4,0,0,4,0,438,47,8,2,485,10,4,0
04/19/2021,CONEJOS,0,4,0,0,4,0,442,47,8,2,489,10,4,0
04/20/2021,CONEJOS,0,5,0,0,5,0,447,47,8,2,494,10,5,0
04/21/2021,CONEJOS,0,4,0,0,4,0,451,47,8,2,498,10,4,0
04/22/2021,CONEJOS,1,0,0,0,1,0,451,48,8,2,499,10,1,0
04/23/2021,CONEJOS,0,1,0,0,1,0,452,48,8,2,500,10,1,0
04/24/2021,CONEJOS,0,1,0,0,1,0,453,48,8,2,501,10,1,0
04/25/2021,CONEJOS,0,1,0,0,1,0,454,48,8,2,502,10,1,0
04/26/2021,CONEJOS,0,1,0,0,1,0,455,48,8,2,503,10,1,0
04/27/2021,CONEJOS,0,2,0,0,2,0,457,48,8,2,505,10,2,0
04/28/2021,CONEJOS,1,5,1,0,6,1,462,49,8,3,511,11,6,1
04/29/2021,CONEJOS,0,2,0,0,2,0,464,49,8,3,513,11,2,0
04/30/2021,CONEJOS,0,5,0,0,5,0,469,49,8,3,518,11,5,0
05/01/2021,CONEJOS,1,4,0,0,5,0,473,50,8,3,523,11,5,0
05/03/2021,CONEJOS,1,3,0,0,4,0,476,51,8,3,527,11,4,0
05/04/2021,CONEJOS,1,10,0,0,11,0,486,52,8,3,538,11,11,0
05/05/2021,CONEJOS,2,7,0,0,9,0,493,54,8,3,547,11,9,0
05/06/2021,CONEJOS,0,3,0,0,3,0,496,54,8,3,550,11,3,0
05/07/2021,CONEJOS,0,8,0,1,8,1,504,54,9,3,558,12,8,1
05/08/2021,CONEJOS,1,8,0,1,9,1,512,55,10,3,567,13,9,1
05/09/2021,CONEJOS,1,1,0,1,2,1,513,56,11,3,569,14,2,1
05/10/2021,CONEJOS,2,2,0,1,4,1,515,58,12,3,573,15,4,1
05/11/2021,CONEJOS,2,11,0,0,13,0,526,60,12,3,586,15,13,0
05/12/2021,CONEJOS,1,7,0,0,8,0,533,61,12,3,594,15,8,0
05/13/2021,CONEJOS,1,13,0,1,14,1,546,62,13,3,608,16,14,1
05/14/2021,CONEJOS,1,9,0,0,10,0,555,63,13,3,618,16,10,0
05/15/2021,CONEJOS,0,8,0,0,8,0,563,63,13,3,626,16,8,0
05/16/2021,CONEJOS,0,1,0,0,1,0,564,63,13,3,627,16,1,0
05/17/2021,CONEJOS,1,2,0,0,3,0,566,64,13,3,630,16,3,0
05/18/2021,CONEJOS,0,6,0,0,6,0,572,64,13,3,636,16,6,0
05/19/2021,CONEJOS,2,3,0,0,5,0,575,66,13,3,641,16,5,0
05/20/2021,CONEJOS,1,6,0,0,7,0,581,67,13,3,648,16,7,0
05/21/2021,CONEJOS,0,4,0,0,4,0,585,67,13,3,652,16,4,0
05/22/2021,CONEJOS,0,6,0,1,6,1,591,67,14,3,658,17,6,1
05/23/2021,CONEJOS,0,2,0,0,2,0,593,67,14,3,660,17,2,0
05/24/2021,CONEJOS,0,2,0,0,2,0,595,67,14,3,662,17,2,0
05/25/2021,CONEJOS,0,3,0,0,3,0,598,67,14,3,665,17,3,0
05/26/2021,CONEJOS,2,3,0,0,5,0,601,69,14,3,670,17,5,0
05/27/2021,CONEJOS,2,0,0,0,2,0,601,71,14,3,672,17,2,0
05/28/2021,CONEJOS,0,3,0,0,3,0,604,71,14,3,675,17,3,0
05/29/2021,CONEJOS,0,4,0,0,4,0,608,71,14,3,679,17,4,0
05/30/2021,CONEJOS,0,2,0,0,2,0,610,71,14,3,681,17,2,0
05/31/2021,CONEJOS,0,1,0,0,1,0,611,71,14,3,682,17,1,0
06/01/2021,CONEJOS,1,1,0,1,2,1,612,72,15,3,684,18,2,1
06/02/2021,CONEJOS,0,1,0,0,1,0,613,72,15,3,685,18,1,0
06/03/2021,CONEJOS,0,7,0,0,7,0,620,72,15,3,692,18,7,0
06/05/2021,CONEJOS,0,2,0,0,2,0,622,72,15,3,694,18,2,0
06/06/2021,CONEJOS,0,1,0,0,1,0,623,72,15,3,695,18,1,0
06/07/2021,CONEJOS,0,3,0,1,3,1,626,72,16,3,698,19,3,1
06/08/2021,CONEJOS,0,2,0,0,2,0,628,72,16,3,700,19,2,0
06/09/2021,CONEJOS,0,3,0,0,3,0,631,72,16,3,703,19,3,0
06/10/2021,CONEJOS,1,2,0,0,3,0,633,73,16,3,706,19,3,0
06/11/2021,CONEJOS,0,3,0,2,3,2,636,73,18,3,709,21,3,2
06/12/2021,CONEJOS,0,3,0,0,3,0,639,73,18,3,712,21,3,0
06/14/2021,CONEJOS,0,1,0,1,1,1,640,73,19,3,713,22,1,1
06/15/2021,CONEJOS,0,9,0,1,9,1,649,73,20,3,722,23,9,1
06/16/2021,CONEJOS,0,3,0,0,3,0,652,73,20,3,725,23,3,0
06/18/2021,CONEJOS,0,8,0,0,8,0,660,73,20,3,733,23,8,0
06/20/2021,CONEJOS,0,1,0,0,1,0,661,73,20,3,734,23,1,0
06/21/2021,CONEJOS,1,2,0,1,3,1,663,74,21,3,737,24,3,1
06/22/2021,CONEJOS,0,1,0,0,1,0,664,74,21,3,738,24,1,0
06/23/2021,CONEJOS,0,1,0,0,1,0,665,74,21,3,739,24,1,0
06/24/2021,CONEJOS,1,1,0,0,2,0,666,75,21,3,741,24,2,0
06/28/2021,CONEJOS,1,1,0,1,2,1,667,76,22,3,743,25,2,1
06/30/2021,CONEJOS,0,1,0,0,1,0,668,76,22,3,744,25,1,0
07/01/2021,CONEJOS,0,1,0,0,1,0,669,76,22,3,745,25,1,0
07/02/2021,CONEJOS,0,1,0,0,1,0,670,76,22,3,746,25,1,0
07/05/2021,CONEJOS,1,0,1,0,1,1,670,77,22,4,747,26,1,1
07/06/2021,CONEJOS,1,0,0,0,1,0,670,78,22,4,748,26,1,0
07/07/2021,CONEJOS,0,1,0,0,1,0,671,78,22,4,749,26,1,0
07/08/2021,CONEJOS,0,2,0,0,2,0,673,78,22,4,751,26,2,0
07/10/2021,CONEJOS,0,1,0,0,1,0,674,78,22,4,752,26,1,0
07/12/2021,CONEJOS,0,1,0,0,1,0,675,78,22,4,753,26,1,0
07/13/2021,CONEJOS,1,0,0,0,1,0,675,79,22,4,754,26,1,0
07/16/2021,CONEJOS,1,1,0,0,2,0,676,80,22,4,756,26,2,0
07/17/2021,CONEJOS,0,1,0,0,1,0,677,80,22,4,757,26,1,0
07/20/2021,CONEJOS,0,2,0,1,2,1,679,80,23,4,759,27,2,1
07/22/2021,CONEJOS,0,3,0,0,3,0,682,80,23,4,762,27,3,0
07/23/2021,CONEJOS,0,1,0,0,1,0,683,80,23,4,763,27,1,0
07/25/2021,CONEJOS,0,1,0,0,1,0,684,80,23,4,764,27,1,0
07/27/2021,CONEJOS,0,1,0,0,1,0,685,80,23,4,765,27,1,0
07/28/2021,CONEJOS,0,2,0,0,2,0,687,80,23,4,767,27,2,0
07/29/2021,CONEJOS,0,1,0,0,1,0,688,80,23,4,768,27,1,0
07/30/2021,CONEJOS,0,1,0,0,1,0,689,80,23,4,769,27,1,0
08/01/2021,CONEJOS,0,1,0,0,1,0,690,80,23,4,770,27,1,0
08/05/2021,CONEJOS,0,3,0,0,3,0,693,80,23,4,773,27,3,0
08/06/2021,CONEJOS,0,1,0,0,1,0,694,80,23,4,774,27,1,0
08/09/2021,CONEJOS,0,1,0,0,1,0,695,80,23,4,775,27,1,0
08/11/2021,CONEJOS,0,2,0,0,2,0,697,80,23,4,777,27,2,0
08/13/2021,CONEJOS,0,3,0,0,3,0,700,80,23,4,780,27,3,0
08/15/2021,CONEJOS,1,0,0,0,1,0,700,81,23,4,781,27,1,0
08/17/2021,CONEJOS,1,1,0,0,2,0,701,82,23,4,783,27,2,0
08/18/2021,CONEJOS,0,1,0,0,1,0,702,82,23,4,784,27,1,0
08/19/2021,CONEJOS,0,1,0,0,1,0,703,82,23,4,785,27,1,0
08/21/2021,CONEJOS,0,1,0,0,1,0,704,82,23,4,786,27,1,0
08/23/2021,CONEJOS,0,1,0,0,1,0,705,82,23,4,787,27,1,0
08/24/2021,CONEJOS,0,5,0,0,5,0,710,82,23,4,792,27,5,0
08/25/2021,CONEJOS,0,1,0,0,1,0,711,82,23,4,793,27,1,0
08/26/2021,CONEJOS,3,1,0,0,4,0,712,85,23,4,797,27,4,0
08/27/2021,CONEJOS,0,1,0,0,1,0,713,85,23,4,798,27,1,0
08/28/2021,CONEJOS,0,1,0,0,1,0,714,85,23,4,799,27,1,0
08/29/2021,CONEJOS,0,2,0,0,2,0,716,85,23,4,801,27,2,0
08/30/2021,CONEJOS,0,1,0,0,1,0,717,85,23,4,802,27,1,0
08/31/2021,CONEJOS,2,0,0,0,2,0,717,87,23,4,804,27,2,0
09/01/2021,CONEJOS,4,3,0,0,7,0,720,91,23,4,811,27,7,0
09/02/2021,CONEJOS,0,1,0,0,1,0,721,91,23,4,812,27,1,0
09/03/2021,CONEJOS,0,1,0,0,1,0,722,91,23,4,813,27,1,0
09/04/2021,CONEJOS,0,1,0,0,1,0,723,91,23,4,814,27,1,0
09/05/2021,CONEJOS,0,2,0,0,2,0,725,91,23,4,816,27,2,0
09/06/2021,CONEJOS,0,1,0,1,1,1,726,91,24,4,817,28,1,1
09/07/2021,CONEJOS,1,2,0,2,3,2,728,92,26,4,820,30,3,2
09/10/2021,CONEJOS,0,2,0,1,2,1,730,92,27,4,822,31,2,1
09/11/2021,CONEJOS,0,3,0,0,3,0,733,92,27,4,825,31,3,0
09/12/2021,CONEJOS,0,1,0,0,1,0,734,92,27,4,826,31,1,0
09/14/2021,CONEJOS,1,0,0,0,1,0,734,93,27,4,827,31,1,0
09/15/2021,CONEJOS,0,1,0,0,1,0,735,93,27,4,828,31,1,0
09/16/2021,CONEJOS,1,4,0,0,5,0,739,94,27,4,833,31,5,0
09/17/2021,CONEJOS,4,1,0,0,5,0,740,98,27,4,838,31,5,0
09/18/2021,CONEJOS,0,1,0,0,1,0,741,98,27,4,839,31,1,0
09/19/2021,CONEJOS,0,2,0,0,2,0,743,98,27,4,841,31,2,0
09/20/2021,CONEJOS,3,1,0,0,4,0,744,101,27,4,845,31,4,0
09/21/2021,CONEJOS,3,1,0,0,4,0,745,104,27,4,849,31,4,0
09/22/2021,CONEJOS,4,5,0,0,9,0,750,108,27,4,858,31,9,0
09/23/2021,CONEJOS,1,1,0,1,2,1,751,109,28,4,860,32,2,1
09/24/2021,CONEJOS,0,7,0,0,7,0,758,109,28,4,867,32,7,0
09/25/2021,CONEJOS,0,4,0,0,4,0,762,109,28,4,871,32,4,0
09/26/2021,CONEJOS,0,1,0,0,1,0,763,109,28,4,872,32,1,0
09/27/2021,CONEJOS,12,1,0,0,13,0,764,121,28,4,885,32,13,0
09/28/2021,CONEJOS,12,7,0,0,19,0,771,133,28,4,904,32,19,0
09/30/2021,CONEJOS,2,2,0,0,4,0,773,135,28,4,908,32,4,0
10/01/2021,CONEJOS,0,5,0,0,5,0,778,135,28,4,913,32,5,0
10/02/2021,CONEJOS,1,2,0,0,3,0,780,136,28,4,916,32,3,0
10/03/2021,CONEJOS,0,1,0,0,1,0,781,136,28,4,917,32,1,0
10/04/2021,CONEJOS,4,0,0,0,4,0,781,140,28,4,921,32,4,0
10/05/2021,CONEJOS,6,5,0,1,11,1,786,146,29,4,932,33,11,1
10/06/2021,CONEJOS,1,6,0,0,7,0,792,147,29,4,939,33,7,0
10/07/2021,CONEJOS,2,6,0,0,8,0,798,149,29,4,947,33,8,0
10/08/2021,CONEJOS,0,5,0,0,5,0,803,149,29,4,952,33,5,0
10/09/2021,CONEJOS,0,1,0,0,1,0,804,149,29,4,953,33,1,0
10/10/2021,CONEJOS,0,1,0,0,1,0,805,149,29,4,954,33,1,0
10/11/2021,CONEJOS,9,2,0,0,11,0,807,158,29,4,965,33,11,0
10/12/2021,CONEJOS,1,2,0,1,3,1,809,159,30,4,968,34,3,1
10/13/2021,CONEJOS,1,4,0,1,5,1,813,160,31,4,973,35,5,1
10/14/2021,CONEJOS,1,3,0,1,4,1,816,161,32,4,977,36,4,1
10/15/2021,CONEJOS,0,2,0,0,2,0,818,161,32,4,979,36,2,0
10/18/2021,CONEJOS,3,1,0,0,4,0,819,164,32,4,983,36,4,0
10/19/2021,CONEJOS,0,1,0,0,1,0,820,164,32,4,984,36,1,0
10/20/2021,CONEJOS,0,2,0,1,2,1,822,164,33,4,986,37,2,1
10/21/2021,CONEJOS,1,1,0,0,2,0,823,165,33,4,988,37,2,0
10/22/2021,CONEJOS,0,4,0,0,4,0,827,165,33,4,992,37,4,0
10/23/2021,CONEJOS,0,3,0,0,3,0,830,165,33,4,995,37,3,0
10/24/2021,CONEJOS,0,1,0,0,1,0,831,165,33,4,996,37,1,0
10/25/2021,CONEJOS,4,3,0,0,7,0,834,169,33,4,1003,37,7,0
10/26/2021,CONEJOS,1,7,0,1,8,1,841,170,34,4,1011,38,8,1
10/27/2021,CONEJOS,0,6,0,0,6,0,847,170,34,4,1017,38,6,0
10/28/2021,CONEJOS,1,0,0,0,1,0,847,171,34,4,1018,38,1,0
10/29/2021,CONEJOS,2,8,0,0,10,0,855,173,34,4,1028,38,10,0
10/30/2021,CONEJOS,1,1,1,0,2,1,856,174,34,5,1030,39,2,1
10/31/2021,CONEJOS,0,2,0,0,2,0,858,174,34,5,1032,39,2,0
11/01/2021,CONEJOS,0,2,0,1,2,1,860,174,35,5,1034,40,2,1
11/02/2021,CONEJOS,1,3,0,0,4,0,863,175,35,5,1038,40,4,0
11/03/2021,CONEJOS,2,7,0,1,9,1,870,177,36,5,1047,41,9,1
11/04/2021,CONEJOS,1,4,0,0,5,0,874,178,36,5,1052,41,5,0
11/05/2021,CONEJOS,0,5,0,0,5,0,879,178,36,5,1057,41,5,0
11/06/2021,CONEJOS,0,4,0,0,4,0,883,178,36,5,1061,41,4,0
11/08/2021,CONEJOS,0,4,0,0,4,0,887,178,36,5,1065,41,4,0
11/09/2021,CONEJOS,3,8,0,0,11,0,895,181,36,5,1076,41,11,0
11/10/2021,CONEJOS,1,6,0,0,7,0,901,182,36,5,1083,41,7,0
11/12/2021,CONEJOS,1,4,0,0,5,0,905,183,36,5,1088,41,5,0
11/14/2021,CONEJOS,0,2,0,1,2,1,907,183,37,5,1090,42,2,1
11/15/2021,CONEJOS,0,3,0,0,3,0,910,183,37,5,1093,42,3,0
11/16/2021,CONEJOS,0,6,0,0,6,0,916,183,37,5,1099,42,6,0
11/17/2021,CONEJOS,0,3,0,0,3,0,919,183,37,5,1102,42,3,0
11/18/2021,CONEJOS,3,1,0,0,4,0,920,186,37,5,1106,42,4,0
11/19/2021,CONEJOS,0,8,0,1,8,1,928,186,38,5,1114,43,8,1
11/20/2021,CONEJOS,0,2,0,0,2,0,930,186,38,5,1116,43,2,0
11/21/2021,CONEJOS,0,5,0,0,5,0,935,186,38,5,1121,43,5,0
11/22/2021,CONEJOS,2,4,0,0,6,0,939,188,38,5,1127,43,6,0
11/23/2021,CONEJOS,0,4,0,0,4,0,943,188,38,5,1131,43,4,0
11/24/2021,CONEJOS,1,2,0,0,3,0,945,189,38,5,1134,43,3,0
11/26/2021,CONEJOS,0,4,0,0,4,0,949,189,38,5,1138,43,4,0
11/27/2021,CONEJOS,0,1,0,0,1,0,950,189,38,5,1139,43,1,0
11/29/2021,CONEJOS,1,1,0,0,2,0,951,190,38,5,1141,43,2,0
11/30/2021,CONEJOS,1,3,0,0,4,0,954,191,38,5,1145,43,4,0
12/01/2021,CONEJOS,2,3,0,0,5,0,957,193,38,5,1150,43,5,0
12/02/2021,CONEJOS,2,1,0,0,3,0,958,195,38,5,1153,43,3,0
12/03/2021,CONEJOS,0,3,0,0,3,0,961,195,38,5,1156,43,3,0
12/04/2021,CONEJOS,0,1,0,0,1,0,962,195,38,5,1157,43,1,0
12/05/2021,CONEJOS,0,3,0,0,3,0,965,195,38,5,1160,43,3,0
12/06/2021,CONEJOS,1,2,0,0,3,0,967,196,38,5,1163,43,3,0
12/07/2021,CONEJOS,1,1,0,0,2,0,968,197,38,5,1165,43,2,0
12/08/2021,CONEJOS,1,3,0,0,4,0,971,198,38,5,1169,43,4,0
12/09/2021,CONEJOS,0,3,0,1,3,1,974,198,39,5,1172,44,3,1
12/10/2021,CONEJOS,0,4,0,1,4,1,978,198,40,5,1176,45,4,1
12/11/2021,CONEJOS,0,3,0,0,3,0,981,198,40,5,1179,45,3,0
12/13/2021,CONEJOS,0,1,0,0,1,0,982,198,40,5,1180,45,1,0
12/18/2021,CONEJOS,0,2,0,0,2,0,984,198,40,5,1182,45,2,0
12/19/2021,CONEJOS,0,1,0,0,1,0,985,198,40,5,1183,45,1,0
12/21/2021,CONEJOS,0,2,0,1,2,1,987,198,41,5,1185,46,2,1
12/22/2021,CONEJOS,0,1,0,0,1,0,988,198,41,5,1186,46,1,0
12/23/2021,CONEJOS,1,2,0,0,3,0,990,199,41,5,1189,46,3,0
12/24/2021,CONEJOS,0,1,0,0,1,0,991,199,41,5,1190,46,1,0
12/26/2021,CONEJOS,0,3,0,1,3,1,994,199,42,5,1193,47,3,1
12/27/2021,CONEJOS,0,1,0,0,1,0,995,199,42,5,1194,47,1,0
12/28/2021,CONEJOS,1,3,0,0,4,0,998,200,42,5,1198,47,4,0
12/29/2021,CONEJOS,4,1,0,0,5,0,999,204,42,5,1203,47,5,0
12/30/2021,CONEJOS,0,3,0,0,3,0,1002,204,42,5,1206,47,3,0
12/31/2021,CONEJOS,0,1,0,0,1,0,1003,204,42,5,1207,47,1,0
01/03/2022,CONEJOS,6,6,0,0,12,0,1009,210,42,5,1219,47,12,0
01/04/2022,CONEJOS,0,10,0,0,10,0,1019,210,42,5,1229,47,10,0
01/05/2022,CONEJOS,1,2,0,0,3,0,1021,211,42,5,1232,47,3,0
01/06/2022,CONEJOS,1,7,1,0,8,1,1028,212,42,6,1240,48,8,1
01/07/2022,CONEJOS,1,17,0,0,18,0,1045,213,42,6,1258,48,18,0
01/08/2022,CONEJOS,0,7,0,1,7,1,1052,213,43,6,1265,49,7,1
01/09/2022,CONEJOS,0,2,0,0,2,0,1054,213,43,6,1267,49,2,0
01/10/2022,CONEJOS,4,7,0,0,11,0,1061,217,43,6,1278,49,11,0
01/11/2022,CONEJOS,1,8,0,0,9,0,1069,218,43,6,1287,49,9,0
01/12/2022,CONEJOS,4,15,0,0,19,0,1084,222,43,6,1306,49,19,0
01/13/2022,CONEJOS,1,5,0,0,6,0,1089,223,43,6,1312,49,6,0
01/14/2022,CONEJOS,1,8,0,0,9,0,1097,224,43,6,1321,49,9,0
01/15/2022,CONEJOS,2,8,0,0,10,0,1105,226,43,6,1331,49,10,0
01/16/2022,CONEJOS,0,6,0,0,6,0,1111,226,43,6,1337,49,6,0
01/17/2022,CONEJOS,6,10,0,0,16,0,1121,232,43,6,1353,49,16,0
01/18/2022,CONEJOS,12,18,0,0,30,0,1139,244,43,6,1383,49,30,0
01/19/2022,CONEJOS,1,20,0,0,21,0,1159,245,43,6,1404,49,21,0
01/20/2022,CONEJOS,5,16,0,1,21,1,1175,250,44,6,1425,50,21,1
01/21/2022,CONEJOS,2,28,0,0,30,0,1203,252,44,6,1455,50,30,0
01/22/2022,CONEJOS,1,25,0,0,26,0,1228,253,44,6,1481,50,26,0
01/23/2022,CONEJOS,0,13,0,0,13,0,1241,253,44,6,1494,50,13,0
01/24/2022,CONEJOS,10,6,0,0,16,0,1247,263,44,6,1510,50,16,0
01/25/2022,CONEJOS,5,9,0,0,14,0,1256,268,44,6,1524,50,14,0
01/26/2022,CONEJOS,7,11,0,0,18,0,1267,275,44,6,1542,50,18,0
01/27/2022,CONEJOS,2,11,0,0,13,0,1278,277,44,6,1555,50,13,0
01/28/2022,CONEJOS,6,20,0,0,26,0,1298,283,44,6,1581,50,26,0
01/29/2022,CONEJOS,0,6,0,0,6,0,1304,283,44,6,1587,50,6,0
01/30/2022,CONEJOS,0,12,0,0,12,0,1316,283,44,6,1599,50,12,0
01/31/2022,CONEJOS,11,4,0,0,15,0,1320,294,44,6,1614,50,15,0
02/01/2022,CONEJOS,1,12,0,0,13,0,1332,295,44,6,1627,50,13,0
02/02/2022,CONEJOS,0,5,0,0,5,0,1337,295,44,6,1632,50,5,0
02/03/2022,CONEJOS,2,1,0,0,3,0,1338,297,44,6,1635,50,3,0
02/04/2022,CONEJOS,0,2,0,0,2,0,1340,297,44,6,1637,50,2,0
02/05/2022,CONEJOS,0,3,0,0,3,0,1343,297,44,6,1640,50,3,0
02/06/2022,CONEJOS,0,2,0,0,2,0,1345,297,44,6,1642,50,2,0
02/07/2022,CONEJOS,1,6,0,0,7,0,1351,298,44,6,1649,50,7,0
02/08/2022,CONEJOS,4,2,0,0,6,0,1353,302,44,6,1655,50,6,0
02/09/2022,CONEJOS,3,4,0,0,7,0,1357,305,44,6,1662,50,7,0
02/10/2022,CONEJOS,0,3,0,0,3,0,1360,305,44,6,1665,50,3,0
02/12/2022,CONEJOS,0,3,0,0,3,0,1363,305,44,6,1668,50,3,0
02/13/2022,CONEJOS,1,1,0,0,2,0,1364,306,44,6,1670,50,2,0
02/14/2022,CONEJOS,1,4,0,0,5,0,1368,307,44,6,1675,50,5,0
02/15/2022,CONEJOS,0,2,0,0,2,0,1370,307,44,6,1677,50,2,0
02/16/2022,CONEJOS,0,2,0,0,2,0,1372,307,44,6,1679,50,2,0
02/17/2022,CONEJOS,1,3,0,0,4,0,1375,308,44,6,1683,50,4,0
02/18/2022,CONEJOS,0,3,0,0,3,0,1378,308,44,6,1686,50,3,0
02/19/2022,CONEJOS,0,1,0,0,1,0,1379,308,44,6,1687,50,1,0
02/21/2022,CONEJOS,1,3,0,1,4,1,1382,309,45,6,1691,51,4,1
02/22/2022,CONEJOS,4,4,1,0,8,1,1386,313,45,7,1699,52,8,1
02/23/2022,CONEJOS,0,4,0,0,4,0,1390,313,45,7,1703,52,4,0
02/24/2022,CONEJOS,0,1,0,0,1,0,1391,313,45,7,1704,52,1,0
02/25/2022,CONEJOS,0,2,0,0,2,0,1393,313,45,7,1706,52,2,0
02/26/2022,CONEJOS,0,4,0,0,4,0,1397,313,45,7,1710,52,4,0
02/28/2022,CONEJOS,0,1,0,0,1,0,1398,313,45,7,1711,52,1,0
03/01/2022,CONEJOS,0,2,0,0,2,0,1400,313,45,7,1713,52,2,0
03/02/2022,CONEJOS,0,1,0,0,1,0,1401,313,45,7,1714,52,1,0
03/03/2022,CONEJOS,0,2,0,0,2,0,1403,313,45,7,1716,52,2,0
03/08/2022,CONEJOS,0,1,0,0,1,0,1404,313,45,7,1717,52,1,0
03/26/2020,COSTILLA,0,1,0,0,1,0,1,0,0,0,1,0,-1716,-52
03/29/2020,COSTILLA,2,0,0,0,2,0,1,2,0,0,3,0,2,0
05/12/2020,COSTILLA,1,0,0,0,1,0,1,3,0,0,4,0,1,0
05/22/2020,COSTILLA,0,1,0,0,1,0,2,3,0,0,5,0,1,0
05/23/2020,COSTILLA,0,1,0,0,1,0,3,3,0,0,6,0,1,0
05/27/2020,COSTILLA,0,1,0,0,1,0,4,3,0,0,7,0,1,0
06/06/2020,COSTILLA,0,1,0,0,1,0,5,3,0,0,8,0,1,0
06/09/2020,COSTILLA,0,2,0,0,2,0,7,3,0,0,10,0,2,0
06/10/2020,COSTILLA,0,2,0,0,2,0,9,3,0,0,12,0,2,0
06/12/2020,COSTILLA,0,3,0,0,3,0,12,3,0,0,15,0,3,0
06/14/2020,COSTILLA,0,2,0,0,2,0,14,3,0,0,17,0,2,0
06/22/2020,COSTILLA,0,1,0,0,1,0,15,3,0,0,18,0,1,0
06/24/2020,COSTILLA,0,2,0,0,2,0,17,3,0,0,20,0,2,0
06/29/2020,COSTILLA,0,1,0,0,1,0,18,3,0,0,21,0,1,0
07/01/2020,COSTILLA,0,1,0,0,1,0,19,3,0,0,22,0,1,0
07/23/2020,COSTILLA,0,1,0,0,1,0,20,3,0,0,23,0,1,0
08/12/2020,COSTILLA,0,1,0,0,1,0,21,3,0,0,24,0,1,0
08/14/2020,COSTILLA,0,1,0,0,1,0,22,3,0,0,25,0,1,0
08/18/2020,COSTILLA,1,1,0,0,2,0,23,4,0,0,27,0,2,0
08/20/2020,COSTILLA,0,1,0,0,1,0,24,4,0,0,28,0,1,0
08/21/2020,COSTILLA,1,0,0,0,1,0,24,5,0,0,29,0,1,0
08/23/2020,COSTILLA,1,0,0,0,1,0,24,6,0,0,30,0,1,0
08/25/2020,COSTILLA,0,1,0,0,1,0,25,6,0,0,31,0,1,0
08/26/2020,COSTILLA,0,1,0,1,1,1,26,6,1,0,32,1,1,1
10/04/2020,COSTILLA,0,1,0,0,1,0,27,6,1,0,33,1,1,0
10/06/2020,COSTILLA,0,1,0,0,1,0,28,6,1,0,34,1,1,0
10/14/2020,COSTILLA,0,1,0,0,1,0,29,6,1,0,35,1,1,0
10/22/2020,COSTILLA,0,1,0,0,1,0,30,6,1,0,36,1,1,0
10/29/2020,COSTILLA,0,2,0,0,2,0,32,6,1,0,38,1,2,0
10/30/2020,COSTILLA,0,1,0,0,1,0,33,6,1,0,39,1,1,0
10/31/2020,COSTILLA,0,3,0,0,3,0,36,6,1,0,42,1,3,0
11/02/2020,COSTILLA,0,1,0,0,1,0,37,6,1,0,43,1,1,0
11/05/2020,COSTILLA,0,4,0,0,4,0,41,6,1,0,47,1,4,0
11/07/2020,COSTILLA,0,1,0,0,1,0,42,6,1,0,48,1,1,0
11/08/2020,COSTILLA,0,1,0,0,1,0,43,6,1,0,49,1,1,0
11/10/2020,COSTILLA,0,3,0,1,3,1,46,6,2,0,52,2,3,1
11/11/2020,COSTILLA,0,3,0,0,3,0,49,6,2,0,55,2,3,0
11/12/2020,COSTILLA,0,4,0,0,4,0,53,6,2,0,59,2,4,0
11/13/2020,COSTILLA,0,2,0,0,2,0,55,6,2,0,61,2,2,0
11/18/2020,COSTILLA,0,2,0,0,2,0,57,6,2,0,63,2,2,0
11/19/2020,COSTILLA,0,5,0,0,5,0,62,6,2,0,68,2,5,0
11/20/2020,COSTILLA,0,1,0,0,1,0,63,6,2,0,69,2,1,0
11/23/2020,COSTILLA,0,1,0,0,1,0,64,6,2,0,70,2,1,0
11/24/2020,COSTILLA,0,14,0,0,14,0,78,6,2,0,84,2,14,0
11/26/2020,COSTILLA,0,4,0,0,4,0,82,6,2,0,88,2,4,0
11/27/2020,COSTILLA,0,1,0,0,1,0,83,6,2,0,89,2,1,0
12/02/2020,COSTILLA,0,2,0,0,2,0,85,6,2,0,91,2,2,0
12/04/2020,COSTILLA,0,3,0,0,3,0,88,6,2,0,94,2,3,0
12/05/2020,COSTILLA,0,1,0,0,1,0,89,6,2,0,95,2,1,0
12/06/2020,COSTILLA,0,1,0,0,1,0,90,6,2,0,96,2,1,0
12/08/2020,COSTILLA,0,1,0,0,1,0,91,6,2,0,97,2,1,0
12/09/2020,COSTILLA,0,2,0,0,2,0,93,6,2,0,99,2,2,0
12/10/2020,COSTILLA,0,5,0,0,5,0,98,6,2,0,104,2,5,0
12/12/2020,COSTILLA,0,3,0,0,3,0,101,6,2,0,107,2,3,0
12/13/2020,COSTILLA,0,4,0,0,4,0,105,6,2,0,111,2,4,0
12/14/2020,COSTILLA,0,16,0,0,16,0,121,6,2,0,127,2,16,0
12/15/2020,COSTILLA,0,10,0,0,10,0,131,6,2,0,137,2,10,0
12/17/2020,COSTILLA,0,3,0,0,3,0,134,6,2,0,140,2,3,0
12/18/2020,COSTILLA,0,3,0,0,3,0,137,6,2,0,143,2,3,0
12/20/2020,COSTILLA,0,1,0,0,1,0,138,6,2,0,144,2,1,0
12/23/2020,COSTILLA,0,3,0,0,3,0,141,6,2,0,147,2,3,0
12/24/2020,COSTILLA,0,2,0,0,2,0,143,6,2,0,149,2,2,0
12/28/2020,COSTILLA,0,4,0,0,4,0,147,6,2,0,153,2,4,0
12/29/2020,COSTILLA,0,1,0,0,1,0,148,6,2,0,154,2,1,0
12/31/2020,COSTILLA,1,1,0,0,2,0,149,7,2,0,156,2,2,0
01/01/2021,COSTILLA,0,1,0,0,1,0,150,7,2,0,157,2,1,0
01/05/2021,COSTILLA,2,0,0,0,2,0,150,9,2,0,159,2,2,0
01/06/2021,COSTILLA,1,0,0,0,1,0,150,10,2,0,160,2,1,0
01/07/2021,COSTILLA,1,2,0,0,3,0,152,11,2,0,163,2,3,0
01/08/2021,COSTILLA,0,2,0,0,2,0,154,11,2,0,165,2,2,0
01/17/2021,COSTILLA,0,1,0,0,1,0,155,11,2,0,166,2,1,0
01/18/2021,COSTILLA,0,2,0,0,2,0,157,11,2,0,168,2,2,0
01/22/2021,COSTILLA,0,1,0,0,1,0,158,11,2,0,169,2,1,0
01/26/2021,COSTILLA,0,1,0,0,1,0,159,11,2,0,170,2,1,0
01/27/2021,COSTILLA,0,2,0,0,2,0,161,11,2,0,172,2,2,0
02/01/2021,COSTILLA,1,0,0,0,1,0,161,12,2,0,173,2,1,0
02/06/2021,COSTILLA,0,1,0,0,1,0,162,12,2,0,174,2,1,0
02/08/2021,COSTILLA,0,1,0,0,1,0,163,12,2,0,175,2,1,0
02/15/2021,COSTILLA,1,0,0,0,1,0,163,13,2,0,176,2,1,0
02/16/2021,COSTILLA,0,1,0,0,1,0,164,13,2,0,177,2,1,0
02/17/2021,COSTILLA,3,0,0,0,3,0,164,16,2,0,180,2,3,0
02/18/2021,COSTILLA,1,1,0,0,2,0,165,17,2,0,182,2,2,0
02/21/2021,COSTILLA,1,1,0,0,2,0,166,18,2,0,184,2,2,0
02/23/2021,COSTILLA,0,2,0,0,2,0,168,18,2,0,186,2,2,0
02/24/2021,COSTILLA,0,1,0,0,1,0,169,18,2,0,187,2,1,0
03/01/2021,COSTILLA,2,1,0,0,3,0,170,20,2,0,190,2,3,0
03/03/2021,COSTILLA,0,1,0,0,1,0,171,20,2,0,191,2,1,0
03/08/2021,COSTILLA,0,1,0,0,1,0,172,20,2,0,192,2,1,0
03/09/2021,COSTILLA,0,1,0,0,1,0,173,20,2,0,193,2,1,0
03/10/2021,COSTILLA,0,2,0,0,2,0,175,20,2,0,195,2,2,0
03/17/2021,COSTILLA,1,0,0,0,1,0,175,21,2,0,196,2,1,0
03/18/2021,COSTILLA,0,1,0,0,1,0,176,21,2,0,197,2,1,0
03/20/2021,COSTILLA,3,0,0,0,3,0,176,24,2,0,200,2,3,0
03/24/2021,COSTILLA,0,1,0,0,1,0,177,24,2,0,201,2,1,0
03/25/2021,COSTILLA,0,1,0,0,1,0,178,24,2,0,202,2,1,0
03/30/2021,COSTILLA,0,1,0,0,1,0,179,24,2,0,203,2,1,0
04/02/2021,COSTILLA,0,1,0,0,1,0,180,24,2,0,204,2,1,0
04/03/2021,COSTILLA,0,1,0,0,1,0,181,24,2,0,205,2,1,0
04/14/2021,COSTILLA,1,0,0,0,1,0,181,25,2,0,206,2,1,0
04/21/2021,COSTILLA,0,1,0,0,1,0,182,25,2,0,207,2,1,0
04/23/2021,COSTILLA,1,0,0,0,1,0,182,26,2,0,208,2,1,0
04/27/2021,COSTILLA,0,1,0,1,1,1,183,26,3,0,209,3,1,1
05/03/2021,COSTILLA,3,0,0,0,3,0,183,29,3,0,212,3,3,0
05/04/2021,COSTILLA,0,2,0,0,2,0,185,29,3,0,214,3,2,0
05/06/2021,COSTILLA,1,0,0,0,1,0,185,30,3,0,215,3,1,0
05/07/2021,COSTILLA,0,1,0,0,1,0,186,30,3,0,216,3,1,0
05/10/2021,COSTILLA,1,1,0,0,2,0,187,31,3,0,218,3,2,0
05/11/2021,COSTILLA,1,0,0,0,1,0,187,32,3,0,219,3,1,0
05/13/2021,COSTILLA,3,0,0,0,3,0,187,35,3,0,222,3,3,0
05/14/2021,COSTILLA,1,5,0,0,6,0,192,36,3,0,228,3,6,0
05/16/2021,COSTILLA,0,5,0,0,5,0,197,36,3,0,233,3,5,0
05/17/2021,COSTILLA,0,1,0,0,1,0,198,36,3,0,234,3,1,0
05/18/2021,COSTILLA,0,4,0,0,4,0,202,36,3,0,238,3,4,0
05/24/2021,COSTILLA,0,2,0,1,2,1,204,36,4,0,240,4,2,1
05/25/2021,COSTILLA,0,2,0,0,2,0,206,36,4,0,242,4,2,0
05/26/2021,COSTILLA,1,1,0,0,2,0,207,37,4,0,244,4,2,0
05/27/2021,COSTILLA,0,1,0,0,1,0,208,37,4,0,245,4,1,0
05/28/2021,COSTILLA,0,2,0,0,2,0,210,37,4,0,247,4,2,0
06/02/2021,COSTILLA,0,1,0,1,1,1,211,37,5,0,248,5,1,1
06/07/2021,COSTILLA,0,1,0,0,1,0,212,37,5,0,249,5,1,0
06/08/2021,COSTILLA,0,1,0,0,1,0,213,37,5,0,250,5,1,0
06/20/2021,COSTILLA,0,1,0,0,1,0,214,37,5,0,251,5,1,0
06/24/2021,COSTILLA,1,0,0,0,1,0,214,38,5,0,252,5,1,0
07/06/2021,COSTILLA,0,1,0,0,1,0,215,38,5,0,253,5,1,0
07/15/2021,COSTILLA,1,0,0,0,1,0,215,39,5,0,254,5,1,0
07/20/2021,COSTILLA,0,1,0,0,1,0,216,39,5,0,255,5,1,0
07/28/2021,COSTILLA,0,1,0,0,1,0,217,39,5,0,256,5,1,0
07/29/2021,COSTILLA,0,1,0,0,1,0,218,39,5,0,257,5,1,0
07/30/2021,COSTILLA,0,2,0,0,2,0,220,39,5,0,259,5,2,0
08/04/2021,COSTILLA,0,1,0,0,1,0,221,39,5,0,260,5,1,0
08/05/2021,COSTILLA,0,1,0,0,1,0,222,39,5,0,261,5,1,0
08/09/2021,COSTILLA,1,0,0,0,1,0,222,40,5,0,262,5,1,0
08/10/2021,COSTILLA,1,0,0,0,1,0,222,41,5,0,263,5,1,0
08/13/2021,COSTILLA,0,1,0,0,1,0,223,41,5,0,264,5,1,0
08/16/2021,COSTILLA,0,1,0,1,1,1,224,41,6,0,265,6,1,1
08/18/2021,COSTILLA,1,0,0,0,1,0,224,42,6,0,266,6,1,0
08/24/2021,COSTILLA,1,0,0,0,1,0,224,43,6,0,267,6,1,0
08/28/2021,COSTILLA,0,1,0,0,1,0,225,43,6,0,268,6,1,0
08/29/2021,COSTILLA,0,1,0,0,1,0,226,43,6,0,269,6,1,0
08/30/2021,COSTILLA,2,2,0,0,4,0,228,45,6,0,273,6,4,0
08/31/2021,COSTILLA,1,1,0,0,2,0,229,46,6,0,275,6,2,0
09/01/2021,COSTILLA,2,3,0,0,5,0,232,48,6,0,280,6,5,0
09/02/2021,COSTILLA,0,2,0,0,2,0,234,48,6,0,282,6,2,0
09/03/2021,COSTILLA,0,3,0,0,3,0,237,48,6,0,285,6,3,0
09/04/2021,COSTILLA,0,5,0,0,5,0,242,48,6,0,290,6,5,0
09/06/2021,COSTILLA,0,3,0,0,3,0,245,48,6,0,293,6,3,0
09/07/2021,COSTILLA,4,0,0,0,4,0,245,52,6,0,297,6,4,0
09/08/2021,COSTILLA,2,0,0,0,2,0,245,54,6,0,299,6,2,0
09/09/2021,COSTILLA,0,1,0,0,1,0,246,54,6,0,300,6,1,0
09/10/2021,COSTILLA,0,2,0,0,2,0,248,54,6,0,302,6,2,0
09/11/2021,COSTILLA,0,2,0,0,2,0,250,54,6,0,304,6,2,0
09/12/2021,COSTILLA,0,1,0,0,1,0,251,54,6,0,305,6,1,0
09/13/2021,COSTILLA,2,0,0,0,2,0,251,56,6,0,307,6,2,0
09/14/2021,COSTILLA,2,0,0,0,2,0,251,58,6,0,309,6,2,0
09/15/2021,COSTILLA,5,2,0,1,7,1,253,63,7,0,316,7,7,1
09/16/2021,COSTILLA,5,0,0,0,5,0,253,68,7,0,321,7,5,0
09/17/2021,COSTILLA,0,1,0,0,1,0,254,68,7,0,322,7,1,0
09/18/2021,COSTILLA,0,1,0,0,1,0,255,68,7,0,323,7,1,0
09/20/2021,COSTILLA,4,2,0,0,6,0,257,72,7,0,329,7,6,0
09/21/2021,COSTILLA,2,3,0,1,5,1,260,74,8,0,334,8,5,1
09/22/2021,COSTILLA,1,0,0,0,1,0,260,75,8,0,335,8,1,0
09/23/2021,COSTILLA,0,2,0,0,2,0,262,75,8,0,337,8,2,0
09/24/2021,COSTILLA,0,3,0,1,3,1,265,75,9,0,340,9,3,1
09/25/2021,COSTILLA,0,1,0,0,1,0,266,75,9,0,341,9,1,0
09/27/2021,COSTILLA,3,1,0,0,4,0,267,78,9,0,345,9,4,0
09/28/2021,COSTILLA,2,0,0,0,2,0,267,80,9,0,347,9,2,0
09/29/2021,COSTILLA,0,2,0,0,2,0,269,80,9,0,349,9,2,0
09/30/2021,COSTILLA,1,2,0,0,3,0,271,81,9,0,352,9,3,0
10/03/2021,COSTILLA,0,1,0,1,1,1,272,81,10,0,353,10,1,1
10/04/2021,COSTILLA,2,0,0,0,2,0,272,83,10,0,355,10,2,0
10/06/2021,COSTILLA,3,1,0,0,4,0,273,86,10,0,359,10,4,0
10/07/2021,COSTILLA,1,1,0,0,2,0,274,87,10,0,361,10,2,0
10/08/2021,COSTILLA,0,2,0,0,2,0,276,87,10,0,363,10,2,0
10/12/2021,COSTILLA,0,2,0,0,2,0,278,87,10,0,365,10,2,0
10/13/2021,COSTILLA,0,3,0,0,3,0,281,87,10,0,368,10,3,0
10/14/2021,COSTILLA,0,2,0,0,2,0,283,87,10,0,370,10,2,0
10/15/2021,COSTILLA,0,2,0,0,2,0,285,87,10,0,372,10,2,0
10/16/2021,COSTILLA,0,1,0,0,1,0,286,87,10,0,373,10,1,0
10/18/2021,COSTILLA,2,2,0,0,4,0,288,89,10,0,377,10,4,0
10/19/2021,COSTILLA,2,0,0,0,2,0,288,91,10,0,379,10,2,0
10/20/2021,COSTILLA,0,5,0,0,5,0,293,91,10,0,384,10,5,0
10/21/2021,COSTILLA,0,1,0,1,1,1,294,91,11,0,385,11,1,1
10/23/2021,COSTILLA,0,1,0,0,1,0,295,91,11,0,386,11,1,0
10/24/2021,COSTILLA,0,1,0,1,1,1,296,91,12,0,387,12,1,1
10/25/2021,COSTILLA,1,0,0,0,1,0,296,92,12,0,388,12,1,0
10/27/2021,COSTILLA,0,3,0,1,3,1,299,92,13,0,391,13,3,1
10/28/2021,COSTILLA,1,0,0,0,1,0,299,93,13,0,392,13,1,0
10/29/2021,COSTILLA,1,1,0,0,2,0,300,94,13,0,394,13,2,0
11/04/2021,COSTILLA,3,5,0,0,8,0,305,97,13,0,402,13,8,0
11/05/2021,COSTILLA,0,1,0,0,1,0,306,97,13,0,403,13,1,0
11/06/2021,COSTILLA,0,1,0,0,1,0,307,97,13,0,404,13,1,0
11/07/2021,COSTILLA,0,1,0,0,1,0,308,97,13,0,405,13,1,0
11/08/2021,COSTILLA,0,1,0,0,1,0,309,97,13,0,406,13,1,0
11/09/2021,COSTILLA,0,1,0,0,1,0,310,97,13,0,407,13,1,0
11/10/2021,COSTILLA,0,2,0,0,2,0,312,97,13,0,409,13,2,0
11/12/2021,COSTILLA,0,3,0,0,3,0,315,97,13,0,412,13,3,0
11/13/2021,COSTILLA,0,1,0,0,1,0,316,97,13,0,413,13,1,0
11/15/2021,COSTILLA,2,2,0,0,4,0,318,99,13,0,417,13,4,0
11/17/2021,COSTILLA,0,3,0,0,3,0,321,99,13,0,420,13,3,0
11/19/2021,COSTILLA,0,1,0,0,1,0,322,99,13,0,421,13,1,0
11/20/2021,COSTILLA,0,1,0,0,1,0,323,99,13,0,422,13,1,0
11/22/2021,COSTILLA,1,1,0,0,2,0,324,100,13,0,424,13,2,0
11/27/2021,COSTILLA,0,1,0,0,1,0,325,100,13,0,425,13,1,0
11/29/2021,COSTILLA,0,1,0,0,1,0,326,100,13,0,426,13,1,0
11/30/2021,COSTILLA,1,1,0,0,2,0,327,101,13,0,428,13,2,0
12/01/2021,COSTILLA,2,3,0,0,5,0,330,103,13,0,433,13,5,0
12/02/2021,COSTILLA,2,0,0,0,2,0,330,105,13,0,435,13,2,0
12/06/2021,COSTILLA,0,1,0,0,1,0,331,105,13,0,436,13,1,0
12/08/2021,COSTILLA,0,1,0,0,1,0,332,105,13,0,437,13,1,0
12/13/2021,COSTILLA,0,1,0,0,1,0,333,105,13,0,438,13,1,0
12/29/2021,COSTILLA,0,2,0,0,2,0,335,105,13,0,440,13,2,0
12/30/2021,COSTILLA,1,0,0,0,1,0,335,106,13,0,441,13,1,0
01/03/2022,COSTILLA,11,3,0,1,14,1,338,117,14,0,455,14,14,1
01/04/2022,COSTILLA,1,0,0,0,1,0,338,118,14,0,456,14,1,0
01/05/2022,COSTILLA,2,2,0,0,4,0,340,120,14,0,460,14,4,0
01/06/2022,COSTILLA,5,7,0,0,12,0,347,125,14,0,472,14,12,0
01/07/2022,COSTILLA,1,2,0,0,3,0,349,126,14,0,475,14,3,0
01/08/2022,COSTILLA,0,2,0,0,2,0,351,126,14,0,477,14,2,0
01/09/2022,COSTILLA,0,6,0,0,6,0,357,126,14,0,483,14,6,0
01/10/2022,COSTILLA,7,1,0,0,8,0,358,133,14,0,491,14,8,0
01/11/2022,COSTILLA,7,9,0,0,16,0,367,140,14,0,507,14,16,0
01/12/2022,COSTILLA,8,3,0,0,11,0,370,148,14,0,518,14,11,0
01/13/2022,COSTILLA,3,2,0,0,5,0,372,151,14,0,523,14,5,0
01/14/2022,COSTILLA,2,7,0,0,9,0,379,153,14,0,532,14,9,0
01/15/2022,COSTILLA,0,7,0,0,7,0,386,153,14,0,539,14,7,0
01/16/2022,COSTILLA,0,4,0,0,4,0,390,153,14,0,543,14,4,0
01/17/2022,COSTILLA,0,3,0,0,3,0,393,153,14,0,546,14,3,0
01/18/2022,COSTILLA,8,9,0,0,17,0,402,161,14,0,563,14,17,0
01/19/2022,COSTILLA,11,4,0,0,15,0,406,172,14,0,578,14,15,0
01/20/2022,COSTILLA,3,2,0,0,5,0,408,175,14,0,583,14,5,0
01/21/2022,COSTILLA,0,6,0,0,6,0,414,175,14,0,589,14,6,0
01/22/2022,COSTILLA,0,5,0,0,5,0,419,175,14,0,594,14,5,0
01/23/2022,COSTILLA,0,2,0,0,2,0,421,175,14,0,596,14,2,0
01/24/2022,COSTILLA,0,2,0,0,2,0,423,175,14,0,598,14,2,0
01/25/2022,COSTILLA,2,3,0,0,5,0,426,177,14,0,603,14,5,0
01/26/2022,COSTILLA,1,2,0,0,3,0,428,178,14,0,606,14,3,0
01/28/2022,COSTILLA,0,4,0,1,4,1,432,178,15,0,610,15,4,1
01/29/2022,COSTILLA,0,1,0,0,1,0,433,178,15,0,611,15,1,0
01/30/2022,COSTILLA,0,1,0,0,1,0,434,178,15,0,612,15,1,0
01/31/2022,COSTILLA,4,0,0,0,4,0,434,182,15,0,616,15,4,0
02/01/2022,COSTILLA,4,5,0,0,9,0,439,186,15,0,625,15,9,0
02/02/2022,COSTILLA,0,7,0,0,7,0,446,186,15,0,632,15,7,0
02/03/2022,COSTILLA,2,2,0,0,4,0,448,188,15,0,636,15,4,0
02/04/2022,COSTILLA,1,1,0,0,2,0,449,189,15,0,638,15,2,0
02/05/2022,COSTILLA,0,2,0,0,2,0,451,189,15,0,640,15,2,0
02/07/2022,COSTILLA,3,2,0,0,5,0,453,192,15,0,645,15,5,0
02/08/2022,COSTILLA,1,1,0,0,2,0,454,193,15,0,647,15,2,0
02/09/2022,COSTILLA,1,4,0,0,5,0,458,194,15,0,652,15,5,0
02/10/2022,COSTILLA,1,3,0,0,4,0,461,195,15,0,656,15,4,0
02/14/2022,COSTILLA,2,0,0,0,2,0,461,197,15,0,658,15,2,0
02/15/2022,COSTILLA,0,1,0,0,1,0,462,197,15,0,659,15,1,0
02/16/2022,COSTILLA,2,1,0,0,3,0,463,199,15,0,662,15,3,0
02/18/2022,COSTILLA,0,1,0,0,1,0,464,199,15,0,663,15,1,0
02/23/2022,COSTILLA,1,0,0,0,1,0,464,200,15,0,664,15,1,0
02/24/2022,COSTILLA,2,0,0,0,2,0,464,202,15,0,666,15,2,0
02/26/2022,COSTILLA,0,1,0,0,1,0,465,202,15,0,667,15,1,0
02/28/2022,COSTILLA,2,0,0,0,2,0,465,204,15,0,669,15,2,0
03/07/2022,COSTILLA,1,0,0,0,1,0,465,205,15,0,670,15,1,0
03/19/2020,CROWLEY,0,1,0,1,1,1,1,0,1,0,1,1,-669,-14
04/10/2020,CROWLEY,0,1,0,0,1,0,2,0,1,0,2,1,1,0
04/30/2020,CROWLEY,0,1,0,0,1,0,3,0,1,0,3,1,1,0
05/02/2020,CROWLEY,0,1,0,0,1,0,4,0,1,0,4,1,1,0
05/07/2020,CROWLEY,0,21,0,0,21,0,25,0,1,0,25,1,21,0
05/08/2020,CROWLEY,0,14,0,0,14,0,39,0,1,0,39,1,14,0
05/19/2020,CROWLEY,0,3,0,0,3,0,42,0,1,0,42,1,3,0
05/20/2020,CROWLEY,0,1,0,0,1,0,43,0,1,0,43,1,1,0
05/21/2020,CROWLEY,0,1,0,0,1,0,44,0,1,0,44,1,1,0
05/22/2020,CROWLEY,0,13,0,0,13,0,57,0,1,0,57,1,13,0
05/23/2020,CROWLEY,0,5,0,0,5,0,62,0,1,0,62,1,5,0
05/24/2020,CROWLEY,0,1,0,0,1,0,63,0,1,0,63,1,1,0
05/29/2020,CROWLEY,0,1,0,0,1,0,64,0,1,0,64,1,1,0
06/04/2020,CROWLEY,0,2,0,0,2,0,66,0,1,0,66,1,2,0
06/13/2020,CROWLEY,0,1,0,0,1,0,67,0,1,0,67,1,1,0
06/14/2020,CROWLEY,0,1,0,0,1,0,68,0,1,0,68,1,1,0
06/21/2020,CROWLEY,0,1,0,0,1,0,69,0,1,0,69,1,1,0
06/25/2020,CROWLEY,0,1,0,0,1,0,70,0,1,0,70,1,1,0
07/21/2020,CROWLEY,0,1,0,0,1,0,71,0,1,0,71,1,1,0
08/11/2020,CROWLEY,1,0,0,0,1,0,71,1,1,0,72,1,1,0
09/25/2020,CROWLEY,0,1,0,0,1,0,72,1,1,0,73,1,1,0
10/10/2020,CROWLEY,0,2,0,0,2,0,74,1,1,0,75,1,2,0
10/11/2020,CROWLEY,0,1,0,0,1,0,75,1,1,0,76,1,1,0
10/14/2020,CROWLEY,0,1,0,0,1,0,76,1,1,0,77,1,1,0
10/15/2020,CROWLEY,0,2,0,0,2,0,78,1,1,0,79,1,2,0
10/18/2020,CROWLEY,0,1,0,0,1,0,79,1,1,0,80,1,1,0
10/20/2020,CROWLEY,0,2,0,0,2,0,81,1,1,0,82,1,2,0
10/22/2020,CROWLEY,0,3,0,0,3,0,84,1,1,0,85,1,3,0
10/23/2020,CROWLEY,0,4,0,0,4,0,88,1,1,0,89,1,4,0
10/24/2020,CROWLEY,0,1,0,0,1,0,89,1,1,0,90,1,1,0
10/27/2020,CROWLEY,1,0,0,0,1,0,89,2,1,0,91,1,1,0
10/28/2020,CROWLEY,0,2,0,0,2,0,91,2,1,0,93,1,2,0
10/29/2020,CROWLEY,0,1,0,0,1,0,92,2,1,0,94,1,1,0
10/31/2020,CROWLEY,0,3,0,0,3,0,95,2,1,0,97,1,3,0
11/01/2020,CROWLEY,0,19,0,0,19,0,114,2,1,0,116,1,19,0
11/02/2020,CROWLEY,0,50,0,0,50,0,164,2,1,0,166,1,50,0
11/03/2020,CROWLEY,0,31,0,0,31,0,195,2,1,0,197,1,31,0
11/04/2020,CROWLEY,0,3,0,0,3,0,198,2,1,0,200,1,3,0
11/05/2020,CROWLEY,0,2,0,0,2,0,200,2,1,0,202,1,2,0
11/07/2020,CROWLEY,0,1,0,0,1,0,201,2,1,0,203,1,1,0
11/08/2020,CROWLEY,0,10,0,0,10,0,211,2,1,0,213,1,10,0
11/09/2020,CROWLEY,0,19,0,0,19,0,230,2,1,0,232,1,19,0
11/10/2020,CROWLEY,0,19,0,1,19,1,249,2,2,0,251,2,19,1
11/11/2020,CROWLEY,0,137,0,1,137,1,386,2,3,0,388,3,137,1
11/12/2020,CROWLEY,0,182,0,0,182,0,568,2,3,0,570,3,182,0
11/13/2020,CROWLEY,0,73,0,0,73,0,641,2,3,0,643,3,73,0
11/14/2020,CROWLEY,0,34,0,1,34,1,675,2,4,0,677,4,34,1
11/15/2020,CROWLEY,0,31,0,0,31,0,706,2,4,0,708,4,31,0
11/16/2020,CROWLEY,0,2,0,0,2,0,708,2,4,0,710,4,2,0
11/17/2020,CROWLEY,0,7,0,0,7,0,715,2,4,0,717,4,7,0
11/18/2020,CROWLEY,0,118,0,0,118,0,833,2,4,0,835,4,118,0
11/19/2020,CROWLEY,0,147,0,1,147,1,980,2,5,0,982,5,147,1
11/20/2020,CROWLEY,0,17,0,0,17,0,997,2,5,0,999,5,17,0
11/21/2020,CROWLEY,0,16,0,0,16,0,1013,2,5,0,1015,5,16,0
11/22/2020,CROWLEY,0,1,0,0,1,0,1014,2,5,0,1016,5,1,0
11/23/2020,CROWLEY,2,1,0,0,3,0,1015,4,5,0,1019,5,3,0
11/24/2020,CROWLEY,0,2,0,0,2,0,1017,4,5,0,1021,5,2,0
11/25/2020,CROWLEY,1,73,1,0,74,1,1090,5,5,1,1095,6,74,1
11/26/2020,CROWLEY,0,62,0,0,62,0,1152,5,5,1,1157,6,62,0
11/27/2020,CROWLEY,0,85,0,4,85,4,1237,5,9,1,1242,10,85,4
11/28/2020,CROWLEY,0,16,0,1,16,1,1253,5,10,1,1258,11,16,1
11/29/2020,CROWLEY,0,3,0,0,3,0,1256,5,10,1,1261,11,3,0
11/30/2020,CROWLEY,0,1,0,1,1,1,1257,5,11,1,1262,12,1,1
12/01/2020,CROWLEY,0,1,0,0,1,0,1258,5,11,1,1263,12,1,0
12/02/2020,CROWLEY,0,98,0,1,98,1,1356,5,12,1,1361,13,98,1
12/03/2020,CROWLEY,0,17,0,0,17,0,1373,5,12,1,1378,13,17,0
12/04/2020,CROWLEY,0,26,0,0,26,0,1399,5,12,1,1404,13,26,0
12/05/2020,CROWLEY,0,4,0,0,4,0,1403,5,12,1,1408,13,4,0
12/06/2020,CROWLEY,0,8,0,0,8,0,1411,5,12,1,1416,13,8,0
12/07/2020,CROWLEY,1,3,0,0,4,0,1414,6,12,1,1420,13,4,0
12/08/2020,CROWLEY,0,3,0,0,3,0,1417,6,12,1,1423,13,3,0
12/09/2020,CROWLEY,0,29,0,0,29,0,1446,6,12,1,1452,13,29,0
12/10/2020,CROWLEY,0,53,0,0,53,0,1499,6,12,1,1505,13,53,0
12/11/2020,CROWLEY,0,16,0,0,16,0,1515,6,12,1,1521,13,16,0
12/13/2020,CROWLEY,0,5,0,0,5,0,1520,6,12,1,1526,13,5,0
12/15/2020,CROWLEY,0,1,0,0,1,0,1521,6,12,1,1527,13,1,0
12/16/2020,CROWLEY,0,30,0,0,30,0,1551,6,12,1,1557,13,30,0
12/17/2020,CROWLEY,0,32,0,0,32,0,1583,6,12,1,1589,13,32,0
12/18/2020,CROWLEY,0,1,0,0,1,0,1584,6,12,1,1590,13,1,0
12/19/2020,CROWLEY,0,2,0,0,2,0,1586,6,12,1,1592,13,2,0
12/22/2020,CROWLEY,0,4,0,0,4,0,1590,6,12,1,1596,13,4,0
12/23/2020,CROWLEY,0,27,0,0,27,0,1617,6,12,1,1623,13,27,0
12/24/2020,CROWLEY,0,20,0,0,20,0,1637,6,12,1,1643,13,20,0
12/25/2020,CROWLEY,0,2,0,0,2,0,1639,6,12,1,1645,13,2,0
12/26/2020,CROWLEY,0,2,0,0,2,0,1641,6,12,1,1647,13,2,0
12/27/2020,CROWLEY,1,2,0,1,3,1,1643,7,13,1,1650,14,3,1
12/29/2020,CROWLEY,0,1,0,0,1,0,1644,7,13,1,1651,14,1,0
12/30/2020,CROWLEY,0,3,0,0,3,0,1647,7,13,1,1654,14,3,0
12/31/2020,CROWLEY,0,13,0,0,13,0,1660,7,13,1,1667,14,13,0
01/01/2021,CROWLEY,0,1,0,0,1,0,1661,7,13,1,1668,14,1,0
01/04/2021,CROWLEY,0,2,0,0,2,0,1663,7,13,1,1670,14,2,0
01/06/2021,CROWLEY,0,1,0,0,1,0,1664,7,13,1,1671,14,1,0
01/07/2021,CROWLEY,0,18,0,0,18,0,1682,7,13,1,1689,14,18,0
01/09/2021,CROWLEY,0,1,0,0,1,0,1683,7,13,1,1690,14,1,0
01/11/2021,CROWLEY,1,0,0,0,1,0,1683,8,13,1,1691,14,1,0
01/12/2021,CROWLEY,0,1,0,0,1,0,1684,8,13,1,1692,14,1,0
01/13/2021,CROWLEY,0,2,0,0,2,0,1686,8,13,1,1694,14,2,0
01/14/2021,CROWLEY,0,51,0,0,51,0,1737,8,13,1,1745,14,51,0
01/15/2021,CROWLEY,0,4,0,0,4,0,1741,8,13,1,1749,14,4,0
01/21/2021,CROWLEY,0,20,0,0,20,0,1761,8,13,1,1769,14,20,0
01/22/2021,CROWLEY,0,1,0,0,1,0,1762,8,13,1,1770,14,1,0
01/23/2021,CROWLEY,0,1,0,0,1,0,1763,8,13,1,1771,14,1,0
01/25/2021,CROWLEY,0,1,0,0,1,0,1764,8,13,1,1772,14,1,0
01/26/2021,CROWLEY,0,1,0,0,1,0,1765,8,13,1,1773,14,1,0
01/28/2021,CROWLEY,0,51,0,0,51,0,1816,8,13,1,1824,14,51,0
02/03/2021,CROWLEY,0,1,0,0,1,0,1817,8,13,1,1825,14,1,0
02/04/2021,CROWLEY,0,72,0,0,72,0,1889,8,13,1,1897,14,72,0
02/10/2021,CROWLEY,0,4,0,0,4,0,1893,8,13,1,1901,14,4,0
02/11/2021,CROWLEY,0,46,0,0,46,0,1939,8,13,1,1947,14,46,0
02/13/2021,CROWLEY,0,1,0,0,1,0,1940,8,13,1,1948,14,1,0
02/15/2021,CROWLEY,0,1,0,0,1,0,1941,8,13,1,1949,14,1,0
02/16/2021,CROWLEY,0,2,0,0,2,0,1943,8,13,1,1951,14,2,0
02/18/2021,CROWLEY,0,34,0,0,34,0,1977,8,13,1,1985,14,34,0
02/19/2021,CROWLEY,0,4,0,0,4,0,1981,8,13,1,1989,14,4,0
02/21/2021,CROWLEY,0,1,0,0,1,0,1982,8,13,1,1990,14,1,0
02/22/2021,CROWLEY,0,2,0,0,2,0,1984,8,13,1,1992,14,2,0
02/25/2021,CROWLEY,0,52,0,0,52,0,2036,8,13,1,2044,14,52,0
02/26/2021,CROWLEY,0,2,0,0,2,0,2038,8,13,1,2046,14,2,0
03/01/2021,CROWLEY,0,1,0,0,1,0,2039,8,13,1,2047,14,1,0
03/02/2021,CROWLEY,0,2,0,0,2,0,2041,8,13,1,2049,14,2,0
03/03/2021,CROWLEY,0,1,0,0,1,0,2042,8,13,1,2050,14,1,0
03/04/2021,CROWLEY,0,21,0,0,21,0,2063,8,13,1,2071,14,21,0
03/09/2021,CROWLEY,0,1,0,0,1,0,2064,8,13,1,2072,14,1,0
03/11/2021,CROWLEY,0,27,0,0,27,0,2091,8,13,1,2099,14,27,0
03/16/2021,CROWLEY,1,0,0,0,1,0,2091,9,13,1,2100,14,1,0
03/17/2021,CROWLEY,0,1,0,0,1,0,2092,9,13,1,2101,14,1,0
03/18/2021,CROWLEY,0,19,0,0,19,0,2111,9,13,1,2120,14,19,0
03/24/2021,CROWLEY,0,1,0,0,1,0,2112,9,13,1,2121,14,1,0
03/25/2021,CROWLEY,0,12,0,0,12,0,2124,9,13,1,2133,14,12,0
03/26/2021,CROWLEY,0,1,0,0,1,0,2125,9,13,1,2134,14,1,0
03/31/2021,CROWLEY,0,1,0,0,1,0,2126,9,13,1,2135,14,1,0
04/01/2021,CROWLEY,0,4,0,0,4,0,2130,9,13,1,2139,14,4,0
04/02/2021,CROWLEY,0,3,0,0,3,0,2133,9,13,1,2142,14,3,0
04/08/2021,CROWLEY,0,6,0,1,6,1,2139,9,14,1,2148,15,6,1
04/09/2021,CROWLEY,0,3,0,0,3,0,2142,9,14,1,2151,15,3,0
04/13/2021,CROWLEY,1,0,0,0,1,0,2142,10,14,1,2152,15,1,0
04/15/2021,CROWLEY,0,1,0,0,1,0,2143,10,14,1,2153,15,1,0
04/17/2021,CROWLEY,0,1,0,0,1,0,2144,10,14,1,2154,15,1,0
04/18/2021,CROWLEY,0,1,0,0,1,0,2145,10,14,1,2155,15,1,0
04/19/2021,CROWLEY,0,1,0,0,1,0,2146,10,14,1,2156,15,1,0
04/21/2021,CROWLEY,1,1,0,0,2,0,2147,11,14,1,2158,15,2,0
04/22/2021,CROWLEY,1,0,0,0,1,0,2147,12,14,1,2159,15,1,0
04/25/2021,CROWLEY,0,1,0,1,1,1,2148,12,15,1,2160,16,1,1
04/27/2021,CROWLEY,5,1,0,0,6,0,2149,17,15,1,2166,16,6,0
04/28/2021,CROWLEY,0,2,0,0,2,0,2151,17,15,1,2168,16,2,0
04/29/2021,CROWLEY,1,8,0,0,9,0,2159,18,15,1,2177,16,9,0
04/30/2021,CROWLEY,0,3,0,0,3,0,2162,18,15,1,2180,16,3,0
05/01/2021,CROWLEY,0,1,0,0,1,0,2163,18,15,1,2181,16,1,0
05/02/2021,CROWLEY,0,1,0,0,1,0,2164,18,15,1,2182,16,1,0
05/04/2021,CROWLEY,0,1,0,0,1,0,2165,18,15,1,2183,16,1,0
05/05/2021,CROWLEY,0,2,0,0,2,0,2167,18,15,1,2185,16,2,0
05/06/2021,CROWLEY,0,1,0,0,1,0,2168,18,15,1,2186,16,1,0
05/07/2021,CROWLEY,0,1,0,0,1,0,2169,18,15,1,2187,16,1,0
05/08/2021,CROWLEY,0,1,0,0,1,0,2170,18,15,1,2188,16,1,0
05/09/2021,CROWLEY,0,1,0,0,1,0,2171,18,15,1,2189,16,1,0
05/11/2021,CROWLEY,1,2,0,0,3,0,2173,19,15,1,2192,16,3,0
05/12/2021,CROWLEY,0,3,0,0,3,0,2176,19,15,1,2195,16,3,0
05/13/2021,CROWLEY,0,1,0,0,1,0,2177,19,15,1,2196,16,1,0
05/14/2021,CROWLEY,2,0,0,0,2,0,2177,21,15,1,2198,16,2,0
05/18/2021,CROWLEY,1,0,0,0,1,0,2177,22,15,1,2199,16,1,0
05/20/2021,CROWLEY,0,1,0,0,1,0,2178,22,15,1,2200,16,1,0
05/23/2021,CROWLEY,0,1,0,0,1,0,2179,22,15,1,2201,16,1,0
05/24/2021,CROWLEY,1,0,0,0,1,0,2179,23,15,1,2202,16,1,0
06/01/2021,CROWLEY,0,1,0,0,1,0,2180,23,15,1,2203,16,1,0
06/02/2021,CROWLEY,0,1,0,0,1,0,2181,23,15,1,2204,16,1,0
06/03/2021,CROWLEY,0,1,0,1,1,1,2182,23,16,1,2205,17,1,1
06/09/2021,CROWLEY,0,1,0,0,1,0,2183,23,16,1,2206,17,1,0
06/23/2021,CROWLEY,0,1,0,0,1,0,2184,23,16,1,2207,17,1,0
06/24/2021,CROWLEY,0,1,0,0,1,0,2185,23,16,1,2208,17,1,0
07/01/2021,CROWLEY,1,1,0,0,2,0,2186,24,16,1,2210,17,2,0
07/20/2021,CROWLEY,1,0,0,0,1,0,2186,25,16,1,2211,17,1,0
07/26/2021,CROWLEY,0,1,0,0,1,0,2187,25,16,1,2212,17,1,0
07/28/2021,CROWLEY,0,1,0,0,1,0,2188,25,16,1,2213,17,1,0
08/03/2021,CROWLEY,0,1,0,0,1,0,2189,25,16,1,2214,17,1,0
08/05/2021,CROWLEY,0,1,0,0,1,0,2190,25,16,1,2215,17,1,0
08/10/2021,CROWLEY,0,1,0,1,1,1,2191,25,17,1,2216,18,1,1
08/11/2021,CROWLEY,0,1,0,0,1,0,2192,25,17,1,2217,18,1,0
08/12/2021,CROWLEY,0,1,0,0,1,0,2193,25,17,1,2218,18,1,0
08/19/2021,CROWLEY,0,2,0,0,2,0,2195,25,17,1,2220,18,2,0
08/22/2021,CROWLEY,0,1,0,0,1,0,2196,25,17,1,2221,18,1,0
08/24/2021,CROWLEY,0,1,0,0,1,0,2197,25,17,1,2222,18,1,0
08/25/2021,CROWLEY,0,1,0,0,1,0,2198,25,17,1,2223,18,1,0
08/27/2021,CROWLEY,0,1,0,0,1,0,2199,25,17,1,2224,18,1,0
08/29/2021,CROWLEY,0,2,0,0,2,0,2201,25,17,1,2226,18,2,0
08/30/2021,CROWLEY,0,2,0,0,2,0,2203,25,17,1,2228,18,2,0
08/31/2021,CROWLEY,1,1,0,0,2,0,2204,26,17,1,2230,18,2,0
09/01/2021,CROWLEY,0,4,0,0,4,0,2208,26,17,1,2234,18,4,0
09/02/2021,CROWLEY,0,1,0,0,1,0,2209,26,17,1,2235,18,1,0
09/03/2021,CROWLEY,0,3,0,0,3,0,2212,26,17,1,2238,18,3,0
09/06/2021,CROWLEY,2,1,0,0,3,0,2213,28,17,1,2241,18,3,0
09/07/2021,CROWLEY,0,1,0,0,1,0,2214,28,17,1,2242,18,1,0
09/08/2021,CROWLEY,1,2,0,0,3,0,2216,29,17,1,2245,18,3,0
09/09/2021,CROWLEY,0,3,0,0,3,0,2219,29,17,1,2248,18,3,0
09/13/2021,CROWLEY,1,0,0,0,1,0,2219,30,17,1,2249,18,1,0
09/14/2021,CROWLEY,0,4,0,0,4,0,2223,30,17,1,2253,18,4,0
09/15/2021,CROWLEY,1,2,0,0,3,0,2225,31,17,1,2256,18,3,0
09/16/2021,CROWLEY,0,3,0,1,3,1,2228,31,18,1,2259,19,3,1
09/17/2021,CROWLEY,8,7,0,0,15,0,2235,39,18,1,2274,19,15,0
09/18/2021,CROWLEY,0,4,0,0,4,0,2239,39,18,1,2278,19,4,0
09/19/2021,CROWLEY,2,5,0,0,7,0,2244,41,18,1,2285,19,7,0
09/20/2021,CROWLEY,1,3,0,1,4,1,2247,42,19,1,2289,20,4,1
09/21/2021,CROWLEY,6,2,0,0,8,0,2249,48,19,1,2297,20,8,0
09/22/2021,CROWLEY,3,3,0,0,6,0,2252,51,19,1,2303,20,6,0
09/23/2021,CROWLEY,0,4,0,1,4,1,2256,51,20,1,2307,21,4,1
09/24/2021,CROWLEY,3,2,0,0,5,0,2258,54,20,1,2312,21,5,0
09/25/2021,CROWLEY,2,2,0,0,4,0,2260,56,20,1,2316,21,4,0
09/27/2021,CROWLEY,2,1,0,0,3,0,2261,58,20,1,2319,21,3,0
09/28/2021,CROWLEY,1,2,0,1,3,1,2263,59,21,1,2322,22,3,1
09/29/2021,CROWLEY,1,4,0,1,5,1,2267,60,22,1,2327,23,5,1
09/30/2021,CROWLEY,3,6,0,0,9,0,2273,63,22,1,2336,23,9,0
10/01/2021,CROWLEY,0,1,0,0,1,0,2274,63,22,1,2337,23,1,0
10/04/2021,CROWLEY,1,0,0,0,1,0,2274,64,22,1,2338,23,1,0
10/05/2021,CROWLEY,1,1,0,0,2,0,2275,65,22,1,2340,23,2,0
10/06/2021,CROWLEY,1,1,0,0,2,0,2276,66,22,1,2342,23,2,0
10/07/2021,CROWLEY,2,4,0,0,6,0,2280,68,22,1,2348,23,6,0
10/08/2021,CROWLEY,0,4,0,0,4,0,2284,68,22,1,2352,23,4,0
10/12/2021,CROWLEY,1,1,0,0,2,0,2285,69,22,1,2354,23,2,0
10/13/2021,CROWLEY,2,2,0,0,4,0,2287,71,22,1,2358,23,4,0
10/14/2021,CROWLEY,1,1,0,0,2,0,2288,72,22,1,2360,23,2,0
10/15/2021,CROWLEY,0,1,0,0,1,0,2289,72,22,1,2361,23,1,0
10/16/2021,CROWLEY,1,1,0,0,2,0,2290,73,22,1,2363,23,2,0
10/18/2021,CROWLEY,2,1,0,0,3,0,2291,75,22,1,2366,23,3,0
10/19/2021,CROWLEY,1,1,0,0,2,0,2292,76,22,1,2368,23,2,0
10/20/2021,CROWLEY,3,2,0,0,5,0,2294,79,22,1,2373,23,5,0
10/21/2021,CROWLEY,2,0,0,0,2,0,2294,81,22,1,2375,23,2,0
10/23/2021,CROWLEY,0,1,0,0,1,0,2295,81,22,1,2376,23,1,0
10/25/2021,CROWLEY,0,2,0,1,2,1,2297,81,23,1,2378,24,2,1
10/26/2021,CROWLEY,1,0,0,0,1,0,2297,82,23,1,2379,24,1,0
10/27/2021,CROWLEY,4,0,1,0,4,1,2297,86,23,2,2383,25,4,1
10/28/2021,CROWLEY,2,2,0,0,4,0,2299,88,23,2,2387,25,4,0
10/29/2021,CROWLEY,1,0,0,0,1,0,2299,89,23,2,2388,25,1,0
10/30/2021,CROWLEY,0,4,0,1,4,1,2303,89,24,2,2392,26,4,1
11/01/2021,CROWLEY,2,0,0,0,2,0,2303,91,24,2,2394,26,2,0
11/02/2021,CROWLEY,1,1,0,1,2,1,2304,92,25,2,2396,27,2,1
11/03/2021,CROWLEY,5,1,0,0,6,0,2305,97,25,2,2402,27,6,0
11/04/2021,CROWLEY,0,2,0,0,2,0,2307,97,25,2,2404,27,2,0
11/05/2021,CROWLEY,6,2,0,0,8,0,2309,103,25,2,2412,27,8,0
11/06/2021,CROWLEY,1,0,0,0,1,0,2309,104,25,2,2413,27,1,0
11/08/2021,CROWLEY,4,2,0,0,6,0,2311,108,25,2,2419,27,6,0
11/09/2021,CROWLEY,0,5,0,0,5,0,2316,108,25,2,2424,27,5,0
11/10/2021,CROWLEY,3,4,0,0,7,0,2320,111,25,2,2431,27,7,0
11/11/2021,CROWLEY,1,1,0,0,2,0,2321,112,25,2,2433,27,2,0
11/12/2021,CROWLEY,0,1,0,0,1,0,2322,112,25,2,2434,27,1,0
11/13/2021,CROWLEY,0,3,0,0,3,0,2325,112,25,2,2437,27,3,0
11/14/2021,CROWLEY,0,2,0,0,2,0,2327,112,25,2,2439,27,2,0
11/15/2021,CROWLEY,1,1,0,0,2,0,2328,113,25,2,2441,27,2,0
11/16/2021,CROWLEY,0,1,0,0,1,0,2329,113,25,2,2442,27,1,0
11/17/2021,CROWLEY,2,0,0,0,2,0,2329,115,25,2,2444,27,2,0
11/18/2021,CROWLEY,2,2,0,0,4,0,2331,117,25,2,2448,27,4,0
11/19/2021,CROWLEY,1,3,0,0,4,0,2334,118,25,2,2452,27,4,0
11/20/2021,CROWLEY,0,1,0,0,1,0,2335,118,25,2,2453,27,1,0
11/22/2021,CROWLEY,3,2,0,0,5,0,2337,121,25,2,2458,27,5,0
11/24/2021,CROWLEY,3,0,0,0,3,0,2337,124,25,2,2461,27,3,0
11/26/2021,CROWLEY,0,2,0,0,2,0,2339,124,25,2,2463,27,2,0
11/27/2021,CROWLEY,0,1,0,0,1,0,2340,124,25,2,2464,27,1,0
11/28/2021,CROWLEY,0,1,0,0,1,0,2341,124,25,2,2465,27,1,0
11/29/2021,CROWLEY,1,1,0,0,2,0,2342,125,25,2,2467,27,2,0
11/30/2021,CROWLEY,0,1,0,0,1,0,2343,125,25,2,2468,27,1,0
12/01/2021,CROWLEY,2,0,0,0,2,0,2343,127,25,2,2470,27,2,0
12/02/2021,CROWLEY,5,1,0,0,6,0,2344,132,25,2,2476,27,6,0
12/03/2021,CROWLEY,0,1,0,0,1,0,2345,132,25,2,2477,27,1,0
12/06/2021,CROWLEY,1,1,0,0,2,0,2346,133,25,2,2479,27,2,0
12/08/2021,CROWLEY,1,0,0,0,1,0,2346,134,25,2,2480,27,1,0
12/09/2021,CROWLEY,1,0,0,0,1,0,2346,135,25,2,2481,27,1,0
12/10/2021,CROWLEY,0,2,0,0,2,0,2348,135,25,2,2483,27,2,0
12/13/2021,CROWLEY,1,0,0,0,1,0,2348,136,25,2,2484,27,1,0
12/15/2021,CROWLEY,1,0,0,0,1,0,2348,137,25,2,2485,27,1,0
12/17/2021,CROWLEY,0,1,0,0,1,0,2349,137,25,2,2486,27,1,0
12/20/2021,CROWLEY,0,1,0,0,1,0,2350,137,25,2,2487,27,1,0
12/23/2021,CROWLEY,0,1,0,0,1,0,2351,137,25,2,2488,27,1,0
12/24/2021,CROWLEY,0,1,0,0,1,0,2352,137,25,2,2489,27,1,0
12/28/2021,CROWLEY,1,0,0,0,1,0,2352,138,25,2,2490,27,1,0
12/29/2021,CROWLEY,2,0,0,0,2,0,2352,140,25,2,2492,27,2,0
12/30/2021,CROWLEY,2,0,0,0,2,0,2352,142,25,2,2494,27,2,0
01/01/2022,CROWLEY,0,3,0,0,3,0,2355,142,25,2,2497,27,3,0
01/02/2022,CROWLEY,1,17,0,0,18,0,2372,143,25,2,2515,27,18,0
01/03/2022,CROWLEY,3,0,0,0,3,0,2372,146,25,2,2518,27,3,0
01/04/2022,CROWLEY,1,1,0,0,2,0,2373,147,25,2,2520,27,2,0
01/05/2022,CROWLEY,6,5,0,0,11,0,2378,153,25,2,2531,27,11,0
01/06/2022,CROWLEY,5,1,0,0,6,0,2379,158,25,2,2537,27,6,0
01/08/2022,CROWLEY,0,14,0,0,14,0,2393,158,25,2,2551,27,14,0
01/09/2022,CROWLEY,0,38,0,0,38,0,2431,158,25,2,2589,27,38,0
01/10/2022,CROWLEY,3,1,0,0,4,0,2432,161,25,2,2593,27,4,0
01/12/2022,CROWLEY,8,6,0,0,14,0,2438,169,25,2,2607,27,14,0
01/13/2022,CROWLEY,2,24,0,0,26,0,2462,171,25,2,2633,27,26,0
01/14/2022,CROWLEY,0,5,0,0,5,0,2467,171,25,2,2638,27,5,0
01/15/2022,CROWLEY,1,2,0,0,3,0,2469,172,25,2,2641,27,3,0
01/16/2022,CROWLEY,4,10,0,0,14,0,2479,176,25,2,2655,27,14,0
01/17/2022,CROWLEY,0,90,0,0,90,0,2569,176,25,2,2745,27,90,0
01/18/2022,CROWLEY,4,8,0,1,12,1,2577,180,26,2,2757,28,12,1
01/19/2022,CROWLEY,4,4,0,0,8,0,2581,184,26,2,2765,28,8,0
01/20/2022,CROWLEY,7,4,0,0,11,0,2585,191,26,2,2776,28,11,0
01/21/2022,CROWLEY,2,4,0,0,6,0,2589,193,26,2,2782,28,6,0
01/22/2022,CROWLEY,5,6,0,0,11,0,2595,198,26,2,2793,28,11,0
01/23/2022,CROWLEY,0,2,0,0,2,0,2597,198,26,2,2795,28,2,0
01/24/2022,CROWLEY,2,25,0,0,27,0,2622,200,26,2,2822,28,27,0
01/25/2022,CROWLEY,0,114,0,0,114,0,2736,200,26,2,2936,28,114,0
01/26/2022,CROWLEY,7,6,0,0,13,0,2742,207,26,2,2949,28,13,0
01/27/2022,CROWLEY,2,4,0,0,6,0,2746,209,26,2,2955,28,6,0
01/28/2022,CROWLEY,1,0,0,0,1,0,2746,210,26,2,2956,28,1,0
01/29/2022,CROWLEY,0,2,0,0,2,0,2748,210,26,2,2958,28,2,0
01/31/2022,CROWLEY,0,72,0,0,72,0,2820,210,26,2,3030,28,72,0
02/01/2022,CROWLEY,2,2,0,0,4,0,2822,212,26,2,3034,28,4,0
02/02/2022,CROWLEY,1,0,0,0,1,0,2822,213,26,2,3035,28,1,0
02/03/2022,CROWLEY,1,1,0,0,2,0,2823,214,26,2,3037,28,2,0
02/04/2022,CROWLEY,1,3,0,0,4,0,2826,215,26,2,3041,28,4,0
02/05/2022,CROWLEY,0,4,0,0,4,0,2830,215,26,2,3045,28,4,0
02/06/2022,CROWLEY,0,24,0,0,24,0,2854,215,26,2,3069,28,24,0
02/07/2022,CROWLEY,1,2,0,0,3,0,2856,216,26,2,3072,28,3,0
02/08/2022,CROWLEY,2,1,0,0,3,0,2857,218,26,2,3075,28,3,0
02/09/2022,CROWLEY,2,0,0,0,2,0,2857,220,26,2,3077,28,2,0
02/10/2022,CROWLEY,0,28,0,0,28,0,2885,220,26,2,3105,28,28,0
02/11/2022,CROWLEY,3,1,0,0,4,0,2886,223,26,2,3109,28,4,0
02/12/2022,CROWLEY,0,2,0,0,2,0,2888,223,26,2,3111,28,2,0
02/14/2022,CROWLEY,0,1,0,0,1,0,2889,223,26,2,3112,28,1,0
02/15/2022,CROWLEY,2,0,0,0,2,0,2889,225,26,2,3114,28,2,0
02/16/2022,CROWLEY,4,0,0,0,4,0,2889,229,26,2,3118,28,4,0
02/17/2022,CROWLEY,2,14,0,0,16,0,2903,231,26,2,3134,28,16,0
02/18/2022,CROWLEY,1,0,0,0,1,0,2903,232,26,2,3135,28,1,0
02/19/2022,CROWLEY,0,1,0,0,1,0,2904,232,26,2,3136,28,1,0
02/23/2022,CROWLEY,0,1,0,0,1,0,2905,232,26,2,3137,28,1,0
02/24/2022,CROWLEY,1,6,0,0,7,0,2911,233,26,2,3144,28,7,0
02/25/2022,CROWLEY,0,1,0,0,1,0,2912,233,26,2,3145,28,1,0
03/01/2022,CROWLEY,2,0,0,0,2,0,2912,235,26,2,3147,28,2,0
03/03/2022,CROWLEY,0,1,0,0,1,0,2913,235,26,2,3148,28,1,0
03/15/2022,CROWLEY,1,0,0,0,1,0,2913,236,26,2,3149,28,1,0
03/17/2022,CROWLEY,0,1,0,0,1,0,2914,236,26,2,3150,28,1,0
04/01/2020,CUSTER,0,1,0,0,1,0,1,0,0,0,1,0,-3149,-28
04/02/2020,CUSTER,0,1,0,0,1,0,2,0,0,0,2,0,1,0
07/07/2020,CUSTER,0,1,0,0,1,0,3,0,0,0,3,0,1,0
07/12/2020,CUSTER,0,4,0,0,4,0,7,0,0,0,7,0,4,0
07/16/2020,CUSTER,0,1,0,0,1,0,8,0,0,0,8,0,1,0
07/19/2020,CUSTER,0,2,0,0,2,0,10,0,0,0,10,0,2,0
07/27/2020,CUSTER,0,1,0,0,1,0,11,0,0,0,11,0,1,0
08/07/2020,CUSTER,0,1,0,0,1,0,12,0,0,0,12,0,1,0
08/13/2020,CUSTER,0,1,0,0,1,0,13,0,0,0,13,0,1,0
08/14/2020,CUSTER,1,0,0,0,1,0,13,1,0,0,14,0,1,0
08/19/2020,CUSTER,1,0,0,0,1,0,13,2,0,0,15,0,1,0
08/21/2020,CUSTER,0,1,0,0,1,0,14,2,0,0,16,0,1,0
08/25/2020,CUSTER,0,1,0,0,1,0,15,2,0,0,17,0,1,0
08/27/2020,CUSTER,0,2,0,0,2,0,17,2,0,0,19,0,2,0
09/25/2020,CUSTER,0,1,0,0,1,0,18,2,0,0,20,0,1,0
10/08/2020,CUSTER,0,1,0,0,1,0,19,2,0,0,21,0,1,0
10/19/2020,CUSTER,0,1,0,0,1,0,20,2,0,0,22,0,1,0
10/23/2020,CUSTER,0,1,0,0,1,0,21,2,0,0,23,0,1,0
10/28/2020,CUSTER,0,1,0,0,1,0,22,2,0,0,24,0,1,0
10/30/2020,CUSTER,0,2,0,0,2,0,24,2,0,0,26,0,2,0
11/01/2020,CUSTER,0,1,0,0,1,0,25,2,0,0,27,0,1,0
11/02/2020,CUSTER,0,2,0,0,2,0,27,2,0,0,29,0,2,0
11/03/2020,CUSTER,0,6,0,0,6,0,33,2,0,0,35,0,6,0
11/05/2020,CUSTER,0,4,0,0,4,0,37,2,0,0,39,0,4,0
11/08/2020,CUSTER,0,4,0,0,4,0,41,2,0,0,43,0,4,0
11/09/2020,CUSTER,1,4,0,0,5,0,45,3,0,0,48,0,5,0
11/10/2020,CUSTER,0,3,0,0,3,0,48,3,0,0,51,0,3,0
11/11/2020,CUSTER,1,0,0,0,1,0,48,4,0,0,52,0,1,0
11/12/2020,CUSTER,0,1,0,0,1,0,49,4,0,0,53,0,1,0
11/13/2020,CUSTER,0,3,0,0,3,0,52,4,0,0,56,0,3,0
11/17/2020,CUSTER,0,3,0,0,3,0,55,4,0,0,59,0,3,0
11/18/2020,CUSTER,0,3,0,0,3,0,58,4,0,0,62,0,3,0
11/21/2020,CUSTER,1,0,0,0,1,0,58,5,0,0,63,0,1,0
11/23/2020,CUSTER,0,3,0,0,3,0,61,5,0,0,66,0,3,0
11/25/2020,CUSTER,0,7,0,0,7,0,68,5,0,0,73,0,7,0
11/29/2020,CUSTER,0,7,0,0,7,0,75,5,0,0,80,0,7,0
11/30/2020,CUSTER,0,3,0,0,3,0,78,5,0,0,83,0,3,0
12/01/2020,CUSTER,0,1,0,0,1,0,79,5,0,0,84,0,1,0
12/02/2020,CUSTER,0,7,0,0,7,0,86,5,0,0,91,0,7,0
12/03/2020,CUSTER,1,5,0,0,6,0,91,6,0,0,97,0,6,0
12/04/2020,CUSTER,0,1,0,0,1,0,92,6,0,0,98,0,1,0
12/05/2020,CUSTER,0,2,0,0,2,0,94,6,0,0,100,0,2,0
12/06/2020,CUSTER,0,6,0,1,6,1,100,6,1,0,106,1,6,1
12/07/2020,CUSTER,0,2,0,0,2,0,102,6,1,0,108,1,2,0
12/08/2020,CUSTER,0,6,0,0,6,0,108,6,1,0,114,1,6,0
12/09/2020,CUSTER,1,4,0,0,5,0,112,7,1,0,119,1,5,0
12/10/2020,CUSTER,0,5,0,0,5,0,117,7,1,0,124,1,5,0
12/11/2020,CUSTER,0,5,0,0,5,0,122,7,1,0,129,1,5,0
12/12/2020,CUSTER,0,2,0,0,2,0,124,7,1,0,131,1,2,0
12/13/2020,CUSTER,0,5,0,0,5,0,129,7,1,0,136,1,5,0
12/14/2020,CUSTER,0,1,0,0,1,0,130,7,1,0,137,1,1,0
12/15/2020,CUSTER,3,1,0,0,4,0,131,10,1,0,141,1,4,0
12/16/2020,CUSTER,0,1,0,0,1,0,132,10,1,0,142,1,1,0
12/17/2020,CUSTER,0,7,0,0,7,0,139,10,1,0,149,1,7,0
12/18/2020,CUSTER,1,0,0,0,1,0,139,11,1,0,150,1,1,0
12/22/2020,CUSTER,0,1,0,0,1,0,140,11,1,0,151,1,1,0
12/23/2020,CUSTER,0,1,0,0,1,0,141,11,1,0,152,1,1,0
12/29/2020,CUSTER,0,1,0,0,1,0,142,11,1,0,153,1,1,0
12/31/2020,CUSTER,0,1,0,0,1,0,143,11,1,0,154,1,1,0
01/02/2021,CUSTER,1,1,0,0,2,0,144,12,1,0,156,1,2,0
01/08/2021,CUSTER,0,4,0,0,4,0,148,12,1,0,160,1,4,0
01/11/2021,CUSTER,0,1,0,1,1,1,149,12,2,0,161,2,1,1
01/12/2021,CUSTER,0,1,0,0,1,0,150,12,2,0,162,2,1,0
01/14/2021,CUSTER,0,1,0,0,1,0,151,12,2,0,163,2,1,0
01/21/2021,CUSTER,1,1,0,0,2,0,152,13,2,0,165,2,2,0
01/22/2021,CUSTER,0,1,0,0,1,0,153,13,2,0,166,2,1,0
01/25/2021,CUSTER,0,1,0,0,1,0,154,13,2,0,167,2,1,0
01/28/2021,CUSTER,0,1,0,0,1,0,155,13,2,0,168,2,1,0
02/06/2021,CUSTER,0,2,0,0,2,0,157,13,2,0,170,2,2,0
02/11/2021,CUSTER,0,1,0,0,1,0,158,13,2,0,171,2,1,0
02/18/2021,CUSTER,0,1,0,0,1,0,159,13,2,0,172,2,1,0
02/20/2021,CUSTER,1,0,0,0,1,0,159,14,2,0,173,2,1,0
03/11/2021,CUSTER,0,1,0,0,1,0,160,14,2,0,174,2,1,0
03/23/2021,CUSTER,0,4,0,0,4,0,164,14,2,0,178,2,4,0
03/25/2021,CUSTER,0,2,0,0,2,0,166,14,2,0,180,2,2,0
03/29/2021,CUSTER,0,2,0,0,2,0,168,14,2,0,182,2,2,0
03/31/2021,CUSTER,0,2,0,0,2,0,170,14,2,0,184,2,2,0
04/01/2021,CUSTER,0,1,0,0,1,0,171,14,2,0,185,2,1,0
04/05/2021,CUSTER,0,1,0,0,1,0,172,14,2,0,186,2,1,0
04/09/2021,CUSTER,0,1,0,0,1,0,173,14,2,0,187,2,1,0
04/19/2021,CUSTER,0,1,0,0,1,0,174,14,2,0,188,2,1,0
04/20/2021,CUSTER,0,6,0,0,6,0,180,14,2,0,194,2,6,0
04/21/2021,CUSTER,0,1,0,0,1,0,181,14,2,0,195,2,1,0
04/23/2021,CUSTER,1,2,0,0,3,0,183,15,2,0,198,2,3,0
04/25/2021,CUSTER,0,1,0,0,1,0,184,15,2,0,199,2,1,0
04/29/2021,CUSTER,0,1,0,0,1,0,185,15,2,0,200,2,1,0
05/01/2021,CUSTER,0,1,0,0,1,0,186,15,2,0,201,2,1,0
05/03/2021,CUSTER,0,1,0,0,1,0,187,15,2,0,202,2,1,0
05/04/2021,CUSTER,0,1,0,0,1,0,188,15,2,0,203,2,1,0
05/07/2021,CUSTER,0,4,0,0,4,0,192,15,2,0,207,2,4,0
05/09/2021,CUSTER,0,1,0,0,1,0,193,15,2,0,208,2,1,0
05/12/2021,CUSTER,0,1,0,0,1,0,194,15,2,0,209,2,1,0
05/15/2021,CUSTER,1,1,0,0,2,0,195,16,2,0,211,2,2,0
05/19/2021,CUSTER,0,1,0,0,1,0,196,16,2,0,212,2,1,0
05/20/2021,CUSTER,0,1,0,0,1,0,197,16,2,0,213,2,1,0
05/21/2021,CUSTER,0,1,0,0,1,0,198,16,2,0,214,2,1,0
05/25/2021,CUSTER,0,1,0,0,1,0,199,16,2,0,215,2,1,0
05/26/2021,CUSTER,1,1,0,0,2,0,200,17,2,0,217,2,2,0
05/27/2021,CUSTER,0,1,0,0,1,0,201,17,2,0,218,2,1,0
05/29/2021,CUSTER,0,1,0,0,1,0,202,17,2,0,219,2,1,0
06/02/2021,CUSTER,0,2,0,0,2,0,204,17,2,0,221,2,2,0
06/04/2021,CUSTER,0,2,0,0,2,0,206,17,2,0,223,2,2,0
06/05/2021,CUSTER,0,1,0,0,1,0,207,17,2,0,224,2,1,0
06/08/2021,CUSTER,0,1,0,1,1,1,208,17,3,0,225,3,1,1
06/13/2021,CUSTER,0,1,0,0,1,0,209,17,3,0,226,3,1,0
06/16/2021,CUSTER,0,1,0,0,1,0,210,17,3,0,227,3,1,0
06/21/2021,CUSTER,0,3,0,0,3,0,213,17,3,0,230,3,3,0
06/24/2021,CUSTER,0,2,0,0,2,0,215,17,3,0,232,3,2,0
06/25/2021,CUSTER,0,1,0,0,1,0,216,17,3,0,233,3,1,0
07/01/2021,CUSTER,0,1,0,0,1,0,217,17,3,0,234,3,1,0
07/04/2021,CUSTER,0,1,0,0,1,0,218,17,3,0,235,3,1,0
07/07/2021,CUSTER,0,1,0,0,1,0,219,17,3,0,236,3,1,0
07/09/2021,CUSTER,0,2,0,1,2,1,221,17,4,0,238,4,2,1
07/10/2021,CUSTER,0,2,0,1,2,1,223,17,5,0,240,5,2,1
07/13/2021,CUSTER,0,1,0,0,1,0,224,17,5,0,241,5,1,0
07/15/2021,CUSTER,0,1,0,0,1,0,225,17,5,0,242,5,1,0
07/25/2021,CUSTER,0,1,0,0,1,0,226,17,5,0,243,5,1,0
07/28/2021,CUSTER,0,1,0,0,1,0,227,17,5,0,244,5,1,0
07/29/2021,CUSTER,0,1,0,1,1,1,228,17,6,0,245,6,1,1
08/07/2021,CUSTER,0,1,0,0,1,0,229,17,6,0,246,6,1,0
08/11/2021,CUSTER,0,1,0,0,1,0,230,17,6,0,247,6,1,0
08/17/2021,CUSTER,0,1,0,0,1,0,231,17,6,0,248,6,1,0
08/18/2021,CUSTER,1,0,0,0,1,0,231,18,6,0,249,6,1,0
08/19/2021,CUSTER,1,1,0,0,2,0,232,19,6,0,251,6,2,0
08/21/2021,CUSTER,0,2,0,0,2,0,234,19,6,0,253,6,2,0
08/22/2021,CUSTER,0,2,0,0,2,0,236,19,6,0,255,6,2,0
08/23/2021,CUSTER,0,2,0,0,2,0,238,19,6,0,257,6,2,0
08/24/2021,CUSTER,1,0,0,0,1,0,238,20,6,0,258,6,1,0
08/27/2021,CUSTER,1,1,0,0,2,0,239,21,6,0,260,6,2,0
08/29/2021,CUSTER,0,1,0,0,1,0,240,21,6,0,261,6,1,0
08/30/2021,CUSTER,0,2,0,0,2,0,242,21,6,0,263,6,2,0
09/02/2021,CUSTER,0,2,0,0,2,0,244,21,6,0,265,6,2,0
09/03/2021,CUSTER,1,0,0,0,1,0,244,22,6,0,266,6,1,0
09/04/2021,CUSTER,0,1,0,0,1,0,245,22,6,0,267,6,1,0
09/06/2021,CUSTER,1,2,0,0,3,0,247,23,6,0,270,6,3,0
09/07/2021,CUSTER,1,1,0,0,2,0,248,24,6,0,272,6,2,0
09/08/2021,CUSTER,0,1,0,0,1,0,249,24,6,0,273,6,1,0
09/09/2021,CUSTER,0,1,0,0,1,0,250,24,6,0,274,6,1,0
09/10/2021,CUSTER,0,2,0,0,2,0,252,24,6,0,276,6,2,0
09/11/2021,CUSTER,0,1,0,0,1,0,253,24,6,0,277,6,1,0
09/12/2021,CUSTER,0,1,0,0,1,0,254,24,6,0,278,6,1,0
09/13/2021,CUSTER,0,1,0,0,1,0,255,24,6,0,279,6,1,0
09/14/2021,CUSTER,0,2,0,0,2,0,257,24,6,0,281,6,2,0
09/15/2021,CUSTER,0,2,0,0,2,0,259,24,6,0,283,6,2,0
09/16/2021,CUSTER,0,4,0,0,4,0,263,24,6,0,287,6,4,0
09/17/2021,CUSTER,0,4,0,0,4,0,267,24,6,0,291,6,4,0
09/19/2021,CUSTER,0,2,0,0,2,0,269,24,6,0,293,6,2,0
09/20/2021,CUSTER,0,3,0,0,3,0,272,24,6,0,296,6,3,0
09/21/2021,CUSTER,1,1,0,0,2,0,273,25,6,0,298,6,2,0
09/22/2021,CUSTER,0,5,0,0,5,0,278,25,6,0,303,6,5,0
09/26/2021,CUSTER,1,2,0,0,3,0,280,26,6,0,306,6,3,0
09/27/2021,CUSTER,2,2,0,0,4,0,282,28,6,0,310,6,4,0
09/28/2021,CUSTER,0,1,0,0,1,0,283,28,6,0,311,6,1,0
09/29/2021,CUSTER,1,6,0,0,7,0,289,29,6,0,318,6,7,0
09/30/2021,CUSTER,0,1,0,0,1,0,290,29,6,0,319,6,1,0
10/01/2021,CUSTER,0,5,0,0,5,0,295,29,6,0,324,6,5,0
10/02/2021,CUSTER,0,5,0,0,5,0,300,29,6,0,329,6,5,0
10/03/2021,CUSTER,0,1,0,0,1,0,301,29,6,0,330,6,1,0
10/04/2021,CUSTER,0,1,0,0,1,0,302,29,6,0,331,6,1,0
10/05/2021,CUSTER,0,1,0,1,1,1,303,29,7,0,332,7,1,1
10/06/2021,CUSTER,0,3,0,0,3,0,306,29,7,0,335,7,3,0
10/07/2021,CUSTER,0,1,0,0,1,0,307,29,7,0,336,7,1,0
10/08/2021,CUSTER,0,4,0,0,4,0,311,29,7,0,340,7,4,0
10/09/2021,CUSTER,0,3,0,0,3,0,314,29,7,0,343,7,3,0
10/10/2021,CUSTER,0,1,0,0,1,0,315,29,7,0,344,7,1,0
10/11/2021,CUSTER,0,5,0,0,5,0,320,29,7,0,349,7,5,0
10/13/2021,CUSTER,0,1,0,0,1,0,321,29,7,0,350,7,1,0
10/15/2021,CUSTER,0,1,0,0,1,0,322,29,7,0,351,7,1,0
10/17/2021,CUSTER,0,2,0,0,2,0,324,29,7,0,353,7,2,0
10/18/2021,CUSTER,0,2,0,0,2,0,326,29,7,0,355,7,2,0
10/19/2021,CUSTER,0,1,0,0,1,0,327,29,7,0,356,7,1,0
10/20/2021,CUSTER,1,4,0,1,5,1,331,30,8,0,361,8,5,1
10/21/2021,CUSTER,1,2,0,0,3,0,333,31,8,0,364,8,3,0
10/22/2021,CUSTER,0,1,0,0,1,0,334,31,8,0,365,8,1,0
10/23/2021,CUSTER,0,8,0,1,8,1,342,31,9,0,373,9,8,1
10/25/2021,CUSTER,3,2,0,0,5,0,344,34,9,0,378,9,5,0
10/26/2021,CUSTER,1,3,0,0,4,0,347,35,9,0,382,9,4,0
10/27/2021,CUSTER,0,4,0,0,4,0,351,35,9,0,386,9,4,0
10/28/2021,CUSTER,0,3,0,0,3,0,354,35,9,0,389,9,3,0
10/29/2021,CUSTER,0,16,0,1,16,1,370,35,10,0,405,10,16,1
10/30/2021,CUSTER,0,7,0,0,7,0,377,35,10,0,412,10,7,0
11/01/2021,CUSTER,0,1,0,0,1,0,378,35,10,0,413,10,1,0
11/02/2021,CUSTER,0,3,0,1,3,1,381,35,11,0,416,11,3,1
11/03/2021,CUSTER,0,1,0,0,1,0,382,35,11,0,417,11,1,0
11/05/2021,CUSTER,1,6,1,0,7,1,388,36,11,1,424,12,7,1
11/06/2021,CUSTER,0,2,0,0,2,0,390,36,11,1,426,12,2,0
11/08/2021,CUSTER,1,1,0,0,2,0,391,37,11,1,428,12,2,0
11/09/2021,CUSTER,1,5,0,0,6,0,396,38,11,1,434,12,6,0
11/10/2021,CUSTER,4,4,0,1,8,1,400,42,12,1,442,13,8,1
11/11/2021,CUSTER,1,2,0,0,3,0,402,43,12,1,445,13,3,0
11/12/2021,CUSTER,0,7,0,0,7,0,409,43,12,1,452,13,7,0
11/13/2021,CUSTER,0,6,0,0,6,0,415,43,12,1,458,13,6,0
11/14/2021,CUSTER,0,1,0,0,1,0,416,43,12,1,459,13,1,0
11/16/2021,CUSTER,0,1,0,0,1,0,417,43,12,1,460,13,1,0
11/17/2021,CUSTER,0,1,0,0,1,0,418,43,12,1,461,13,1,0
11/19/2021,CUSTER,0,1,0,0,1,0,419,43,12,1,462,13,1,0
11/21/2021,CUSTER,0,2,0,0,2,0,421,43,12,1,464,13,2,0
11/22/2021,CUSTER,0,1,0,0,1,0,422,43,12,1,465,13,1,0
11/25/2021,CUSTER,0,3,0,0,3,0,425,43,12,1,468,13,3,0
11/27/2021,CUSTER,0,1,0,0,1,0,426,43,12,1,469,13,1,0
11/28/2021,CUSTER,0,1,0,0,1,0,427,43,12,1,470,13,1,0
11/29/2021,CUSTER,0,4,0,0,4,0,431,43,12,1,474,13,4,0
12/03/2021,CUSTER,0,2,0,0,2,0,433,43,12,1,476,13,2,0
12/04/2021,CUSTER,0,2,0,0,2,0,435,43,12,1,478,13,2,0
12/06/2021,CUSTER,0,2,0,1,2,1,437,43,13,1,480,14,2,1
12/07/2021,CUSTER,0,1,0,0,1,0,438,43,13,1,481,14,1,0
12/08/2021,CUSTER,0,1,0,0,1,0,439,43,13,1,482,14,1,0
12/10/2021,CUSTER,0,2,0,0,2,0,441,43,13,1,484,14,2,0
12/12/2021,CUSTER,0,1,0,0,1,0,442,43,13,1,485,14,1,0
12/13/2021,CUSTER,0,2,0,0,2,0,444,43,13,1,487,14,2,0
12/17/2021,CUSTER,0,1,0,0,1,0,445,43,13,1,488,14,1,0
12/18/2021,CUSTER,0,1,0,0,1,0,446,43,13,1,489,14,1,0
12/19/2021,CUSTER,0,1,0,0,1,0,447,43,13,1,490,14,1,0
12/21/2021,CUSTER,1,1,0,1,2,1,448,44,14,1,492,15,2,1
12/24/2021,CUSTER,0,1,0,0,1,0,449,44,14,1,493,15,1,0
12/25/2021,CUSTER,0,1,0,0,1,0,450,44,14,1,494,15,1,0
12/27/2021,CUSTER,0,2,0,1,2,1,452,44,15,1,496,16,2,1
12/28/2021,CUSTER,0,1,0,0,1,0,453,44,15,1,497,16,1,0
12/31/2021,CUSTER,2,2,0,0,4,0,455,46,15,1,501,16,4,0
01/01/2022,CUSTER,0,5,0,0,5,0,460,46,15,1,506,16,5,0
01/02/2022,CUSTER,0,2,0,0,2,0,462,46,15,1,508,16,2,0
01/03/2022,CUSTER,1,1,0,0,2,0,463,47,15,1,510,16,2,0
01/04/2022,CUSTER,1,1,0,0,2,0,464,48,15,1,512,16,2,0
01/05/2022,CUSTER,0,1,0,0,1,0,465,48,15,1,513,16,1,0
01/06/2022,CUSTER,1,2,1,0,3,1,467,49,15,2,516,17,3,1
01/07/2022,CUSTER,0,1,0,0,1,0,468,49,15,2,517,17,1,0
01/08/2022,CUSTER,0,6,0,0,6,0,474,49,15,2,523,17,6,0
01/10/2022,CUSTER,3,0,0,0,3,0,474,52,15,2,526,17,3,0
01/11/2022,CUSTER,1,2,0,0,3,0,476,53,15,2,529,17,3,0
01/12/2022,CUSTER,2,0,0,0,2,0,476,55,15,2,531,17,2,0
01/14/2022,CUSTER,0,6,0,0,6,0,482,55,15,2,537,17,6,0
01/16/2022,CUSTER,0,8,0,0,8,0,490,55,15,2,545,17,8,0
01/17/2022,CUSTER,3,2,0,0,5,0,492,58,15,2,550,17,5,0
01/18/2022,CUSTER,0,3,0,0,3,0,495,58,15,2,553,17,3,0
01/19/2022,CUSTER,1,1,0,0,2,0,496,59,15,2,555,17,2,0
01/20/2022,CUSTER,0,5,0,0,5,0,501,59,15,2,560,17,5,0
01/21/2022,CUSTER,0,5,0,0,5,0,506,59,15,2,565,17,5,0
01/22/2022,CUSTER,0,12,0,0,12,0,518,59,15,2,577,17,12,0
01/23/2022,CUSTER,0,3,0,0,3,0,521,59,15,2,580,17,3,0
01/24/2022,CUSTER,0,7,0,0,7,0,528,59,15,2,587,17,7,0
01/25/2022,CUSTER,1,0,0,0,1,0,528,60,15,2,588,17,1,0
01/26/2022,CUSTER,0,5,0,0,5,0,533,60,15,2,593,17,5,0
01/27/2022,CUSTER,0,4,0,0,4,0,537,60,15,2,597,17,4,0
01/28/2022,CUSTER,1,1,0,0,2,0,538,61,15,2,599,17,2,0
01/29/2022,CUSTER,1,3,1,0,4,1,541,62,15,3,603,18,4,1
01/30/2022,CUSTER,0,1,0,0,1,0,542,62,15,3,604,18,1,0
02/01/2022,CUSTER,1,0,0,0,1,0,542,63,15,3,605,18,1,0
02/03/2022,CUSTER,0,1,0,0,1,0,543,63,15,3,606,18,1,0
02/04/2022,CUSTER,1,0,0,0,1,0,543,64,15,3,607,18,1,0
02/05/2022,CUSTER,0,2,0,0,2,0,545,64,15,3,609,18,2,0
02/07/2022,CUSTER,0,1,0,0,1,0,546,64,15,3,610,18,1,0
02/08/2022,CUSTER,4,1,0,0,5,0,547,68,15,3,615,18,5,0
02/09/2022,CUSTER,0,2,0,0,2,0,549,68,15,3,617,18,2,0
02/10/2022,CUSTER,0,1,0,0,1,0,550,68,15,3,618,18,1,0
02/11/2022,CUSTER,2,2,0,1,4,1,552,70,16,3,622,19,4,1
02/12/2022,CUSTER,0,1,0,0,1,0,553,70,16,3,623,19,1,0
02/14/2022,CUSTER,0,1,0,0,1,0,554,70,16,3,624,19,1,0
02/15/2022,CUSTER,0,2,0,0,2,0,556,70,16,3,626,19,2,0
02/17/2022,CUSTER,1,0,0,0,1,0,556,71,16,3,627,19,1,0
02/19/2022,CUSTER,0,1,0,0,1,0,557,71,16,3,628,19,1,0
02/22/2022,CUSTER,0,2,0,0,2,0,559,71,16,3,630,19,2,0
02/25/2022,CUSTER,1,0,0,0,1,0,559,72,16,3,631,19,1,0
02/26/2022,CUSTER,0,1,0,0,1,0,560,72,16,3,632,19,1,0
02/28/2022,CUSTER,1,0,0,0,1,0,560,73,16,3,633,19,1,0
03/23/2020,DELTA,0,1,0,0,1,0,1,0,0,0,1,0,-632,-19
03/26/2020,DELTA,0,1,0,0,1,0,2,0,0,0,2,0,1,0
03/27/2020,DELTA,0,1,0,0,1,0,3,0,0,0,3,0,1,0
03/31/2020,DELTA,1,0,0,0,1,0,3,1,0,0,4,0,1,0
04/02/2020,DELTA,1,2,0,0,3,0,5,2,0,0,7,0,3,0
04/05/2020,DELTA,0,1,0,1,1,1,6,2,1,0,8,1,1,1
04/07/2020,DELTA,1,1,0,0,2,0,7,3,1,0,10,1,2,0
04/08/2020,DELTA,0,1,0,0,1,0,8,3,1,0,11,1,1,0
04/11/2020,DELTA,0,1,0,0,1,0,9,3,1,0,12,1,1,0
04/12/2020,DELTA,0,1,0,0,1,0,10,3,1,0,13,1,1,0
04/13/2020,DELTA,3,0,0,0,3,0,10,6,1,0,16,1,3,0
04/14/2020,DELTA,2,2,0,0,4,0,12,8,1,0,20,1,4,0
04/15/2020,DELTA,0,1,0,0,1,0,13,8,1,0,21,1,1,0
04/16/2020,DELTA,1,2,0,0,3,0,15,9,1,0,24,1,3,0
04/17/2020,DELTA,1,2,0,0,3,0,17,10,1,0,27,1,3,0
04/18/2020,DELTA,0,3,0,0,3,0,20,10,1,0,30,1,3,0
04/19/2020,DELTA,1,2,0,0,3,0,22,11,1,0,33,1,3,0
04/23/2020,DELTA,0,1,0,0,1,0,23,11,1,0,34,1,1,0
04/25/2020,DELTA,0,1,0,0,1,0,24,11,1,0,35,1,1,0
04/26/2020,DELTA,0,6,0,1,6,1,30,11,2,0,41,2,6,1
04/27/2020,DELTA,1,0,0,0,1,0,30,12,2,0,42,2,1,0
04/28/2020,DELTA,7,2,0,0,9,0,32,19,2,0,51,2,9,0
04/29/2020,DELTA,0,1,0,0,1,0,33,19,2,0,52,2,1,0
04/30/2020,DELTA,0,2,0,0,2,0,35,19,2,0,54,2,2,0
05/01/2020,DELTA,0,2,0,0,2,0,37,19,2,0,56,2,2,0
05/02/2020,DELTA,0,2,0,0,2,0,39,19,2,0,58,2,2,0
05/03/2020,DELTA,2,0,0,0,2,0,39,21,2,0,60,2,2,0
05/04/2020,DELTA,0,1,0,0,1,0,40,21,2,0,61,2,1,0
05/05/2020,DELTA,0,1,0,0,1,0,41,21,2,0,62,2,1,0
05/06/2020,DELTA,0,1,0,0,1,0,42,21,2,0,63,2,1,0
05/07/2020,DELTA,0,1,0,0,1,0,43,21,2,0,64,2,1,0
05/09/2020,DELTA,0,1,0,0,1,0,44,21,2,0,65,2,1,0
05/23/2020,DELTA,0,2,0,0,2,0,46,21,2,0,67,2,2,0
05/28/2020,DELTA,0,1,0,0,1,0,47,21,2,0,68,2,1,0
05/29/2020,DELTA,0,1,0,0,1,0,48,21,2,0,69,2,1,0
06/01/2020,DELTA,0,4,0,0,4,0,52,21,2,0,73,2,4,0
06/02/2020,DELTA,0,2,0,0,2,0,54,21,2,0,75,2,2,0
06/05/2020,DELTA,0,2,0,0,2,0,56,21,2,0,77,2,2,0
06/06/2020,DELTA,0,2,0,0,2,0,58,21,2,0,79,2,2,0
06/13/2020,DELTA,0,1,0,0,1,0,59,21,2,0,80,2,1,0
06/14/2020,DELTA,0,1,0,0,1,0,60,21,2,0,81,2,1,0
06/16/2020,DELTA,0,1,0,0,1,0,61,21,2,0,82,2,1,0
06/17/2020,DELTA,0,1,0,0,1,0,62,21,2,0,83,2,1,0
06/20/2020,DELTA,0,1,0,0,1,0,63,21,2,0,84,2,1,0
06/25/2020,DELTA,0,1,0,0,1,0,64,21,2,0,85,2,1,0
06/27/2020,DELTA,0,1,0,0,1,0,65,21,2,0,86,2,1,0
06/30/2020,DELTA,0,1,0,0,1,0,66,21,2,0,87,2,1,0
07/13/2020,DELTA,0,1,0,0,1,0,67,21,2,0,88,2,1,0
07/14/2020,DELTA,0,1,0,1,1,1,68,21,3,0,89,3,1,1
07/17/2020,DELTA,0,1,0,0,1,0,69,21,3,0,90,3,1,0
07/18/2020,DELTA,0,1,0,0,1,0,70,21,3,0,91,3,1,0
07/20/2020,DELTA,0,2,0,0,2,0,72,21,3,0,93,3,2,0
07/21/2020,DELTA,0,3,0,0,3,0,75,21,3,0,96,3,3,0
07/22/2020,DELTA,0,2,0,0,2,0,77,21,3,0,98,3,2,0
07/24/2020,DELTA,0,4,0,0,4,0,81,21,3,0,102,3,4,0
07/27/2020,DELTA,0,2,0,0,2,0,83,21,3,0,104,3,2,0
07/28/2020,DELTA,0,1,0,1,1,1,84,21,4,0,105,4,1,1
07/29/2020,DELTA,0,2,0,0,2,0,86,21,4,0,107,4,2,0
07/30/2020,DELTA,0,1,0,0,1,0,87,21,4,0,108,4,1,0
07/31/2020,DELTA,0,3,0,0,3,0,90,21,4,0,111,4,3,0
08/01/2020,DELTA,0,2,0,0,2,0,92,21,4,0,113,4,2,0
08/02/2020,DELTA,1,1,0,0,2,0,93,22,4,0,115,4,2,0
08/03/2020,DELTA,0,5,0,0,5,0,98,22,4,0,120,4,5,0
08/05/2020,DELTA,0,2,0,0,2,0,100,22,4,0,122,4,2,0
08/07/2020,DELTA,0,1,0,0,1,0,101,22,4,0,123,4,1,0
08/09/2020,DELTA,0,5,0,0,5,0,106,22,4,0,128,4,5,0
08/10/2020,DELTA,0,3,0,0,3,0,109,22,4,0,131,4,3,0
08/11/2020,DELTA,0,1,0,0,1,0,110,22,4,0,132,4,1,0
08/12/2020,DELTA,0,1,0,0,1,0,111,22,4,0,133,4,1,0
08/13/2020,DELTA,0,1,0,0,1,0,112,22,4,0,134,4,1,0
08/15/2020,DELTA,0,1,0,0,1,0,113,22,4,0,135,4,1,0
08/17/2020,DELTA,0,5,0,0,5,0,118,22,4,0,140,4,5,0
08/18/2020,DELTA,0,1,0,0,1,0,119,22,4,0,141,4,1,0
08/20/2020,DELTA,0,1,0,0,1,0,120,22,4,0,142,4,1,0
08/23/2020,DELTA,0,1,0,0,1,0,121,22,4,0,143,4,1,0
08/24/2020,DELTA,0,7,0,0,7,0,128,22,4,0,150,4,7,0
08/26/2020,DELTA,0,4,0,0,4,0,132,22,4,0,154,4,4,0
08/27/2020,DELTA,0,1,0,0,1,0,133,22,4,0,155,4,1,0
08/28/2020,DELTA,0,6,0,0,6,0,139,22,4,0,161,4,6,0
08/29/2020,DELTA,0,3,0,0,3,0,142,22,4,0,164,4,3,0
08/30/2020,DELTA,1,3,0,0,4,0,145,23,4,0,168,4,4,0
09/01/2020,DELTA,0,1,0,0,1,0,146,23,4,0,169,4,1,0
09/03/2020,DELTA,0,2,0,0,2,0,148,23,4,0,171,4,2,0
09/04/2020,DELTA,0,1,0,0,1,0,149,23,4,0,172,4,1,0
09/05/2020,DELTA,0,1,0,0,1,0,150,23,4,0,173,4,1,0
09/07/2020,DELTA,0,1,0,0,1,0,151,23,4,0,174,4,1,0
09/08/2020,DELTA,0,1,0,0,1,0,152,23,4,0,175,4,1,0
09/10/2020,DELTA,0,1,0,1,1,1,153,23,5,0,176,5,1,1
09/13/2020,DELTA,0,1,0,0,1,0,154,23,5,0,177,5,1,0
09/14/2020,DELTA,0,2,0,0,2,0,156,23,5,0,179,5,2,0
09/15/2020,DELTA,0,2,0,0,2,0,158,23,5,0,181,5,2,0
09/16/2020,DELTA,0,1,0,0,1,0,159,23,5,0,182,5,1,0
09/17/2020,DELTA,0,2,0,0,2,0,161,23,5,0,184,5,2,0
09/18/2020,DELTA,0,6,0,0,6,0,167,23,5,0,190,5,6,0
09/19/2020,DELTA,0,1,0,0,1,0,168,23,5,0,191,5,1,0
09/20/2020,DELTA,0,1,0,0,1,0,169,23,5,0,192,5,1,0
09/25/2020,DELTA,0,1,0,0,1,0,170,23,5,0,193,5,1,0
09/26/2020,DELTA,0,1,0,0,1,0,171,23,5,0,194,5,1,0
09/30/2020,DELTA,0,2,0,0,2,0,173,23,5,0,196,5,2,0
10/06/2020,DELTA,0,1,0,0,1,0,174,23,5,0,197,5,1,0
10/09/2020,DELTA,0,1,0,0,1,0,175,23,5,0,198,5,1,0
10/15/2020,DELTA,0,1,0,0,1,0,176,23,5,0,199,5,1,0
10/20/2020,DELTA,0,1,0,0,1,0,177,23,5,0,200,5,1,0
10/21/2020,DELTA,0,2,0,0,2,0,179,23,5,0,202,5,2,0
10/22/2020,DELTA,0,2,0,0,2,0,181,23,5,0,204,5,2,0
10/24/2020,DELTA,0,1,0,0,1,0,182,23,5,0,205,5,1,0
10/25/2020,DELTA,0,1,0,0,1,0,183,23,5,0,206,5,1,0
10/26/2020,DELTA,0,2,0,0,2,0,185,23,5,0,208,5,2,0
10/27/2020,DELTA,0,2,0,0,2,0,187,23,5,0,210,5,2,0
10/28/2020,DELTA,0,7,0,0,7,0,194,23,5,0,217,5,7,0
10/29/2020,DELTA,0,3,0,0,3,0,197,23,5,0,220,5,3,0
10/30/2020,DELTA,0,1,0,0,1,0,198,23,5,0,221,5,1,0
10/31/2020,DELTA,0,2,0,0,2,0,200,23,5,0,223,5,2,0
11/01/2020,DELTA,0,3,0,0,3,0,203,23,5,0,226,5,3,0
11/02/2020,DELTA,0,13,0,2,13,2,216,23,7,0,239,7,13,2
11/03/2020,DELTA,1,6,0,0,7,0,222,24,7,0,246,7,7,0
11/04/2020,DELTA,0,6,0,0,6,0,228,24,7,0,252,7,6,0
11/05/2020,DELTA,0,7,0,0,7,0,235,24,7,0,259,7,7,0
11/06/2020,DELTA,0,11,0,0,11,0,246,24,7,0,270,7,11,0
11/07/2020,DELTA,0,6,0,0,6,0,252,24,7,0,276,7,6,0
11/08/2020,DELTA,0,14,0,1,14,1,266,24,8,0,290,8,14,1
11/09/2020,DELTA,0,5,0,0,5,0,271,24,8,0,295,8,5,0
11/10/2020,DELTA,0,5,0,0,5,0,276,24,8,0,300,8,5,0
11/11/2020,DELTA,0,12,0,3,12,3,288,24,11,0,312,11,12,3
11/12/2020,DELTA,0,20,0,0,20,0,308,24,11,0,332,11,20,0
11/13/2020,DELTA,0,17,0,1,17,1,325,24,12,0,349,12,17,1
11/14/2020,DELTA,0,13,0,0,13,0,338,24,12,0,362,12,13,0
11/15/2020,DELTA,0,9,0,0,9,0,347,24,12,0,371,12,9,0
11/16/2020,DELTA,0,18,0,1,18,1,365,24,13,0,389,13,18,1
11/17/2020,DELTA,1,21,0,0,22,0,386,25,13,0,411,13,22,0
11/18/2020,DELTA,1,20,0,0,21,0,406,26,13,0,432,13,21,0
11/19/2020,DELTA,0,10,0,1,10,1,416,26,14,0,442,14,10,1
11/20/2020,DELTA,0,14,0,0,14,0,430,26,14,0,456,14,14,0
11/21/2020,DELTA,0,28,0,0,28,0,458,26,14,0,484,14,28,0
11/22/2020,DELTA,1,36,0,1,37,1,494,27,15,0,521,15,37,1
11/23/2020,DELTA,0,16,0,0,16,0,510,27,15,0,537,15,16,0
11/24/2020,DELTA,0,10,0,0,10,0,520,27,15,0,547,15,10,0
11/25/2020,DELTA,0,32,0,1,32,1,552,27,16,0,579,16,32,1
11/26/2020,DELTA,0,19,0,0,19,0,571,27,16,0,598,16,19,0
11/27/2020,DELTA,1,24,0,2,25,2,595,28,18,0,623,18,25,2
11/28/2020,DELTA,0,33,0,0,33,0,628,28,18,0,656,18,33,0
11/29/2020,DELTA,0,24,0,0,24,0,652,28,18,0,680,18,24,0
11/30/2020,DELTA,1,24,0,1,25,1,676,29,19,0,705,19,25,1
12/01/2020,DELTA,0,18,0,0,18,0,694,29,19,0,723,19,18,0
12/02/2020,DELTA,0,28,0,0,28,0,722,29,19,0,751,19,28,0
12/03/2020,DELTA,0,59,0,2,59,2,781,29,21,0,810,21,59,2
12/04/2020,DELTA,3,67,0,0,70,0,848,32,21,0,880,21,70,0
12/05/2020,DELTA,0,14,0,1,14,1,862,32,22,0,894,22,14,1
12/06/2020,DELTA,0,10,0,0,10,0,872,32,22,0,904,22,10,0
12/07/2020,DELTA,0,41,0,0,41,0,913,32,22,0,945,22,41,0
12/08/2020,DELTA,2,38,0,1,40,1,951,34,23,0,985,23,40,1
12/09/2020,DELTA,1,30,0,0,31,0,981,35,23,0,1016,23,31,0
12/10/2020,DELTA,3,42,0,1,45,1,1023,38,24,0,1061,24,45,1
12/11/2020,DELTA,3,50,0,0,53,0,1073,41,24,0,1114,24,53,0
12/12/2020,DELTA,0,21,0,1,21,1,1094,41,25,0,1135,25,21,1
12/13/2020,DELTA,0,50,0,0,50,0,1144,41,25,0,1185,25,50,0
12/14/2020,DELTA,3,28,1,2,31,3,1172,44,27,1,1216,28,31,3
12/15/2020,DELTA,3,10,0,0,13,0,1182,47,27,1,1229,28,13,0
12/16/2020,DELTA,0,26,0,0,26,0,1208,47,27,1,1255,28,26,0
12/17/2020,DELTA,0,22,0,2,22,2,1230,47,29,1,1277,30,22,2
12/18/2020,DELTA,0,42,0,0,42,0,1272,47,29,1,1319,30,42,0
12/19/2020,DELTA,0,58,0,2,58,2,1330,47,31,1,1377,32,58,2
12/20/2020,DELTA,1,30,0,0,31,0,1360,48,31,1,1408,32,31,0
12/21/2020,DELTA,0,21,0,0,21,0,1381,48,31,1,1429,32,21,0
12/22/2020,DELTA,0,11,0,0,11,0,1392,48,31,1,1440,32,11,0
12/23/2020,DELTA,0,21,0,1,21,1,1413,48,32,1,1461,33,21,1
12/24/2020,DELTA,2,23,0,0,25,0,1436,50,32,1,1486,33,25,0
12/25/2020,DELTA,0,24,0,0,24,0,1460,50,32,1,1510,33,24,0
12/26/2020,DELTA,1,58,0,2,59,2,1518,51,34,1,1569,35,59,2
12/27/2020,DELTA,0,17,0,0,17,0,1535,51,34,1,1586,35,17,0
12/28/2020,DELTA,0,8,0,0,8,0,1543,51,34,1,1594,35,8,0
12/29/2020,DELTA,0,9,0,0,9,0,1552,51,34,1,1603,35,9,0
12/30/2020,DELTA,4,4,0,0,8,0,1556,55,34,1,1611,35,8,0
12/31/2020,DELTA,5,20,0,0,25,0,1576,60,34,1,1636,35,25,0
01/01/2021,DELTA,0,9,0,0,9,0,1585,60,34,1,1645,35,9,0
01/02/2021,DELTA,1,61,0,5,62,5,1646,61,39,1,1707,40,62,5
01/03/2021,DELTA,0,21,0,2,21,2,1667,61,41,1,1728,42,21,2
01/04/2021,DELTA,21,27,3,3,48,6,1694,82,44,4,1776,48,48,6
01/05/2021,DELTA,1,3,0,0,4,0,1697,83,44,4,1780,48,4,0
01/06/2021,DELTA,4,31,0,0,35,0,1728,87,44,4,1815,48,35,0
01/07/2021,DELTA,3,77,0,3,80,3,1805,90,47,4,1895,51,80,3
01/08/2021,DELTA,2,21,0,0,23,0,1826,92,47,4,1918,51,23,0
01/09/2021,DELTA,0,25,0,2,25,2,1851,92,49,4,1943,53,25,2
01/10/2021,DELTA,0,17,0,1,17,1,1868,92,50,4,1960,54,17,1
01/11/2021,DELTA,13,22,0,1,35,1,1890,105,51,4,1995,55,35,1
01/12/2021,DELTA,7,41,0,0,48,0,1931,112,51,4,2043,55,48,0
01/13/2021,DELTA,4,13,0,1,17,1,1944,116,52,4,2060,56,17,1
01/14/2021,DELTA,2,27,0,0,29,0,1971,118,52,4,2089,56,29,0
01/15/2021,DELTA,6,28,0,0,34,0,1999,124,52,4,2123,56,34,0
01/16/2021,DELTA,2,17,0,0,19,0,2016,126,52,4,2142,56,19,0
01/17/2021,DELTA,0,3,0,0,3,0,2019,126,52,4,2145,56,3,0
01/18/2021,DELTA,0,19,0,0,19,0,2038,126,52,4,2164,56,19,0
01/19/2021,DELTA,11,6,0,0,17,0,2044,137,52,4,2181,56,17,0
01/20/2021,DELTA,5,42,0,1,47,1,2086,142,53,4,2228,57,47,1
01/21/2021,DELTA,3,8,0,1,11,1,2094,145,54,4,2239,58,11,1
01/22/2021,DELTA,5,15,0,0,20,0,2109,150,54,4,2259,58,20,0
01/23/2021,DELTA,1,18,0,1,19,1,2127,151,55,4,2278,59,19,1
01/24/2021,DELTA,0,11,0,0,11,0,2138,151,55,4,2289,59,11,0
01/25/2021,DELTA,5,13,0,2,18,2,2151,156,57,4,2307,61,18,2
01/26/2021,DELTA,1,12,0,0,13,0,2163,157,57,4,2320,61,13,0
01/27/2021,DELTA,2,6,0,0,8,0,2169,159,57,4,2328,61,8,0
01/28/2021,DELTA,3,16,0,0,19,0,2185,162,57,4,2347,61,19,0
01/29/2021,DELTA,1,9,0,0,10,0,2194,163,57,4,2357,61,10,0
01/30/2021,DELTA,0,8,0,0,8,0,2202,163,57,4,2365,61,8,0
01/31/2021,DELTA,0,2,0,0,2,0,2204,163,57,4,2367,61,2,0
02/01/2021,DELTA,3,7,0,0,10,0,2211,166,57,4,2377,61,10,0
02/02/2021,DELTA,6,7,0,1,13,1,2218,172,58,4,2390,62,13,1
02/03/2021,DELTA,0,7,0,0,7,0,2225,172,58,4,2397,62,7,0
02/04/2021,DELTA,1,10,0,1,11,1,2235,173,59,4,2408,63,11,1
02/05/2021,DELTA,0,1,0,0,1,0,2236,173,59,4,2409,63,1,0
02/06/2021,DELTA,0,10,0,0,10,0,2246,173,59,4,2419,63,10,0
02/07/2021,DELTA,0,1,0,0,1,0,2247,173,59,4,2420,63,1,0
02/08/2021,DELTA,2,5,0,0,7,0,2252,175,59,4,2427,63,7,0
02/09/2021,DELTA,1,1,0,0,2,0,2253,176,59,4,2429,63,2,0
02/10/2021,DELTA,2,6,0,0,8,0,2259,178,59,4,2437,63,8,0
02/11/2021,DELTA,0,1,0,0,1,0,2260,178,59,4,2438,63,1,0
02/12/2021,DELTA,3,2,0,0,5,0,2262,181,59,4,2443,63,5,0
02/13/2021,DELTA,0,9,0,0,9,0,2271,181,59,4,2452,63,9,0
02/14/2021,DELTA,0,1,0,0,1,0,2272,181,59,4,2453,63,1,0
02/15/2021,DELTA,4,0,0,0,4,0,2272,185,59,4,2457,63,4,0
02/16/2021,DELTA,0,1,0,0,1,0,2273,185,59,4,2458,63,1,0
02/17/2021,DELTA,1,2,0,0,3,0,2275,186,59,4,2461,63,3,0
02/18/2021,DELTA,2,5,0,0,7,0,2280,188,59,4,2468,63,7,0
02/19/2021,DELTA,0,2,0,0,2,0,2282,188,59,4,2470,63,2,0
02/20/2021,DELTA,0,3,0,0,3,0,2285,188,59,4,2473,63,3,0
02/21/2021,DELTA,0,4,0,0,4,0,2289,188,59,4,2477,63,4,0
02/22/2021,DELTA,0,3,0,0,3,0,2292,188,59,4,2480,63,3,0
02/23/2021,DELTA,1,5,0,0,6,0,2297,189,59,4,2486,63,6,0
02/24/2021,DELTA,2,8,0,0,10,0,2305,191,59,4,2496,63,10,0
02/25/2021,DELTA,0,3,0,0,3,0,2308,191,59,4,2499,63,3,0
02/26/2021,DELTA,0,2,0,0,2,0,2310,191,59,4,2501,63,2,0
02/27/2021,DELTA,1,1,0,0,2,0,2311,192,59,4,2503,63,2,0
03/01/2021,DELTA,0,1,0,0,1,0,2312,192,59,4,2504,63,1,0
03/02/2021,DELTA,1,1,0,0,2,0,2313,193,59,4,2506,63,2,0
03/03/2021,DELTA,0,4,0,0,4,0,2317,193,59,4,2510,63,4,0
03/04/2021,DELTA,1,1,0,0,2,0,2318,194,59,4,2512,63,2,0
03/05/2021,DELTA,1,1,0,0,2,0,2319,195,59,4,2514,63,2,0
03/08/2021,DELTA,0,3,0,0,3,0,2322,195,59,4,2517,63,3,0
03/09/2021,DELTA,0,1,0,0,1,0,2323,195,59,4,2518,63,1,0
03/10/2021,DELTA,0,1,0,0,1,0,2324,195,59,4,2519,63,1,0
03/12/2021,DELTA,1,1,0,0,2,0,2325,196,59,4,2521,63,2,0
03/15/2021,DELTA,0,1,0,0,1,0,2326,196,59,4,2522,63,1,0
03/16/2021,DELTA,0,2,0,0,2,0,2328,196,59,4,2524,63,2,0
03/18/2021,DELTA,1,2,0,0,3,0,2330,197,59,4,2527,63,3,0
03/19/2021,DELTA,0,4,0,0,4,0,2334,197,59,4,2531,63,4,0
03/20/2021,DELTA,0,1,0,0,1,0,2335,197,59,4,2532,63,1,0
03/22/2021,DELTA,0,3,0,0,3,0,2338,197,59,4,2535,63,3,0
03/23/2021,DELTA,3,6,0,0,9,0,2344,200,59,4,2544,63,9,0
03/24/2021,DELTA,1,5,0,0,6,0,2349,201,59,4,2550,63,6,0
03/25/2021,DELTA,1,6,0,0,7,0,2355,202,59,4,2557,63,7,0
03/26/2021,DELTA,0,5,0,1,5,1,2360,202,60,4,2562,64,5,1
03/28/2021,DELTA,1,3,0,0,4,0,2363,203,60,4,2566,64,4,0
03/30/2021,DELTA,2,0,0,0,2,0,2363,205,60,4,2568,64,2,0
03/31/2021,DELTA,3,1,0,0,4,0,2364,208,60,4,2572,64,4,0
04/01/2021,DELTA,6,2,0,0,8,0,2366,214,60,4,2580,64,8,0
04/02/2021,DELTA,1,2,0,0,3,0,2368,215,60,4,2583,64,3,0
04/03/2021,DELTA,0,5,0,0,5,0,2373,215,60,4,2588,64,5,0
04/05/2021,DELTA,4,1,0,0,5,0,2374,219,60,4,2593,64,5,0
04/06/2021,DELTA,0,2,0,0,2,0,2376,219,60,4,2595,64,2,0
04/07/2021,DELTA,2,2,0,0,4,0,2378,221,60,4,2599,64,4,0
04/08/2021,DELTA,2,13,0,0,15,0,2391,223,60,4,2614,64,15,0
04/09/2021,DELTA,1,1,0,0,2,0,2392,224,60,4,2616,64,2,0
04/10/2021,DELTA,0,3,0,0,3,0,2395,224,60,4,2619,64,3,0
04/11/2021,DELTA,0,2,0,0,2,0,2397,224,60,4,2621,64,2,0
04/12/2021,DELTA,3,7,0,0,10,0,2404,227,60,4,2631,64,10,0
04/13/2021,DELTA,3,0,0,0,3,0,2404,230,60,4,2634,64,3,0
04/14/2021,DELTA,1,12,0,0,13,0,2416,231,60,4,2647,64,13,0
04/15/2021,DELTA,0,4,0,0,4,0,2420,231,60,4,2651,64,4,0
04/16/2021,DELTA,4,2,0,0,6,0,2422,235,60,4,2657,64,6,0
04/17/2021,DELTA,0,3,0,0,3,0,2425,235,60,4,2660,64,3,0
04/18/2021,DELTA,2,2,0,0,4,0,2427,237,60,4,2664,64,4,0
04/19/2021,DELTA,0,4,0,0,4,0,2431,237,60,4,2668,64,4,0
04/20/2021,DELTA,1,0,0,0,1,0,2431,238,60,4,2669,64,1,0
04/21/2021,DELTA,0,3,0,0,3,0,2434,238,60,4,2672,64,3,0
04/22/2021,DELTA,1,2,0,0,3,0,2436,239,60,4,2675,64,3,0
04/23/2021,DELTA,2,0,0,0,2,0,2436,241,60,4,2677,64,2,0
04/24/2021,DELTA,0,2,0,0,2,0,2438,241,60,4,2679,64,2,0
04/26/2021,DELTA,0,4,0,0,4,0,2442,241,60,4,2683,64,4,0
04/27/2021,DELTA,1,0,0,0,1,0,2442,242,60,4,2684,64,1,0
04/28/2021,DELTA,1,4,0,0,5,0,2446,243,60,4,2689,64,5,0
04/29/2021,DELTA,1,2,0,0,3,0,2448,244,60,4,2692,64,3,0
04/30/2021,DELTA,0,3,0,0,3,0,2451,244,60,4,2695,64,3,0
05/01/2021,DELTA,0,1,0,0,1,0,2452,244,60,4,2696,64,1,0
05/03/2021,DELTA,1,2,0,0,3,0,2454,245,60,4,2699,64,3,0
05/04/2021,DELTA,0,1,0,0,1,0,2455,245,60,4,2700,64,1,0
05/05/2021,DELTA,2,3,0,0,5,0,2458,247,60,4,2705,64,5,0
05/06/2021,DELTA,3,11,0,0,14,0,2469,250,60,4,2719,64,14,0
05/07/2021,DELTA,0,2,0,0,2,0,2471,250,60,4,2721,64,2,0
05/08/2021,DELTA,0,2,0,0,2,0,2473,250,60,4,2723,64,2,0
05/10/2021,DELTA,2,3,0,1,5,1,2476,252,61,4,2728,65,5,1
05/11/2021,DELTA,0,6,0,0,6,0,2482,252,61,4,2734,65,6,0
05/12/2021,DELTA,2,17,0,1,19,1,2499,254,62,4,2753,66,19,1
05/13/2021,DELTA,1,2,0,0,3,0,2501,255,62,4,2756,66,3,0
05/14/2021,DELTA,1,4,0,0,5,0,2505,256,62,4,2761,66,5,0
05/15/2021,DELTA,0,1,0,0,1,0,2506,256,62,4,2762,66,1,0
05/17/2021,DELTA,1,1,0,0,2,0,2507,257,62,4,2764,66,2,0
05/18/2021,DELTA,1,0,0,0,1,0,2507,258,62,4,2765,66,1,0
05/19/2021,DELTA,3,2,0,0,5,0,2509,261,62,4,2770,66,5,0
05/20/2021,DELTA,1,1,0,0,2,0,2510,262,62,4,2772,66,2,0
05/21/2021,DELTA,0,2,0,0,2,0,2512,262,62,4,2774,66,2,0
05/22/2021,DELTA,0,4,0,0,4,0,2516,262,62,4,2778,66,4,0
05/24/2021,DELTA,2,7,0,0,9,0,2523,264,62,4,2787,66,9,0
05/25/2021,DELTA,0,1,0,0,1,0,2524,264,62,4,2788,66,1,0
05/26/2021,DELTA,0,2,0,1,2,1,2526,264,63,4,2790,67,2,1
05/27/2021,DELTA,0,1,0,0,1,0,2527,264,63,4,2791,67,1,0
05/29/2021,DELTA,0,2,0,0,2,0,2529,264,63,4,2793,67,2,0
05/31/2021,DELTA,0,1,0,0,1,0,2530,264,63,4,2794,67,1,0
06/01/2021,DELTA,8,1,0,0,9,0,2531,272,63,4,2803,67,9,0
06/02/2021,DELTA,2,2,0,0,4,0,2533,274,63,4,2807,67,4,0
06/03/2021,DELTA,1,3,0,0,4,0,2536,275,63,4,2811,67,4,0
06/04/2021,DELTA,1,3,0,0,4,0,2539,276,63,4,2815,67,4,0
06/05/2021,DELTA,0,5,0,0,5,0,2544,276,63,4,2820,67,5,0
06/07/2021,DELTA,4,3,0,0,7,0,2547,280,63,4,2827,67,7,0
06/08/2021,DELTA,2,5,0,0,7,0,2552,282,63,4,2834,67,7,0
06/09/2021,DELTA,1,7,0,0,8,0,2559,283,63,4,2842,67,8,0
06/10/2021,DELTA,3,0,0,0,3,0,2559,286,63,4,2845,67,3,0
06/11/2021,DELTA,2,4,0,0,6,0,2563,288,63,4,2851,67,6,0
06/12/2021,DELTA,0,12,0,0,12,0,2575,288,63,4,2863,67,12,0
06/14/2021,DELTA,1,5,0,0,6,0,2580,289,63,4,2869,67,6,0
06/15/2021,DELTA,3,4,0,0,7,0,2584,292,63,4,2876,67,7,0
06/16/2021,DELTA,2,9,0,0,11,0,2593,294,63,4,2887,67,11,0
06/17/2021,DELTA,2,10,0,0,12,0,2603,296,63,4,2899,67,12,0
06/18/2021,DELTA,1,0,0,0,1,0,2603,297,63,4,2900,67,1,0
06/19/2021,DELTA,1,8,0,0,9,0,2611,298,63,4,2909,67,9,0
06/20/2021,DELTA,1,1,0,0,2,0,2612,299,63,4,2911,67,2,0
06/21/2021,DELTA,0,2,0,0,2,0,2614,299,63,4,2913,67,2,0
06/22/2021,DELTA,7,0,0,0,7,0,2614,306,63,4,2920,67,7,0
06/23/2021,DELTA,1,11,0,0,12,0,2625,307,63,4,2932,67,12,0
06/24/2021,DELTA,0,5,0,1,5,1,2630,307,64,4,2937,68,5,1
06/25/2021,DELTA,0,1,0,0,1,0,2631,307,64,4,2938,68,1,0
06/26/2021,DELTA,0,3,0,0,3,0,2634,307,64,4,2941,68,3,0
06/28/2021,DELTA,1,1,1,0,2,1,2635,308,64,5,2943,69,2,1
06/29/2021,DELTA,0,5,0,0,5,0,2640,308,64,5,2948,69,5,0
06/30/2021,DELTA,3,5,0,0,8,0,2645,311,64,5,2956,69,8,0
07/01/2021,DELTA,0,6,0,0,6,0,2651,311,64,5,2962,69,6,0
07/02/2021,DELTA,2,6,0,1,8,1,2657,313,65,5,2970,70,8,1
07/03/2021,DELTA,0,3,0,0,3,0,2660,313,65,5,2973,70,3,0
07/04/2021,DELTA,0,4,0,0,4,0,2664,313,65,5,2977,70,4,0
07/07/2021,DELTA,7,5,0,0,12,0,2669,320,65,5,2989,70,12,0
07/08/2021,DELTA,2,2,0,1,4,1,2671,322,66,5,2993,71,4,1
07/09/2021,DELTA,0,2,0,0,2,0,2673,322,66,5,2995,71,2,0
07/10/2021,DELTA,0,4,0,0,4,0,2677,322,66,5,2999,71,4,0
07/11/2021,DELTA,0,1,0,0,1,0,2678,322,66,5,3000,71,1,0
07/12/2021,DELTA,3,52,0,4,55,4,2730,325,70,5,3055,75,55,4
07/13/2021,DELTA,1,1,0,0,2,0,2731,326,70,5,3057,75,2,0
07/14/2021,DELTA,1,3,0,0,4,0,2734,327,70,5,3061,75,4,0
07/15/2021,DELTA,4,1,0,0,5,0,2735,331,70,5,3066,75,5,0
07/16/2021,DELTA,0,4,0,0,4,0,2739,331,70,5,3070,75,4,0
07/17/2021,DELTA,0,5,0,0,5,0,2744,331,70,5,3075,75,5,0
07/19/2021,DELTA,1,4,0,0,5,0,2748,332,70,5,3080,75,5,0
07/20/2021,DELTA,4,5,0,0,9,0,2753,336,70,5,3089,75,9,0
07/21/2021,DELTA,0,3,0,1,3,1,2756,336,71,5,3092,76,3,1
07/22/2021,DELTA,0,5,0,0,5,0,2761,336,71,5,3097,76,5,0
07/23/2021,DELTA,6,3,0,0,9,0,2764,342,71,5,3106,76,9,0
07/24/2021,DELTA,0,3,0,0,3,0,2767,342,71,5,3109,76,3,0
07/25/2021,DELTA,0,1,0,0,1,0,2768,342,71,5,3110,76,1,0
07/26/2021,DELTA,1,8,0,0,9,0,2776,343,71,5,3119,76,9,0
07/27/2021,DELTA,0,1,0,0,1,0,2777,343,71,5,3120,76,1,0
07/28/2021,DELTA,0,5,0,0,5,0,2782,343,71,5,3125,76,5,0
07/29/2021,DELTA,0,3,0,0,3,0,2785,343,71,5,3128,76,3,0
07/30/2021,DELTA,0,3,0,0,3,0,2788,343,71,5,3131,76,3,0
07/31/2021,DELTA,0,3,0,0,3,0,2791,343,71,5,3134,76,3,0
08/01/2021,DELTA,0,1,0,0,1,0,2792,343,71,5,3135,76,1,0
08/02/2021,DELTA,2,4,0,0,6,0,2796,345,71,5,3141,76,6,0
08/03/2021,DELTA,0,3,0,0,3,0,2799,345,71,5,3144,76,3,0
08/04/2021,DELTA,0,6,0,1,6,1,2805,345,72,5,3150,77,6,1
08/05/2021,DELTA,1,0,0,0,1,0,2805,346,72,5,3151,77,1,0
08/06/2021,DELTA,0,6,0,0,6,0,2811,346,72,5,3157,77,6,0
08/07/2021,DELTA,0,3,0,0,3,0,2814,346,72,5,3160,77,3,0
08/08/2021,DELTA,0,1,0,0,1,0,2815,346,72,5,3161,77,1,0
08/09/2021,DELTA,1,2,0,0,3,0,2817,347,72,5,3164,77,3,0
08/10/2021,DELTA,1,6,0,1,7,1,2823,348,73,5,3171,78,7,1
08/11/2021,DELTA,0,4,0,0,4,0,2827,348,73,5,3175,78,4,0
08/13/2021,DELTA,0,2,0,0,2,0,2829,348,73,5,3177,78,2,0
08/16/2021,DELTA,0,2,0,0,2,0,2831,348,73,5,3179,78,2,0
08/17/2021,DELTA,1,12,0,0,13,0,2843,349,73,5,3192,78,13,0
08/18/2021,DELTA,0,9,0,0,9,0,2852,349,73,5,3201,78,9,0
08/19/2021,DELTA,2,2,0,0,4,0,2854,351,73,5,3205,78,4,0
08/20/2021,DELTA,0,6,0,0,6,0,2860,351,73,5,3211,78,6,0
08/21/2021,DELTA,0,9,0,0,9,0,2869,351,73,5,3220,78,9,0
08/22/2021,DELTA,0,1,0,0,1,0,2870,351,73,5,3221,78,1,0
08/23/2021,DELTA,0,3,0,0,3,0,2873,351,73,5,3224,78,3,0
08/24/2021,DELTA,0,3,0,0,3,0,2876,351,73,5,3227,78,3,0
08/25/2021,DELTA,0,5,0,0,5,0,2881,351,73,5,3232,78,5,0
08/26/2021,DELTA,0,4,0,0,4,0,2885,351,73,5,3236,78,4,0
08/27/2021,DELTA,0,2,0,0,2,0,2887,351,73,5,3238,78,2,0
08/28/2021,DELTA,0,1,0,0,1,0,2888,351,73,5,3239,78,1,0
08/30/2021,DELTA,0,3,0,0,3,0,2891,351,73,5,3242,78,3,0
08/31/2021,DELTA,1,2,0,0,3,0,2893,352,73,5,3245,78,3,0
09/01/2021,DELTA,0,9,0,1,9,1,2902,352,74,5,3254,79,9,1
09/02/2021,DELTA,1,9,0,1,10,1,2911,353,75,5,3264,80,10,1
09/03/2021,DELTA,0,5,0,1,5,1,2916,353,76,5,3269,81,5,1
09/04/2021,DELTA,0,9,0,0,9,0,2925,353,76,5,3278,81,9,0
09/05/2021,DELTA,0,2,0,0,2,0,2927,353,76,5,3280,81,2,0
09/06/2021,DELTA,0,7,0,0,7,0,2934,353,76,5,3287,81,7,0
09/07/2021,DELTA,0,3,0,0,3,0,2937,353,76,5,3290,81,3,0
09/08/2021,DELTA,2,9,0,0,11,0,2946,355,76,5,3301,81,11,0
09/09/2021,DELTA,0,6,0,0,6,0,2952,355,76,5,3307,81,6,0
09/10/2021,DELTA,1,16,0,0,17,0,2968,356,76,5,3324,81,17,0
09/11/2021,DELTA,0,8,0,1,8,1,2976,356,77,5,3332,82,8,1
09/13/2021,DELTA,0,10,0,0,10,0,2986,356,77,5,3342,82,10,0
09/14/2021,DELTA,2,5,0,0,7,0,2991,358,77,5,3349,82,7,0
09/15/2021,DELTA,4,6,0,0,10,0,2997,362,77,5,3359,82,10,0
09/16/2021,DELTA,0,4,0,0,4,0,3001,362,77,5,3363,82,4,0
09/17/2021,DELTA,1,21,0,0,22,0,3022,363,77,5,3385,82,22,0
09/18/2021,DELTA,0,13,0,0,13,0,3035,363,77,5,3398,82,13,0
09/19/2021,DELTA,2,3,0,0,5,0,3038,365,77,5,3403,82,5,0
09/20/2021,DELTA,0,6,0,0,6,0,3044,365,77,5,3409,82,6,0
09/21/2021,DELTA,4,14,0,0,18,0,3058,369,77,5,3427,82,18,0
09/22/2021,DELTA,0,14,0,0,14,0,3072,369,77,5,3441,82,14,0
09/23/2021,DELTA,1,16,0,0,17,0,3088,370,77,5,3458,82,17,0
09/24/2021,DELTA,0,11,0,0,11,0,3099,370,77,5,3469,82,11,0
09/25/2021,DELTA,0,14,0,0,14,0,3113,370,77,5,3483,82,14,0
09/26/2021,DELTA,0,3,0,0,3,0,3116,370,77,5,3486,82,3,0
09/27/2021,DELTA,2,15,0,0,17,0,3131,372,77,5,3503,82,17,0
09/28/2021,DELTA,1,10,0,0,11,0,3141,373,77,5,3514,82,11,0
09/29/2021,DELTA,1,20,0,0,21,0,3161,374,77,5,3535,82,21,0
09/30/2021,DELTA,0,12,0,0,12,0,3173,374,77,5,3547,82,12,0
10/01/2021,DELTA,1,12,0,0,13,0,3185,375,77,5,3560,82,13,0
10/02/2021,DELTA,0,7,0,0,7,0,3192,375,77,5,3567,82,7,0
10/03/2021,DELTA,0,2,0,0,2,0,3194,375,77,5,3569,82,2,0
10/04/2021,DELTA,3,40,0,0,43,0,3234,378,77,5,3612,82,43,0
10/05/2021,DELTA,1,7,0,0,8,0,3241,379,77,5,3620,82,8,0
10/06/2021,DELTA,1,33,0,1,34,1,3274,380,78,5,3654,83,34,1
10/07/2021,DELTA,2,28,0,0,30,0,3302,382,78,5,3684,83,30,0
10/08/2021,DELTA,4,20,0,0,24,0,3322,386,78,5,3708,83,24,0
10/09/2021,DELTA,1,6,0,0,7,0,3328,387,78,5,3715,83,7,0
10/10/2021,DELTA,0,14,0,0,14,0,3342,387,78,5,3729,83,14,0
10/11/2021,DELTA,0,26,0,3,26,3,3368,387,81,5,3755,86,26,3
10/12/2021,DELTA,0,12,0,0,12,0,3380,387,81,5,3767,86,12,0
10/13/2021,DELTA,3,32,0,0,35,0,3412,390,81,5,3802,86,35,0
10/14/2021,DELTA,4,24,0,0,28,0,3436,394,81,5,3830,86,28,0
10/15/2021,DELTA,2,15,0,2,17,2,3451,396,83,5,3847,88,17,2
10/16/2021,DELTA,0,2,0,0,2,0,3453,396,83,5,3849,88,2,0
10/17/2021,DELTA,0,11,0,0,11,0,3464,396,83,5,3860,88,11,0
10/18/2021,DELTA,6,19,0,1,25,1,3483,402,84,5,3885,89,25,1
10/19/2021,DELTA,2,19,0,0,21,0,3502,404,84,5,3906,89,21,0
10/20/2021,DELTA,1,21,0,2,22,2,3523,405,86,5,3928,91,22,2
10/21/2021,DELTA,1,25,0,0,26,0,3548,406,86,5,3954,91,26,0
10/22/2021,DELTA,0,13,0,1,13,1,3561,406,87,5,3967,92,13,1
10/23/2021,DELTA,1,0,0,0,1,0,3561,407,87,5,3968,92,1,0
10/24/2021,DELTA,2,17,0,0,19,0,3578,409,87,5,3987,92,19,0
10/25/2021,DELTA,2,19,0,1,21,1,3597,411,88,5,4008,93,21,1
10/26/2021,DELTA,2,23,0,0,25,0,3620,413,88,5,4033,93,25,0
10/27/2021,DELTA,1,12,0,1,13,1,3632,414,89,5,4046,94,13,1
10/28/2021,DELTA,1,49,0,0,50,0,3681,415,89,5,4096,94,50,0
10/29/2021,DELTA,0,16,0,0,16,0,3697,415,89,5,4112,94,16,0
10/30/2021,DELTA,0,1,0,0,1,0,3698,415,89,5,4113,94,1,0
10/31/2021,DELTA,0,25,0,0,25,0,3723,415,89,5,4138,94,25,0
11/01/2021,DELTA,2,21,0,1,23,1,3744,417,90,5,4161,95,23,1
11/02/2021,DELTA,3,13,0,1,16,1,3757,420,91,5,4177,96,16,1
11/03/2021,DELTA,1,31,0,0,32,0,3788,421,91,5,4209,96,32,0
11/04/2021,DELTA,0,36,0,1,36,1,3824,421,92,5,4245,97,36,1
11/05/2021,DELTA,0,7,0,0,7,0,3831,421,92,5,4252,97,7,0
11/06/2021,DELTA,0,28,0,0,28,0,3859,421,92,5,4280,97,28,0
11/07/2021,DELTA,0,4,0,0,4,0,3863,421,92,5,4284,97,4,0
11/08/2021,DELTA,1,23,0,3,24,3,3886,422,95,5,4308,100,24,3
11/09/2021,DELTA,3,18,0,1,21,1,3904,425,96,5,4329,101,21,1
11/10/2021,DELTA,0,20,0,0,20,0,3924,425,96,5,4349,101,20,0
11/11/2021,DELTA,0,24,0,1,24,1,3948,425,97,5,4373,102,24,1
11/12/2021,DELTA,1,10,0,1,11,1,3958,426,98,5,4384,103,11,1
11/13/2021,DELTA,0,23,0,1,23,1,3981,426,99,5,4407,104,23,1
11/14/2021,DELTA,0,3,0,0,3,0,3984,426,99,5,4410,104,3,0
11/15/2021,DELTA,4,25,0,1,29,1,4009,430,100,5,4439,105,29,1
11/16/2021,DELTA,2,13,0,2,15,2,4022,432,102,5,4454,107,15,2
11/17/2021,DELTA,1,24,0,1,25,1,4046,433,103,5,4479,108,25,1
11/18/2021,DELTA,1,24,0,1,25,1,4070,434,104,5,4504,109,25,1
11/19/2021,DELTA,1,5,0,2,6,2,4075,435,106,5,4510,111,6,2
11/20/2021,DELTA,0,1,0,0,1,0,4076,435,106,5,4511,111,1,0
11/21/2021,DELTA,0,1,0,0,1,0,4077,435,106,5,4512,111,1,0
11/22/2021,DELTA,0,31,0,3,31,3,4108,435,109,5,4543,114,31,3
11/23/2021,DELTA,2,9,0,1,11,1,4117,437,110,5,4554,115,11,1
11/24/2021,DELTA,1,29,0,0,30,0,4146,438,110,5,4584,115,30,0
11/25/2021,DELTA,0,6,0,0,6,0,4152,438,110,5,4590,115,6,0
11/26/2021,DELTA,2,11,0,0,13,0,4163,440,110,5,4603,115,13,0
11/27/2021,DELTA,0,10,0,1,10,1,4173,440,111,5,4613,116,10,1
11/29/2021,DELTA,0,13,0,0,13,0,4186,440,111,5,4626,116,13,0
11/30/2021,DELTA,0,10,0,1,10,1,4196,440,112,5,4636,117,10,1
12/01/2021,DELTA,0,13,0,0,13,0,4209,440,112,5,4649,117,13,0
12/02/2021,DELTA,1,8,0,1,9,1,4217,441,113,5,4658,118,9,1
12/03/2021,DELTA,1,12,1,1,13,2,4229,442,114,6,4671,120,13,2
12/04/2021,DELTA,0,2,0,0,2,0,4231,442,114,6,4673,120,2,0
12/05/2021,DELTA,0,1,0,0,1,0,4232,442,114,6,4674,120,1,0
12/06/2021,DELTA,0,18,0,2,18,2,4250,442,116,6,4692,122,18,2
12/07/2021,DELTA,1,5,1,0,6,1,4255,443,116,7,4698,123,6,1
12/08/2021,DELTA,2,9,0,1,11,1,4264,445,117,7,4709,124,11,1
12/09/2021,DELTA,0,4,0,0,4,0,4268,445,117,7,4713,124,4,0
12/10/2021,DELTA,0,5,0,0,5,0,4273,445,117,7,4718,124,5,0
12/11/2021,DELTA,0,8,0,0,8,0,4281,445,117,7,4726,124,8,0
12/13/2021,DELTA,1,5,0,1,6,1,4286,446,118,7,4732,125,6,1
12/14/2021,DELTA,0,8,0,0,8,0,4294,446,118,7,4740,125,8,0
12/15/2021,DELTA,1,5,0,1,6,1,4299,447,119,7,4746,126,6,1
12/16/2021,DELTA,1,9,0,0,10,0,4308,448,119,7,4756,126,10,0
12/17/2021,DELTA,0,2,0,0,2,0,4310,448,119,7,4758,126,2,0
12/18/2021,DELTA,0,3,0,0,3,0,4313,448,119,7,4761,126,3,0
12/19/2021,DELTA,0,1,0,0,1,0,4314,448,119,7,4762,126,1,0
12/20/2021,DELTA,0,5,0,0,5,0,4319,448,119,7,4767,126,5,0
12/21/2021,DELTA,0,5,0,0,5,0,4324,448,119,7,4772,126,5,0
12/23/2021,DELTA,1,5,0,0,6,0,4329,449,119,7,4778,126,6,0
12/24/2021,DELTA,0,7,0,0,7,0,4336,449,119,7,4785,126,7,0
12/25/2021,DELTA,0,2,0,0,2,0,4338,449,119,7,4787,126,2,0
12/26/2021,DELTA,0,1,0,0,1,0,4339,449,119,7,4788,126,1,0
12/27/2021,DELTA,2,6,0,0,8,0,4345,451,119,7,4796,126,8,0
12/28/2021,DELTA,4,2,0,0,6,0,4347,455,119,7,4802,126,6,0
12/29/2021,DELTA,0,8,0,1,8,1,4355,455,120,7,4810,127,8,1
12/30/2021,DELTA,0,8,0,0,8,0,4363,455,120,7,4818,127,8,0
12/31/2021,DELTA,1,4,0,0,5,0,4367,456,120,7,4823,127,5,0
01/01/2022,DELTA,0,4,0,0,4,0,4371,456,120,7,4827,127,4,0
01/02/2022,DELTA,0,2,0,0,2,0,4373,456,120,7,4829,127,2,0
01/03/2022,DELTA,4,7,0,1,11,1,4380,460,121,7,4840,128,11,1
01/04/2022,DELTA,1,8,0,0,9,0,4388,461,121,7,4849,128,9,0
01/05/2022,DELTA,6,19,0,0,25,0,4407,467,121,7,4874,128,25,0
01/06/2022,DELTA,2,25,0,0,27,0,4432,469,121,7,4901,128,27,0
01/07/2022,DELTA,1,5,0,0,6,0,4437,470,121,7,4907,128,6,0
01/08/2022,DELTA,1,10,0,0,11,0,4447,471,121,7,4918,128,11,0
01/10/2022,DELTA,1,7,0,0,8,0,4454,472,121,7,4926,128,8,0
01/11/2022,DELTA,4,5,0,0,9,0,4459,476,121,7,4935,128,9,0
01/12/2022,DELTA,4,32,0,1,36,1,4491,480,122,7,4971,129,36,1
01/13/2022,DELTA,0,39,0,0,39,0,4530,480,122,7,5010,129,39,0
01/14/2022,DELTA,0,8,0,0,8,0,4538,480,122,7,5018,129,8,0
01/15/2022,DELTA,8,67,0,0,75,0,4605,488,122,7,5093,129,75,0
01/16/2022,DELTA,0,8,0,0,8,0,4613,488,122,7,5101,129,8,0
01/17/2022,DELTA,16,14,0,0,30,0,4627,504,122,7,5131,129,30,0
01/18/2022,DELTA,10,48,0,0,58,0,4675,514,122,7,5189,129,58,0
01/19/2022,DELTA,6,8,0,0,14,0,4683,520,122,7,5203,129,14,0
01/20/2022,DELTA,1,54,0,0,55,0,4737,521,122,7,5258,129,55,0
01/21/2022,DELTA,0,13,0,0,13,0,4750,521,122,7,5271,129,13,0
01/22/2022,DELTA,0,39,0,0,39,0,4789,521,122,7,5310,129,39,0
01/23/2022,DELTA,0,9,0,0,9,0,4798,521,122,7,5319,129,9,0
01/24/2022,DELTA,8,34,0,0,42,0,4832,529,122,7,5361,129,42,0
01/25/2022,DELTA,36,52,1,0,88,1,4884,565,122,8,5449,130,88,1
01/26/2022,DELTA,4,22,0,0,26,0,4906,569,122,8,5475,130,26,0
01/27/2022,DELTA,3,42,0,0,45,0,4948,572,122,8,5520,130,45,0
01/28/2022,DELTA,1,13,0,0,14,0,4961,573,122,8,5534,130,14,0
01/29/2022,DELTA,0,9,0,0,9,0,4970,573,122,8,5543,130,9,0
01/30/2022,DELTA,12,5,0,0,17,0,4975,585,122,8,5560,130,17,0
01/31/2022,DELTA,1,10,0,0,11,0,4985,586,122,8,5571,130,11,0
02/01/2022,DELTA,4,29,0,0,33,0,5014,590,122,8,5604,130,33,0
02/02/2022,DELTA,13,14,0,0,27,0,5028,603,122,8,5631,130,27,0
02/03/2022,DELTA,3,38,0,0,41,0,5066,606,122,8,5672,130,41,0
02/04/2022,DELTA,1,25,0,1,26,1,5091,607,123,8,5698,131,26,1
02/05/2022,DELTA,0,7,0,0,7,0,5098,607,123,8,5705,131,7,0
02/06/2022,DELTA,1,4,0,0,5,0,5102,608,123,8,5710,131,5,0
02/07/2022,DELTA,10,31,1,1,41,2,5133,618,124,9,5751,133,41,2
02/08/2022,DELTA,4,21,0,0,25,0,5154,622,124,9,5776,133,25,0
02/09/2022,DELTA,5,11,0,0,16,0,5165,627,124,9,5792,133,16,0
02/10/2022,DELTA,2,27,0,0,29,0,5192,629,124,9,5821,133,29,0
02/11/2022,DELTA,3,6,0,0,9,0,5198,632,124,9,5830,133,9,0
02/12/2022,DELTA,0,11,0,0,11,0,5209,632,124,9,5841,133,11,0
02/13/2022,DELTA,0,2,0,0,2,0,5211,632,124,9,5843,133,2,0
02/14/2022,DELTA,3,7,0,0,10,0,5218,635,124,9,5853,133,10,0
02/15/2022,DELTA,2,15,0,0,17,0,5233,637,124,9,5870,133,17,0
02/16/2022,DELTA,2,5,0,0,7,0,5238,639,124,9,5877,133,7,0
02/17/2022,DELTA,1,8,0,0,9,0,5246,640,124,9,5886,133,9,0
02/18/2022,DELTA,1,1,0,0,2,0,5247,641,124,9,5888,133,2,0
02/19/2022,DELTA,0,5,0,0,5,0,5252,641,124,9,5893,133,5,0
02/20/2022,DELTA,0,3,0,0,3,0,5255,641,124,9,5896,133,3,0
02/21/2022,DELTA,2,7,0,1,9,1,5262,643,125,9,5905,134,9,1
02/22/2022,DELTA,1,7,0,0,8,0,5269,644,125,9,5913,134,8,0
02/23/2022,DELTA,0,4,0,0,4,0,5273,644,125,9,5917,134,4,0
02/24/2022,DELTA,1,6,0,0,7,0,5279,645,125,9,5924,134,7,0
02/25/2022,DELTA,0,3,0,0,3,0,5282,645,125,9,5927,134,3,0
02/26/2022,DELTA,1,4,0,0,5,0,5286,646,125,9,5932,134,5,0
02/27/2022,DELTA,0,1,0,0,1,0,5287,646,125,9,5933,134,1,0
02/28/2022,DELTA,0,3,0,1,3,1,5290,646,126,9,5936,135,3,1
03/01/2022,DELTA,1,5,0,0,6,0,5295,647,126,9,5942,135,6,0
03/02/2022,DELTA,0,1,0,0,1,0,5296,647,126,9,5943,135,1,0
03/03/2022,DELTA,0,2,0,0,2,0,5298,647,126,9,5945,135,2,0
03/04/2022,DELTA,0,2,0,0,2,0,5300,647,126,9,5947,135,2,0
03/05/2022,DELTA,0,1,0,0,1,0,5301,647,126,9,5948,135,1,0
03/06/2022,DELTA,0,1,0,0,1,0,5302,647,126,9,5949,135,1,0
03/07/2022,DELTA,0,4,0,0,4,0,5306,647,126,9,5953,135,4,0
03/08/2022,DELTA,1,0,1,0,1,1,5306,648,126,10,5954,136,1,1
03/09/2022,DELTA,0,1,0,0,1,0,5307,648,126,10,5955,136,1,0
03/10/2022,DELTA,1,1,0,0,2,0,5308,649,126,10,5957,136,2,0
03/11/2022,DELTA,1,0,0,0,1,0,5308,650,126,10,5958,136,1,0
03/16/2022,DELTA,1,0,1,0,1,1,5308,651,126,11,5959,137,1,1
03/17/2022,DELTA,0,1,0,0,1,0,5309,651,126,11,5960,137,1,0
03/18/2022,DELTA,1,2,0,0,3,0,5311,652,126,11,5963,137,3,0
03/05/2020,DENVER,0,2,0,0,2,0,2,0,0,0,2,0,-5961,-137
03/09/2020,DENVER,1,1,0,0,2,0,3,1,0,0,4,0,2,0
03/10/2020,DENVER,0,2,0,0,2,0,5,1,0,0,6,0,2,0
03/11/2020,DENVER,0,2,0,0,2,0,7,1,0,0,8,0,2,0
03/12/2020,DENVER,0,1,0,0,1,0,8,1,0,0,9,0,1,0
03/13/2020,DENVER,0,6,0,0,6,0,14,1,0,0,15,0,6,0
03/14/2020,DENVER,3,7,0,0,10,0,21,4,0,0,25,0,10,0
03/15/2020,DENVER,0,5,0,0,5,0,26,4,0,0,30,0,5,0
03/16/2020,DENVER,0,8,0,0,8,0,34,4,0,0,38,0,8,0
03/17/2020,DENVER,0,7,0,0,7,0,41,4,0,0,45,0,7,0
03/18/2020,DENVER,0,7,0,0,7,0,48,4,0,0,52,0,7,0
03/19/2020,DENVER,0,19,0,0,19,0,67,4,0,0,71,0,19,0
03/20/2020,DENVER,2,27,0,0,29,0,94,6,0,0,100,0,29,0
03/21/2020,DENVER,1,28,0,1,29,1,122,7,1,0,129,1,29,1
03/22/2020,DENVER,1,21,0,2,22,2,143,8,3,0,151,3,22,2
03/23/2020,DENVER,0,30,0,1,30,1,173,8,4,0,181,4,30,1
03/24/2020,DENVER,2,36,0,6,38,6,209,10,10,0,219,10,38,6
03/25/2020,DENVER,2,53,0,4,55,4,262,12,14,0,274,14,55,4
03/26/2020,DENVER,0,57,0,5,57,5,319,12,19,0,331,19,57,5
03/27/2020,DENVER,0,59,0,3,59,3,378,12,22,0,390,22,59,3
03/28/2020,DENVER,0,45,0,2,45,2,423,12,24,0,435,24,45,2
03/29/2020,DENVER,3,63,0,6,66,6,486,15,30,0,501,30,66,6
03/30/2020,DENVER,1,56,0,9,57,9,542,16,39,0,558,39,57,9
03/31/2020,DENVER,0,53,0,8,53,8,595,16,47,0,611,47,53,8
04/01/2020,DENVER,3,61,0,4,64,4,656,19,51,0,675,51,64,4
04/02/2020,DENVER,2,80,1,7,82,8,736,21,58,1,757,59,82,8
04/03/2020,DENVER,1,59,0,4,60,4,795,22,62,1,817,63,60,4
04/04/2020,DENVER,5,68,0,12,73,12,863,27,74,1,890,75,73,12
04/05/2020,DENVER,2,31,0,4,33,4,894,29,78,1,923,79,33,4
04/06/2020,DENVER,2,43,0,11,45,11,937,31,89,1,968,90,45,11
04/07/2020,DENVER,7,31,2,2,38,4,968,38,91,3,1006,94,38,4
04/08/2020,DENVER,1,107,0,18,108,18,1075,39,109,3,1114,112,108,18
04/09/2020,DENVER,2,65,0,5,67,5,1140,41,114,3,1181,117,67,5
04/10/2020,DENVER,4,82,0,14,86,14,1222,45,128,3,1267,131,86,14
04/11/2020,DENVER,4,71,0,11,75,11,1293,49,139,3,1342,142,75,11
04/12/2020,DENVER,6,85,1,12,91,13,1378,55,151,4,1433,155,91,13
04/13/2020,DENVER,2,61,0,12,63,12,1439,57,163,4,1496,167,63,12
04/14/2020,DENVER,1,62,1,12,63,13,1501,58,175,5,1559,180,63,13
04/15/2020,DENVER,2,76,0,7,78,7,1577,60,182,5,1637,187,78,7
04/16/2020,DENVER,3,74,1,11,77,12,1651,63,193,6,1714,199,77,12
04/17/2020,DENVER,1,101,0,13,102,13,1752,64,206,6,1816,212,102,13
04/18/2020,DENVER,0,66,0,14,66,14,1818,64,220,6,1882,226,66,14
04/19/2020,DENVER,9,71,4,9,80,13,1889,73,229,10,1962,239,80,13
04/20/2020,DENVER,13,68,3,6,81,9,1957,86,235,13,2043,248,81,9
04/21/2020,DENVER,10,70,0,8,80,8,2027,96,243,13,2123,256,80,8
04/22/2020,DENVER,9,106,0,14,115,14,2133,105,257,13,2238,270,115,14
04/23/2020,DENVER,19,187,17,18,206,35,2320,124,275,30,2444,305,206,35
04/24/2020,DENVER,11,124,3,5,135,8,2444,135,280,33,2579,313,135,8
04/25/2020,DENVER,4,100,0,9,104,9,2544,139,289,33,2683,322,104,9
04/26/2020,DENVER,20,85,6,11,105,17,2629,159,300,39,2788,339,105,17
04/27/2020,DENVER,19,107,8,7,126,15,2736,178,307,47,2914,354,126,15
04/28/2020,DENVER,3,84,0,7,87,7,2820,181,314,47,3001,361,87,7
04/29/2020,DENVER,7,158,0,13,165,13,2978,188,327,47,3166,374,165,13
04/30/2020,DENVER,2,92,0,7,94,7,3070,190,334,47,3260,381,94,7
05/01/2020,DENVER,1,122,0,6,123,6,3192,191,340,47,3383,387,123,6
05/02/2020,DENVER,2,119,1,9,121,10,3311,193,349,48,3504,397,121,10
05/03/2020,DENVER,0,81,0,4,81,4,3392,193,353,48,3585,401,81,4
05/04/2020,DENVER,1,86,0,11,87,11,3478,194,364,48,3672,412,87,11
05/05/2020,DENVER,8,98,0,6,106,6,3576,202,370,48,3778,418,106,6
05/06/2020,DENVER,0,115,0,4,115,4,3691,202,374,48,3893,422,115,4
05/07/2020,DENVER,2,97,0,6,99,6,3788,204,380,48,3992,428,99,6
05/08/2020,DENVER,2,118,0,6,120,6,3906,206,386,48,4112,434,120,6
05/09/2020,DENVER,2,70,0,4,72,4,3976,208,390,48,4184,438,72,4
05/10/2020,DENVER,0,56,0,5,56,5,4032,208,395,48,4240,443,56,5
05/11/2020,DENVER,0,56,0,3,56,3,4088,208,398,48,4296,446,56,3
05/12/2020,DENVER,9,45,9,2,54,11,4133,217,400,57,4350,457,54,11
05/13/2020,DENVER,1,127,0,11,128,11,4260,218,411,57,4478,468,128,11
05/14/2020,DENVER,7,97,6,1,104,7,4357,225,412,63,4582,475,104,7
05/15/2020,DENVER,4,110,4,1,114,5,4467,229,413,67,4696,480,114,5
05/16/2020,DENVER,3,106,2,6,109,8,4573,232,419,69,4805,488,109,8
05/17/2020,DENVER,1,65,0,9,66,9,4638,233,428,69,4871,497,66,9
05/18/2020,DENVER,2,42,2,2,44,4,4680,235,430,71,4915,501,44,4
05/19/2020,DENVER,5,61,4,4,66,8,4741,240,434,75,4981,509,66,8
05/20/2020,DENVER,5,118,0,13,123,13,4859,245,447,75,5104,522,123,13
05/21/2020,DENVER,0,90,0,13,90,13,4949,245,460,75,5194,535,90,13
05/22/2020,DENVER,0,111,0,6,111,6,5060,245,466,75,5305,541,111,6
05/23/2020,DENVER,0,30,0,3,30,3,5090,245,469,75,5335,544,30,3
05/24/2020,DENVER,0,64,0,3,64,3,5154,245,472,75,5399,547,64,3
05/25/2020,DENVER,1,66,0,1,67,1,5220,246,473,75,5466,548,67,1
05/26/2020,DENVER,5,34,5,4,39,9,5254,251,477,80,5505,557,39,9
05/27/2020,DENVER,2,64,2,1,66,3,5318,253,478,82,5571,560,66,3
05/28/2020,DENVER,13,93,0,3,106,3,5411,266,481,82,5677,563,106,3
05/29/2020,DENVER,0,123,0,1,123,1,5534,266,482,82,5800,564,123,1
05/30/2020,DENVER,1,88,0,2,89,2,5622,267,484,82,5889,566,89,2
05/31/2020,DENVER,0,30,0,0,30,0,5652,267,484,82,5919,566,30,0
06/01/2020,DENVER,2,44,1,2,46,3,5696,269,486,83,5965,569,46,3
06/02/2020,DENVER,2,65,0,3,67,3,5761,271,489,83,6032,572,67,3
06/03/2020,DENVER,1,60,1,1,61,2,5821,272,490,84,6093,574,61,2
06/04/2020,DENVER,2,60,0,2,62,2,5881,274,492,84,6155,576,62,2
06/05/2020,DENVER,1,42,0,0,43,0,5923,275,492,84,6198,576,43,0
06/06/2020,DENVER,4,26,0,2,30,2,5949,279,494,84,6228,578,30,2
06/07/2020,DENVER,0,29,0,1,29,1,5978,279,495,84,6257,579,29,1
06/08/2020,DENVER,1,49,0,2,50,2,6027,280,497,84,6307,581,50,2
06/09/2020,DENVER,0,21,0,1,21,1,6048,280,498,84,6328,582,21,1
06/10/2020,DENVER,2,24,0,3,26,3,6072,282,501,84,6354,585,26,3
06/11/2020,DENVER,1,35,0,1,36,1,6107,283,502,84,6390,586,36,1
06/12/2020,DENVER,0,52,0,5,52,5,6159,283,507,84,6442,591,52,5
06/13/2020,DENVER,3,33,0,3,36,3,6192,286,510,84,6478,594,36,3
06/14/2020,DENVER,0,41,0,2,41,2,6233,286,512,84,6519,596,41,2
06/15/2020,DENVER,1,21,0,0,22,0,6254,287,512,84,6541,596,22,0
06/16/2020,DENVER,0,41,0,1,41,1,6295,287,513,84,6582,597,41,1
06/17/2020,DENVER,4,58,0,1,62,1,6353,291,514,84,6644,598,62,1
06/18/2020,DENVER,20,62,0,0,82,0,6415,311,514,84,6726,598,82,0
06/19/2020,DENVER,1,34,0,1,35,1,6449,312,515,84,6761,599,35,1
06/20/2020,DENVER,0,27,0,0,27,0,6476,312,515,84,6788,599,27,0
06/21/2020,DENVER,1,33,0,0,34,0,6509,313,515,84,6822,599,34,0
06/22/2020,DENVER,3,43,1,2,46,3,6552,316,517,85,6868,602,46,3
06/23/2020,DENVER,2,70,0,1,72,1,6622,318,518,85,6940,603,72,1
06/24/2020,DENVER,0,47,0,1,47,1,6669,318,519,85,6987,604,47,1
06/25/2020,DENVER,25,50,2,0,75,2,6719,343,519,87,7062,606,75,2
06/26/2020,DENVER,5,52,3,3,57,6,6771,348,522,90,7119,612,57,6
06/27/2020,DENVER,0,58,0,1,58,1,6829,348,523,90,7177,613,58,1
06/28/2020,DENVER,0,51,0,0,51,0,6880,348,523,90,7228,613,51,0
06/29/2020,DENVER,1,29,1,1,30,2,6909,349,524,91,7258,615,30,2
06/30/2020,DENVER,0,58,0,2,58,2,6967,349,526,91,7316,617,58,2
07/01/2020,DENVER,19,99,8,4,118,12,7066,368,530,99,7434,629,118,12
07/02/2020,DENVER,0,70,0,1,70,1,7136,368,531,99,7504,630,70,1
07/03/2020,DENVER,1,45,0,1,46,1,7181,369,532,99,7550,631,46,1
07/04/2020,DENVER,0,27,0,1,27,1,7208,369,533,99,7577,632,27,1
07/05/2020,DENVER,0,40,0,0,40,0,7248,369,533,99,7617,632,40,0
07/06/2020,DENVER,2,67,0,1,69,1,7315,371,534,99,7686,633,69,1
07/07/2020,DENVER,4,66,0,0,70,0,7381,375,534,99,7756,633,70,0
07/08/2020,DENVER,2,80,0,3,82,3,7461,377,537,99,7838,636,82,3
07/09/2020,DENVER,2,100,0,2,102,2,7561,379,539,99,7940,638,102,2
07/10/2020,DENVER,0,73,0,1,73,1,7634,379,540,99,8013,639,73,1
07/11/2020,DENVER,4,69,0,1,73,1,7703,383,541,99,8086,640,73,1
07/12/2020,DENVER,2,55,0,1,57,1,7758,385,542,99,8143,641,57,1
07/13/2020,DENVER,2,74,0,1,76,1,7832,387,543,99,8219,642,76,1
07/14/2020,DENVER,4,67,1,0,71,1,7899,391,543,100,8290,643,71,1
07/15/2020,DENVER,1,67,0,1,68,1,7966,392,544,100,8358,644,68,1
07/16/2020,DENVER,0,92,0,1,92,1,8058,392,545,100,8450,645,92,1
07/17/2020,DENVER,0,79,0,2,79,2,8137,392,547,100,8529,647,79,2
07/18/2020,DENVER,1,81,0,1,82,1,8218,393,548,100,8611,648,82,1
07/19/2020,DENVER,2,65,0,0,67,0,8283,395,548,100,8678,648,67,0
07/20/2020,DENVER,2,126,1,0,128,1,8409,397,548,101,8806,649,128,1
07/21/2020,DENVER,1,105,0,1,106,1,8514,398,549,101,8912,650,106,1
07/22/2020,DENVER,2,121,0,3,123,3,8635,400,552,101,9035,653,123,3
07/23/2020,DENVER,2,110,0,0,112,0,8745,402,552,101,9147,653,112,0
07/24/2020,DENVER,0,156,0,0,156,0,8901,402,552,101,9303,653,156,0
07/25/2020,DENVER,2,100,0,1,102,1,9001,404,553,101,9405,654,102,1
07/26/2020,DENVER,1,47,0,1,48,1,9048,405,554,101,9453,655,48,1
07/27/2020,DENVER,3,150,0,1,153,1,9198,408,555,101,9606,656,153,1
07/28/2020,DENVER,1,90,1,0,91,1,9288,409,555,102,9697,657,91,1
07/29/2020,DENVER,0,53,0,0,53,0,9341,409,555,102,9750,657,53,0
07/30/2020,DENVER,3,95,0,2,98,2,9436,412,557,102,9848,659,98,2
07/31/2020,DENVER,3,75,2,1,78,3,9511,415,558,104,9926,662,78,3
08/01/2020,DENVER,0,77,0,1,77,1,9588,415,559,104,10003,663,77,1
08/02/2020,DENVER,0,34,0,0,34,0,9622,415,559,104,10037,663,34,0
08/03/2020,DENVER,2,52,0,0,54,0,9674,417,559,104,10091,663,54,0
08/04/2020,DENVER,0,83,0,1,83,1,9757,417,560,104,10174,664,83,1
08/05/2020,DENVER,1,71,0,0,72,0,9828,418,560,104,10246,664,72,0
08/06/2020,DENVER,0,75,0,2,75,2,9903,418,562,104,10321,666,75,2
08/07/2020,DENVER,2,64,0,0,66,0,9967,420,562,104,10387,666,66,0
08/08/2020,DENVER,1,48,0,0,49,0,10015,421,562,104,10436,666,49,0
08/09/2020,DENVER,0,35,0,0,35,0,10050,421,562,104,10471,666,35,0
08/10/2020,DENVER,0,34,0,0,34,0,10084,421,562,104,10505,666,34,0
08/11/2020,DENVER,3,42,0,0,45,0,10126,424,562,104,10550,666,45,0
08/12/2020,DENVER,2,55,0,0,57,0,10181,426,562,104,10607,666,57,0
08/13/2020,DENVER,3,59,0,0,62,0,10240,429,562,104,10669,666,62,0
08/14/2020,DENVER,3,40,0,0,43,0,10280,432,562,104,10712,666,43,0
08/15/2020,DENVER,2,57,0,0,59,0,10337,434,562,104,10771,666,59,0
08/16/2020,DENVER,0,26,0,0,26,0,10363,434,562,104,10797,666,26,0
08/17/2020,DENVER,3,42,0,0,45,0,10405,437,562,104,10842,666,45,0
08/18/2020,DENVER,3,39,0,0,42,0,10444,440,562,104,10884,666,42,0
08/19/2020,DENVER,2,47,0,0,49,0,10491,442,562,104,10933,666,49,0
08/20/2020,DENVER,3,75,0,0,78,0,10566,445,562,104,11011,666,78,0
08/21/2020,DENVER,10,42,0,0,52,0,10608,455,562,104,11063,666,52,0
08/22/2020,DENVER,2,48,0,1,50,1,10656,457,563,104,11113,667,50,1
08/23/2020,DENVER,3,32,0,0,35,0,10688,460,563,104,11148,667,35,0
08/24/2020,DENVER,1,46,0,0,47,0,10734,461,563,104,11195,667,47,0
08/25/2020,DENVER,7,28,0,0,35,0,10762,468,563,104,11230,667,35,0
08/26/2020,DENVER,6,56,0,1,62,1,10818,474,564,104,11292,668,62,1
08/27/2020,DENVER,5,66,0,1,71,1,10884,479,565,104,11363,669,71,1
08/28/2020,DENVER,6,42,1,0,48,1,10926,485,565,105,11411,670,48,1
08/29/2020,DENVER,2,34,1,1,36,2,10960,487,566,106,11447,672,36,2
08/30/2020,DENVER,2,26,0,0,28,0,10986,489,566,106,11475,672,28,0
08/31/2020,DENVER,9,40,0,0,49,0,11026,498,566,106,11524,672,49,0
09/01/2020,DENVER,9,34,0,0,43,0,11060,507,566,106,11567,672,43,0
09/02/2020,DENVER,8,40,0,0,48,0,11100,515,566,106,11615,672,48,0
09/03/2020,DENVER,4,37,0,0,41,0,11137,519,566,106,11656,672,41,0
09/04/2020,DENVER,1,46,0,0,47,0,11183,520,566,106,11703,672,47,0
09/05/2020,DENVER,1,20,0,0,21,0,11203,521,566,106,11724,672,21,0
09/06/2020,DENVER,0,58,0,0,58,0,11261,521,566,106,11782,672,58,0
09/07/2020,DENVER,1,20,0,0,21,0,11281,522,566,106,11803,672,21,0
09/08/2020,DENVER,8,26,1,0,34,1,11307,530,566,107,11837,673,34,1
09/09/2020,DENVER,17,14,0,0,31,0,11321,547,566,107,11868,673,31,0
09/10/2020,DENVER,10,64,0,0,74,0,11385,557,566,107,11942,673,74,0
09/11/2020,DENVER,6,87,0,0,93,0,11472,563,566,107,12035,673,93,0
09/12/2020,DENVER,4,62,0,0,66,0,11534,567,566,107,12101,673,66,0
09/13/2020,DENVER,3,48,0,0,51,0,11582,570,566,107,12152,673,51,0
09/14/2020,DENVER,25,66,0,0,91,0,11648,595,566,107,12243,673,91,0
09/15/2020,DENVER,4,55,0,2,59,2,11703,599,568,107,12302,675,59,2
09/16/2020,DENVER,7,72,0,0,79,0,11775,606,568,107,12381,675,79,0
09/17/2020,DENVER,2,99,0,0,101,0,11874,608,568,107,12482,675,101,0
09/18/2020,DENVER,25,77,0,0,102,0,11951,633,568,107,12584,675,102,0
09/19/2020,DENVER,13,81,0,0,94,0,12032,646,568,107,12678,675,94,0
09/20/2020,DENVER,2,54,0,0,56,0,12086,648,568,107,12734,675,56,0
09/21/2020,DENVER,6,83,0,1,89,1,12169,654,569,107,12823,676,89,1
09/22/2020,DENVER,17,109,0,0,126,0,12278,671,569,107,12949,676,126,0
09/23/2020,DENVER,15,111,0,0,126,0,12389,686,569,107,13075,676,126,0
09/24/2020,DENVER,13,102,0,1,115,1,12491,699,570,107,13190,677,115,1
09/25/2020,DENVER,3,99,0,1,102,1,12590,702,571,107,13292,678,102,1
09/26/2020,DENVER,0,108,0,1,108,1,12698,702,572,107,13400,679,108,1
09/27/2020,DENVER,16,91,0,1,107,1,12789,718,573,107,13507,680,107,1
09/28/2020,DENVER,10,85,0,0,95,0,12874,728,573,107,13602,680,95,0
09/29/2020,DENVER,3,72,0,1,75,1,12946,731,574,107,13677,681,75,1
09/30/2020,DENVER,11,108,0,1,119,1,13054,742,575,107,13796,682,119,1
10/01/2020,DENVER,13,110,0,0,123,0,13164,755,575,107,13919,682,123,0
10/02/2020,DENVER,9,127,0,2,136,2,13291,764,577,107,14055,684,136,2
10/03/2020,DENVER,2,90,0,0,92,0,13381,766,577,107,14147,684,92,0
10/04/2020,DENVER,1,82,0,2,83,2,13463,767,579,107,14230,686,83,2
10/05/2020,DENVER,4,112,0,0,116,0,13575,771,579,107,14346,686,116,0
10/06/2020,DENVER,36,96,0,0,132,0,13671,807,579,107,14478,686,132,0
10/07/2020,DENVER,17,144,0,1,161,1,13815,824,580,107,14639,687,161,1
10/08/2020,DENVER,13,160,0,1,173,1,13975,837,581,107,14812,688,173,1
10/09/2020,DENVER,10,174,0,1,184,1,14149,847,582,107,14996,689,184,1
10/10/2020,DENVER,4,169,0,0,173,0,14318,851,582,107,15169,689,173,0
10/11/2020,DENVER,5,99,0,1,104,1,14417,856,583,107,15273,690,104,1
10/12/2020,DENVER,20,221,0,0,241,0,14638,876,583,107,15514,690,241,0
10/13/2020,DENVER,11,115,0,1,126,1,14753,887,584,107,15640,691,126,1
10/14/2020,DENVER,6,168,0,1,174,1,14921,893,585,107,15814,692,174,1
10/15/2020,DENVER,14,211,1,0,225,1,15132,907,585,108,16039,693,225,1
10/16/2020,DENVER,31,193,0,0,224,0,15325,938,585,108,16263,693,224,0
10/17/2020,DENVER,6,180,1,3,186,4,15505,944,588,109,16449,697,186,4
10/18/2020,DENVER,17,159,0,1,176,1,15664,961,589,109,16625,698,176,1
10/19/2020,DENVER,16,144,0,0,160,0,15808,977,589,109,16785,698,160,0
10/20/2020,DENVER,11,130,0,4,141,4,15938,988,593,109,16926,702,141,4
10/21/2020,DENVER,14,333,0,1,347,1,16271,1002,594,109,17273,703,347,1
10/22/2020,DENVER,10,307,0,4,317,4,16578,1012,598,109,17590,707,317,4
10/23/2020,DENVER,8,273,0,0,281,0,16851,1020,598,109,17871,707,281,0
10/24/2020,DENVER,1,301,0,2,302,2,17152,1021,600,109,18173,709,302,2
10/25/2020,DENVER,17,384,1,5,401,6,17536,1038,605,110,18574,715,401,6
10/26/2020,DENVER,48,226,0,1,274,1,17762,1086,606,110,18848,716,274,1
10/27/2020,DENVER,18,213,1,2,231,3,17975,1104,608,111,19079,719,231,3
10/28/2020,DENVER,14,277,0,2,291,2,18252,1118,610,111,19370,721,291,2
10/29/2020,DENVER,36,429,0,4,465,4,18681,1154,614,111,19835,725,465,4
10/30/2020,DENVER,11,511,0,12,522,12,19192,1165,626,111,20357,737,522,12
10/31/2020,DENVER,12,474,0,4,486,4,19666,1177,630,111,20843,741,486,4
11/01/2020,DENVER,6,484,0,4,490,4,20150,1183,634,111,21333,745,490,4
11/02/2020,DENVER,15,306,0,4,321,4,20456,1198,638,111,21654,749,321,4
11/03/2020,DENVER,23,352,0,2,375,2,20808,1221,640,111,22029,751,375,2
11/04/2020,DENVER,28,640,0,3,668,3,21448,1249,643,111,22697,754,668,3
11/05/2020,DENVER,7,651,0,10,658,10,22099,1256,653,111,23355,764,658,10
11/06/2020,DENVER,20,617,0,2,637,2,22716,1276,655,111,23992,766,637,2
11/07/2020,DENVER,3,684,0,2,687,2,23400,1279,657,111,24679,768,687,2
11/08/2020,DENVER,9,612,0,5,621,5,24012,1288,662,111,25300,773,621,5
11/09/2020,DENVER,10,390,0,1,400,1,24402,1298,663,111,25700,774,400,1
11/10/2020,DENVER,6,538,0,9,544,9,24940,1304,672,111,26244,783,544,9
11/11/2020,DENVER,37,820,1,4,857,5,25760,1341,676,112,27101,788,857,5
11/12/2020,DENVER,26,929,0,10,955,10,26689,1367,686,112,28056,798,955,10
11/13/2020,DENVER,14,636,0,5,650,5,27325,1381,691,112,28706,803,650,5
11/14/2020,DENVER,4,776,0,3,780,3,28101,1385,694,112,29486,806,780,3
11/15/2020,DENVER,7,549,0,8,556,8,28650,1392,702,112,30042,814,556,8
11/16/2020,DENVER,29,650,0,6,679,6,29300,1421,708,112,30721,820,679,6
11/17/2020,DENVER,25,683,0,2,708,2,29983,1446,710,112,31429,822,708,2
11/18/2020,DENVER,9,935,0,2,944,2,30918,1455,712,112,32373,824,944,2
11/19/2020,DENVER,31,746,0,5,777,5,31664,1486,717,112,33150,829,777,5
11/20/2020,DENVER,52,841,0,2,893,2,32505,1538,719,112,34043,831,893,2
11/21/2020,DENVER,10,484,0,7,494,7,32989,1548,726,112,34537,838,494,7
11/22/2020,DENVER,57,546,0,1,603,1,33535,1605,727,112,35140,839,603,1
11/23/2020,DENVER,59,402,1,5,461,6,33937,1664,732,113,35601,845,461,6
11/24/2020,DENVER,6,492,0,5,498,5,34429,1670,737,113,36099,850,498,5
11/25/2020,DENVER,7,922,1,2,929,3,35351,1677,739,114,37028,853,929,3
11/26/2020,DENVER,12,480,0,5,492,5,35831,1689,744,114,37520,858,492,5
11/27/2020,DENVER,7,471,0,8,478,8,36302,1696,752,114,37998,866,478,8
11/28/2020,DENVER,5,409,0,2,414,2,36711,1701,754,114,38412,868,414,2
11/29/2020,DENVER,1,493,0,2,494,2,37204,1702,756,114,38906,870,494,2
11/30/2020,DENVER,59,461,0,4,520,4,37665,1761,760,114,39426,874,520,4
12/01/2020,DENVER,18,397,1,5,415,6,38062,1779,765,115,39841,880,415,6
12/02/2020,DENVER,10,728,2,5,738,7,38790,1789,770,117,40579,887,738,7
12/03/2020,DENVER,10,656,0,6,666,6,39446,1799,776,117,41245,893,666,6
12/04/2020,DENVER,12,524,0,4,536,4,39970,1811,780,117,41781,897,536,4
12/05/2020,DENVER,13,496,0,5,509,5,40466,1824,785,117,42290,902,509,5
12/06/2020,DENVER,3,422,0,2,425,2,40888,1827,787,117,42715,904,425,2
12/07/2020,DENVER,12,294,3,2,306,5,41182,1839,789,120,43021,909,306,5
12/08/2020,DENVER,22,291,0,5,313,5,41473,1861,794,120,43334,914,313,5
12/09/2020,DENVER,29,549,0,8,578,8,42022,1890,802,120,43912,922,578,8
12/10/2020,DENVER,13,379,0,5,392,5,42401,1903,807,120,44304,927,392,5
12/11/2020,DENVER,12,533,2,1,545,3,42934,1915,808,122,44849,930,545,3
12/12/2020,DENVER,14,318,0,2,332,2,43252,1929,810,122,45181,932,332,2
12/13/2020,DENVER,4,302,0,2,306,2,43554,1933,812,122,45487,934,306,2
12/14/2020,DENVER,21,150,1,5,171,6,43704,1954,817,123,45658,940,171,6
12/15/2020,DENVER,10,192,0,2,202,2,43896,1964,819,123,45860,942,202,2
12/16/2020,DENVER,13,414,1,5,427,6,44310,1977,824,124,46287,948,427,6
12/17/2020,DENVER,10,399,1,3,409,4,44709,1987,827,125,46696,952,409,4
12/18/2020,DENVER,9,273,1,2,282,3,44982,1996,829,126,46978,955,282,3
12/19/2020,DENVER,9,249,0,1,258,1,45231,2005,830,126,47236,956,258,1
12/20/2020,DENVER,3,202,0,3,205,3,45433,2008,833,126,47441,959,205,3
12/21/2020,DENVER,17,207,0,0,224,0,45640,2025,833,126,47665,959,224,0
12/22/2020,DENVER,15,228,0,1,243,1,45868,2040,834,126,47908,960,243,1
12/23/2020,DENVER,19,289,0,2,308,2,46157,2059,836,126,48216,962,308,2
12/24/2020,DENVER,10,352,1,3,362,4,46509,2069,839,127,48578,966,362,4
12/25/2020,DENVER,2,158,0,1,160,1,46667,2071,840,127,48738,967,160,1
12/26/2020,DENVER,12,97,0,1,109,1,46764,2083,841,127,48847,968,109,1
12/27/2020,DENVER,12,138,0,1,150,1,46902,2095,842,127,48997,969,150,1
12/28/2020,DENVER,16,123,2,1,139,3,47025,2111,843,129,49136,972,139,3
12/29/2020,DENVER,11,275,0,3,286,3,47300,2122,846,129,49422,975,286,3
12/30/2020,DENVER,22,447,0,0,469,0,47747,2144,846,129,49891,975,469,0
12/31/2020,DENVER,7,316,0,1,323,1,48063,2151,847,129,50214,976,323,1
01/01/2021,DENVER,3,214,0,1,217,1,48277,2154,848,129,50431,977,217,1
01/02/2021,DENVER,11,155,0,0,166,0,48432,2165,848,129,50597,977,166,0
01/03/2021,DENVER,8,160,0,0,168,0,48592,2173,848,129,50765,977,168,0
01/04/2021,DENVER,17,151,3,0,168,3,48743,2190,848,132,50933,980,168,3
01/05/2021,DENVER,12,266,0,1,278,1,49009,2202,849,132,51211,981,278,1
01/06/2021,DENVER,44,463,0,0,507,0,49472,2246,849,132,51718,981,507,0
01/07/2021,DENVER,3,380,0,3,383,3,49852,2249,852,132,52101,984,383,3
01/08/2021,DENVER,10,331,0,3,341,3,50183,2259,855,132,52442,987,341,3
01/09/2021,DENVER,15,304,0,2,319,2,50487,2274,857,132,52761,989,319,2
01/10/2021,DENVER,3,219,0,3,222,3,50706,2277,860,132,52983,992,222,3
01/11/2021,DENVER,16,140,0,1,156,1,50846,2293,861,132,53139,993,156,1
01/12/2021,DENVER,27,275,0,0,302,0,51121,2320,861,132,53441,993,302,0
01/13/2021,DENVER,35,256,0,0,291,0,51377,2355,861,132,53732,993,291,0
01/14/2021,DENVER,16,227,0,8,243,8,51604,2371,869,132,53975,1001,243,8
01/15/2021,DENVER,16,236,0,1,252,1,51840,2387,870,132,54227,1002,252,1
01/16/2021,DENVER,4,200,0,1,204,1,52040,2391,871,132,54431,1003,204,1
01/17/2021,DENVER,6,97,0,3,103,3,52137,2397,874,132,54534,1006,103,3
01/18/2021,DENVER,5,169,0,2,174,2,52306,2402,876,132,54708,1008,174,2
01/19/2021,DENVER,15,141,2,2,156,4,52447,2417,878,134,54864,1012,156,4
01/20/2021,DENVER,14,232,0,1,246,1,52679,2431,879,134,55110,1013,246,1
01/21/2021,DENVER,3,183,0,2,186,2,52862,2434,881,134,55296,1015,186,2
01/22/2021,DENVER,4,221,0,2,225,2,53083,2438,883,134,55521,1017,225,2
01/23/2021,DENVER,5,156,0,0,161,0,53239,2443,883,134,55682,1017,161,0
01/24/2021,DENVER,13,157,0,0,170,0,53396,2456,883,134,55852,1017,170,0
01/25/2021,DENVER,14,77,0,1,91,1,53473,2470,884,134,55943,1018,91,1
01/26/2021,DENVER,7,151,0,1,158,1,53624,2477,885,134,56101,1019,158,1
01/27/2021,DENVER,14,191,0,0,205,0,53815,2491,885,134,56306,1019,205,0
01/28/2021,DENVER,19,208,0,1,227,1,54023,2510,886,134,56533,1020,227,1
01/29/2021,DENVER,5,183,0,1,188,1,54206,2515,887,134,56721,1021,188,1
01/30/2021,DENVER,7,159,0,2,166,2,54365,2522,889,134,56887,1023,166,2
01/31/2021,DENVER,9,83,0,0,92,0,54448,2531,889,134,56979,1023,92,0
02/01/2021,DENVER,27,107,0,0,134,0,54555,2558,889,134,57113,1023,134,0
02/02/2021,DENVER,21,155,0,0,176,0,54710,2579,889,134,57289,1023,176,0
02/03/2021,DENVER,31,139,0,0,170,0,54849,2610,889,134,57459,1023,170,0
02/04/2021,DENVER,23,216,0,1,239,1,55065,2633,890,134,57698,1024,239,1
02/05/2021,DENVER,31,165,0,1,196,1,55230,2664,891,134,57894,1025,196,1
02/06/2021,DENVER,21,122,0,1,143,1,55352,2685,892,134,58037,1026,143,1
02/07/2021,DENVER,38,87,0,0,125,0,55439,2723,892,134,58162,1026,125,0
02/08/2021,DENVER,25,102,1,1,127,2,55541,2748,893,135,58289,1028,127,2
02/09/2021,DENVER,22,159,0,2,181,2,55700,2770,895,135,58470,1030,181,2
02/10/2021,DENVER,18,183,0,1,201,1,55883,2788,896,135,58671,1031,201,1
02/11/2021,DENVER,24,159,0,0,183,0,56042,2812,896,135,58854,1031,183,0
02/12/2021,DENVER,16,151,0,0,167,0,56193,2828,896,135,59021,1031,167,0
02/13/2021,DENVER,17,94,0,0,111,0,56287,2845,896,135,59132,1031,111,0
02/14/2021,DENVER,16,64,0,0,80,0,56351,2861,896,135,59212,1031,80,0
02/15/2021,DENVER,13,61,0,0,74,0,56412,2874,896,135,59286,1031,74,0
02/16/2021,DENVER,25,118,0,0,143,0,56530,2899,896,135,59429,1031,143,0
02/17/2021,DENVER,18,117,0,0,135,0,56647,2917,896,135,59564,1031,135,0
02/18/2021,DENVER,20,169,0,2,189,2,56816,2937,898,135,59753,1033,189,2
02/19/2021,DENVER,13,110,0,0,123,0,56926,2950,898,135,59876,1033,123,0
02/20/2021,DENVER,15,127,0,0,142,0,57053,2965,898,135,60018,1033,142,0
02/21/2021,DENVER,17,70,0,0,87,0,57123,2982,898,135,60105,1033,87,0
02/22/2021,DENVER,11,123,0,0,134,0,57246,2993,898,135,60239,1033,134,0
02/23/2021,DENVER,22,170,0,2,192,2,57416,3015,900,135,60431,1035,192,2
02/24/2021,DENVER,22,175,0,0,197,0,57591,3037,900,135,60628,1035,197,0
02/25/2021,DENVER,18,138,0,0,156,0,57729,3055,900,135,60784,1035,156,0
02/26/2021,DENVER,20,136,0,1,156,1,57865,3075,901,135,60940,1036,156,1
02/27/2021,DENVER,19,98,0,0,117,0,57963,3094,901,135,61057,1036,117,0
02/28/2021,DENVER,7,57,0,0,64,0,58020,3101,901,135,61121,1036,64,0
03/01/2021,DENVER,34,75,1,0,109,1,58095,3135,901,136,61230,1037,109,1
03/02/2021,DENVER,22,135,0,1,157,1,58230,3157,902,136,61387,1038,157,1
03/03/2021,DENVER,4,166,0,2,170,2,58396,3161,904,136,61557,1040,170,2
03/04/2021,DENVER,19,139,0,3,158,3,58535,3180,907,136,61715,1043,158,3
03/05/2021,DENVER,16,113,0,0,129,0,58648,3196,907,136,61844,1043,129,0
03/06/2021,DENVER,9,130,0,1,139,1,58778,3205,908,136,61983,1044,139,1
03/07/2021,DENVER,16,88,0,1,104,1,58866,3221,909,136,62087,1045,104,1
03/08/2021,DENVER,19,86,0,0,105,0,58952,3240,909,136,62192,1045,105,0
03/09/2021,DENVER,27,137,0,1,164,1,59089,3267,910,136,62356,1046,164,1
03/10/2021,DENVER,23,204,1,1,227,2,59293,3290,911,137,62583,1048,227,2
03/11/2021,DENVER,17,147,0,0,164,0,59440,3307,911,137,62747,1048,164,0
03/12/2021,DENVER,24,148,1,1,172,2,59588,3331,912,138,62919,1050,172,2
03/13/2021,DENVER,10,105,0,1,115,1,59693,3341,913,138,63034,1051,115,1
03/14/2021,DENVER,3,55,0,0,58,0,59748,3344,913,138,63092,1051,58,0
03/15/2021,DENVER,22,27,0,0,49,0,59775,3366,913,138,63141,1051,49,0
03/16/2021,DENVER,30,95,0,2,125,2,59870,3396,915,138,63266,1053,125,2
03/17/2021,DENVER,28,214,1,1,242,2,60084,3424,916,139,63508,1055,242,2
03/18/2021,DENVER,35,192,0,1,227,1,60276,3459,917,139,63735,1056,227,1
03/19/2021,DENVER,27,186,0,0,213,0,60462,3486,917,139,63948,1056,213,0
03/20/2021,DENVER,26,100,0,1,126,1,60562,3512,918,139,64074,1057,126,1
03/21/2021,DENVER,22,30,0,0,52,0,60592,3534,918,139,64126,1057,52,0
03/22/2021,DENVER,33,112,0,1,145,1,60704,3567,919,139,64271,1058,145,1
03/23/2021,DENVER,37,180,0,1,217,1,60884,3604,920,139,64488,1059,217,1
03/24/2021,DENVER,29,156,0,1,185,1,61040,3633,921,139,64673,1060,185,1
03/25/2021,DENVER,26,152,0,1,178,1,61192,3659,922,139,64851,1061,178,1
03/26/2021,DENVER,28,168,0,0,196,0,61360,3687,922,139,65047,1061,196,0
03/27/2021,DENVER,31,153,0,1,184,1,61513,3718,923,139,65231,1062,184,1
03/28/2021,DENVER,21,73,0,0,94,0,61586,3739,923,139,65325,1062,94,0
03/29/2021,DENVER,27,138,0,0,165,0,61724,3766,923,139,65490,1062,165,0
03/30/2021,DENVER,33,158,0,1,191,1,61882,3799,924,139,65681,1063,191,1
03/31/2021,DENVER,40,180,1,1,220,2,62062,3839,925,140,65901,1065,220,2
04/01/2021,DENVER,30,231,0,0,261,0,62293,3869,925,140,66162,1065,261,0
04/02/2021,DENVER,28,200,0,0,228,0,62493,3897,925,140,66390,1065,228,0
04/03/2021,DENVER,24,153,0,0,177,0,62646,3921,925,140,66567,1065,177,0
04/04/2021,DENVER,12,109,0,1,121,1,62755,3933,926,140,66688,1066,121,1
04/05/2021,DENVER,28,107,1,0,135,1,62862,3961,926,141,66823,1067,135,1
04/06/2021,DENVER,33,240,0,0,273,0,63102,3994,926,141,67096,1067,273,0
04/07/2021,DENVER,32,222,0,1,254,1,63324,4026,927,141,67350,1068,254,1
04/08/2021,DENVER,31,232,0,0,263,0,63556,4057,927,141,67613,1068,263,0
04/09/2021,DENVER,25,234,0,1,259,1,63790,4082,928,141,67872,1069,259,1
04/10/2021,DENVER,25,194,0,0,219,0,63984,4107,928,141,68091,1069,219,0
04/11/2021,DENVER,8,102,0,0,110,0,64086,4115,928,141,68201,1069,110,0
04/12/2021,DENVER,17,154,0,0,171,0,64240,4132,928,141,68372,1069,171,0
04/13/2021,DENVER,25,224,0,1,249,1,64464,4157,929,141,68621,1070,249,1
04/14/2021,DENVER,23,236,0,2,259,2,64700,4180,931,141,68880,1072,259,2
04/15/2021,DENVER,22,212,0,1,234,1,64912,4202,932,141,69114,1073,234,1
04/16/2021,DENVER,27,188,0,0,215,0,65100,4229,932,141,69329,1073,215,0
04/17/2021,DENVER,12,212,0,1,224,1,65312,4241,933,141,69553,1074,224,1
04/18/2021,DENVER,13,90,0,1,103,1,65402,4254,934,141,69656,1075,103,1
04/19/2021,DENVER,20,146,3,1,166,4,65548,4274,935,144,69822,1079,166,4
04/20/2021,DENVER,11,190,0,1,201,1,65738,4285,936,144,70023,1080,201,1
04/21/2021,DENVER,21,195,0,0,216,0,65933,4306,936,144,70239,1080,216,0
04/22/2021,DENVER,20,234,1,2,254,3,66167,4326,938,145,70493,1083,254,3
04/23/2021,DENVER,17,170,0,1,187,1,66337,4343,939,145,70680,1084,187,1
04/24/2021,DENVER,8,165,0,0,173,0,66502,4351,939,145,70853,1084,173,0
04/25/2021,DENVER,6,101,0,2,107,2,66603,4357,941,145,70960,1086,107,2
04/26/2021,DENVER,9,144,0,0,153,0,66747,4366,941,145,71113,1086,153,0
04/27/2021,DENVER,14,199,0,0,213,0,66946,4380,941,145,71326,1086,213,0
04/28/2021,DENVER,30,159,0,1,189,1,67105,4410,942,145,71515,1087,189,1
04/29/2021,DENVER,8,179,0,2,187,2,67284,4418,944,145,71702,1089,187,2
04/30/2021,DENVER,11,187,0,1,198,1,67471,4429,945,145,71900,1090,198,1
05/01/2021,DENVER,3,92,0,0,95,0,67563,4432,945,145,71995,1090,95,0
05/02/2021,DENVER,7,76,0,0,83,0,67639,4439,945,145,72078,1090,83,0
05/03/2021,DENVER,9,126,0,0,135,0,67765,4448,945,145,72213,1090,135,0
05/04/2021,DENVER,11,128,0,0,139,0,67893,4459,945,145,72352,1090,139,0
05/05/2021,DENVER,3,130,1,0,133,1,68023,4462,945,146,72485,1091,133,1
05/06/2021,DENVER,12,93,0,0,105,0,68116,4474,945,146,72590,1091,105,0
05/07/2021,DENVER,2,118,0,1,120,1,68234,4476,946,146,72710,1092,120,1
05/08/2021,DENVER,1,118,0,0,119,0,68352,4477,946,146,72829,1092,119,0
05/09/2021,DENVER,0,65,0,0,65,0,68417,4477,946,146,72894,1092,65,0
05/10/2021,DENVER,3,76,0,1,79,1,68493,4480,947,146,72973,1093,79,1
05/11/2021,DENVER,3,114,0,1,117,1,68607,4483,948,146,73090,1094,117,1
05/12/2021,DENVER,10,179,0,1,189,1,68786,4493,949,146,73279,1095,189,1
05/13/2021,DENVER,1,107,0,0,108,0,68893,4494,949,146,73387,1095,108,0
05/14/2021,DENVER,10,80,1,0,90,1,68973,4504,949,147,73477,1096,90,1
05/15/2021,DENVER,1,80,0,1,81,1,69053,4505,950,147,73558,1097,81,1
05/16/2021,DENVER,1,51,0,1,52,1,69104,4506,951,147,73610,1098,52,1
05/17/2021,DENVER,6,61,0,1,67,1,69165,4512,952,147,73677,1099,67,1
05/18/2021,DENVER,3,67,0,0,70,0,69232,4515,952,147,73747,1099,70,0
05/19/2021,DENVER,3,89,0,1,92,1,69321,4518,953,147,73839,1100,92,1
05/20/2021,DENVER,5,76,0,1,81,1,69397,4523,954,147,73920,1101,81,1
05/21/2021,DENVER,2,77,0,1,79,1,69474,4525,955,147,73999,1102,79,1
05/22/2021,DENVER,2,68,0,0,70,0,69542,4527,955,147,74069,1102,70,0
05/23/2021,DENVER,1,32,0,0,33,0,69574,4528,955,147,74102,1102,33,0
05/24/2021,DENVER,1,59,0,1,60,1,69633,4529,956,147,74162,1103,60,1
05/25/2021,DENVER,4,45,1,0,49,1,69678,4533,956,148,74211,1104,49,1
05/26/2021,DENVER,7,58,0,0,65,0,69736,4540,956,148,74276,1104,65,0
05/27/2021,DENVER,6,60,0,0,66,0,69796,4546,956,148,74342,1104,66,0
05/28/2021,DENVER,4,52,2,0,56,2,69848,4550,956,150,74398,1106,56,2
05/29/2021,DENVER,0,46,0,1,46,1,69894,4550,957,150,74444,1107,46,1
05/30/2021,DENVER,0,16,0,1,16,1,69910,4550,958,150,74460,1108,16,1
05/31/2021,DENVER,4,22,0,1,26,1,69932,4554,959,150,74486,1109,26,1
06/01/2021,DENVER,0,21,0,0,21,0,69953,4554,959,150,74507,1109,21,0
06/02/2021,DENVER,1,50,0,0,51,0,70003,4555,959,150,74558,1109,51,0
06/03/2021,DENVER,1,52,0,1,53,1,70055,4556,960,150,74611,1110,53,1
06/04/2021,DENVER,3,42,0,0,45,0,70097,4559,960,150,74656,1110,45,0
06/05/2021,DENVER,0,33,0,0,33,0,70130,4559,960,150,74689,1110,33,0
06/06/2021,DENVER,0,26,0,1,26,1,70156,4559,961,150,74715,1111,26,1
06/07/2021,DENVER,6,33,1,1,39,2,70189,4565,962,151,74754,1113,39,2
06/08/2021,DENVER,1,28,0,1,29,1,70217,4566,963,151,74783,1114,29,1
06/09/2021,DENVER,4,35,0,0,39,0,70252,4570,963,151,74822,1114,39,0
06/10/2021,DENVER,1,31,0,0,32,0,70283,4571,963,151,74854,1114,32,0
06/11/2021,DENVER,1,44,0,0,45,0,70327,4572,963,151,74899,1114,45,0
06/12/2021,DENVER,3,29,1,0,32,1,70356,4575,963,152,74931,1115,32,1
06/13/2021,DENVER,0,11,0,0,11,0,70367,4575,963,152,74942,1115,11,0
06/14/2021,DENVER,3,29,0,0,32,0,70396,4578,963,152,74974,1115,32,0
06/15/2021,DENVER,0,25,0,0,25,0,70421,4578,963,152,74999,1115,25,0
06/16/2021,DENVER,0,14,0,0,14,0,70435,4578,963,152,75013,1115,14,0
06/17/2021,DENVER,3,19,1,1,22,2,70454,4581,964,153,75035,1117,22,2
06/18/2021,DENVER,0,24,0,2,24,2,70478,4581,966,153,75059,1119,24,2
06/19/2021,DENVER,0,13,0,0,13,0,70491,4581,966,153,75072,1119,13,0
06/20/2021,DENVER,0,17,0,0,17,0,70508,4581,966,153,75089,1119,17,0
06/21/2021,DENVER,5,31,1,0,36,1,70539,4586,966,154,75125,1120,36,1
06/22/2021,DENVER,4,24,0,0,28,0,70563,4590,966,154,75153,1120,28,0
06/23/2021,DENVER,3,44,0,0,47,0,70607,4593,966,154,75200,1120,47,0
06/24/2021,DENVER,8,17,0,0,25,0,70624,4601,966,154,75225,1120,25,0
06/25/2021,DENVER,10,36,0,0,46,0,70660,4611,966,154,75271,1120,46,0
06/26/2021,DENVER,1,26,0,1,27,1,70686,4612,967,154,75298,1121,27,1
06/27/2021,DENVER,1,13,0,0,14,0,70699,4613,967,154,75312,1121,14,0
06/28/2021,DENVER,2,14,0,0,16,0,70713,4615,967,154,75328,1121,16,0
06/29/2021,DENVER,8,24,0,1,32,1,70737,4623,968,154,75360,1122,32,1
06/30/2021,DENVER,9,29,0,0,38,0,70766,4632,968,154,75398,1122,38,0
07/01/2021,DENVER,8,36,0,0,44,0,70802,4640,968,154,75442,1122,44,0
07/02/2021,DENVER,1,28,0,0,29,0,70830,4641,968,154,75471,1122,29,0
07/03/2021,DENVER,1,26,0,0,27,0,70856,4642,968,154,75498,1122,27,0
07/04/2021,DENVER,2,14,0,0,16,0,70870,4644,968,154,75514,1122,16,0
07/05/2021,DENVER,4,16,0,0,20,0,70886,4648,968,154,75534,1122,20,0
07/06/2021,DENVER,2,22,0,0,24,0,70908,4650,968,154,75558,1122,24,0
07/07/2021,DENVER,1,33,0,0,34,0,70941,4651,968,154,75592,1122,34,0
07/08/2021,DENVER,7,29,1,0,36,1,70970,4658,968,155,75628,1123,36,1
07/09/2021,DENVER,4,35,0,0,39,0,71005,4662,968,155,75667,1123,39,0
07/10/2021,DENVER,2,37,0,0,39,0,71042,4664,968,155,75706,1123,39,0
07/11/2021,DENVER,4,22,0,0,26,0,71064,4668,968,155,75732,1123,26,0
07/12/2021,DENVER,7,30,0,1,37,1,71094,4675,969,155,75769,1124,37,1
07/13/2021,DENVER,9,26,0,0,35,0,71120,4684,969,155,75804,1124,35,0
07/14/2021,DENVER,6,41,0,0,47,0,71161,4690,969,155,75851,1124,47,0
07/15/2021,DENVER,10,46,1,0,56,1,71207,4700,969,156,75907,1125,56,1
07/16/2021,DENVER,15,49,0,0,64,0,71256,4715,969,156,75971,1125,64,0
07/17/2021,DENVER,4,52,0,0,56,0,71308,4719,969,156,76027,1125,56,0
07/18/2021,DENVER,6,31,0,0,37,0,71339,4725,969,156,76064,1125,37,0
07/19/2021,DENVER,6,34,0,0,40,0,71373,4731,969,156,76104,1125,40,0
07/20/2021,DENVER,8,65,0,0,73,0,71438,4739,969,156,76177,1125,73,0
07/21/2021,DENVER,11,67,0,0,78,0,71505,4750,969,156,76255,1125,78,0
07/22/2021,DENVER,10,49,0,0,59,0,71554,4760,969,156,76314,1125,59,0
07/23/2021,DENVER,10,87,0,2,97,2,71641,4770,971,156,76411,1127,97,2
07/24/2021,DENVER,7,52,0,0,59,0,71693,4777,971,156,76470,1127,59,0
07/25/2021,DENVER,11,42,0,1,53,1,71735,4788,972,156,76523,1128,53,1
07/26/2021,DENVER,18,50,0,0,68,0,71785,4806,972,156,76591,1128,68,0
07/27/2021,DENVER,15,81,0,1,96,1,71866,4821,973,156,76687,1129,96,1
07/28/2021,DENVER,16,120,0,0,136,0,71986,4837,973,156,76823,1129,136,0
07/29/2021,DENVER,21,118,0,0,139,0,72104,4858,973,156,76962,1129,139,0
07/30/2021,DENVER,13,107,0,1,120,1,72211,4871,974,156,77082,1130,120,1
07/31/2021,DENVER,17,105,0,1,122,1,72316,4888,975,156,77204,1131,122,1
08/01/2021,DENVER,8,64,0,0,72,0,72380,4896,975,156,77276,1131,72,0
08/02/2021,DENVER,15,75,0,1,90,1,72455,4911,976,156,77366,1132,90,1
08/03/2021,DENVER,15,140,0,2,155,2,72595,4926,978,156,77521,1134,155,2
08/04/2021,DENVER,38,116,0,0,154,0,72711,4964,978,156,77675,1134,154,0
08/05/2021,DENVER,28,147,1,2,175,3,72858,4992,980,157,77850,1137,175,3
08/06/2021,DENVER,12,118,0,3,130,3,72976,5004,983,157,77980,1140,130,3
08/07/2021,DENVER,11,109,0,0,120,0,73085,5015,983,157,78100,1140,120,0
08/08/2021,DENVER,13,62,0,0,75,0,73147,5028,983,157,78175,1140,75,0
08/09/2021,DENVER,18,72,0,0,90,0,73219,5046,983,157,78265,1140,90,0
08/10/2021,DENVER,13,127,0,0,140,0,73346,5059,983,157,78405,1140,140,0
08/11/2021,DENVER,13,182,0,0,195,0,73528,5072,983,157,78600,1140,195,0
08/12/2021,DENVER,9,126,1,0,135,1,73654,5081,983,158,78735,1141,135,1
08/13/2021,DENVER,11,130,0,0,141,0,73784,5092,983,158,78876,1141,141,0
08/14/2021,DENVER,13,125,0,3,138,3,73909,5105,986,158,79014,1144,138,3
08/15/2021,DENVER,7,62,0,2,69,2,73971,5112,988,158,79083,1146,69,2
08/16/2021,DENVER,17,75,0,1,92,1,74046,5129,989,158,79175,1147,92,1
08/17/2021,DENVER,24,246,0,0,270,0,74292,5153,989,158,79445,1147,270,0
08/18/2021,DENVER,16,179,0,2,195,2,74471,5169,991,158,79640,1149,195,2
08/19/2021,DENVER,18,200,0,1,218,1,74671,5187,992,158,79858,1150,218,1
08/20/2021,DENVER,24,181,1,2,205,3,74852,5211,994,159,80063,1153,205,3
08/21/2021,DENVER,15,139,0,1,154,1,74991,5226,995,159,80217,1154,154,1
08/22/2021,DENVER,8,106,0,2,114,2,75097,5234,997,159,80331,1156,114,2
08/23/2021,DENVER,26,111,0,1,137,1,75208,5260,998,159,80468,1157,137,1
08/24/2021,DENVER,22,176,0,0,198,0,75384,5282,998,159,80666,1157,198,0
08/25/2021,DENVER,14,267,0,1,281,1,75651,5296,999,159,80947,1158,281,1
08/26/2021,DENVER,5,189,0,0,194,0,75840,5301,999,159,81141,1158,194,0
08/27/2021,DENVER,16,205,0,2,221,2,76045,5317,1001,159,81362,1160,221,2
08/28/2021,DENVER,5,162,0,0,167,0,76207,5322,1001,159,81529,1160,167,0
08/29/2021,DENVER,15,78,0,1,93,1,76285,5337,1002,159,81622,1161,93,1
08/30/2021,DENVER,24,133,0,2,157,2,76418,5361,1004,159,81779,1163,157,2
08/31/2021,DENVER,16,149,0,2,165,2,76567,5377,1006,159,81944,1165,165,2
09/01/2021,DENVER,18,209,0,0,227,0,76776,5395,1006,159,82171,1165,227,0
09/02/2021,DENVER,13,166,0,4,179,4,76942,5408,1010,159,82350,1169,179,4
09/03/2021,DENVER,14,166,0,1,180,1,77108,5422,1011,159,82530,1170,180,1
09/04/2021,DENVER,7,121,0,2,128,2,77229,5429,1013,159,82658,1172,128,2
09/05/2021,DENVER,6,111,0,2,117,2,77340,5435,1015,159,82775,1174,117,2
09/06/2021,DENVER,2,77,0,1,79,1,77417,5437,1016,159,82854,1175,79,1
09/07/2021,DENVER,11,69,0,1,80,1,77486,5448,1017,159,82934,1176,80,1
09/08/2021,DENVER,13,178,0,1,191,1,77664,5461,1018,159,83125,1177,191,1
09/09/2021,DENVER,10,211,0,1,221,1,77875,5471,1019,159,83346,1178,221,1
09/10/2021,DENVER,16,224,0,0,240,0,78099,5487,1019,159,83586,1178,240,0
09/11/2021,DENVER,6,165,0,1,171,1,78264,5493,1020,159,83757,1179,171,1
09/12/2021,DENVER,15,64,0,0,79,0,78328,5508,1020,159,83836,1179,79,0
09/13/2021,DENVER,21,115,1,1,136,2,78443,5529,1021,160,83972,1181,136,2
09/14/2021,DENVER,12,210,1,0,222,1,78653,5541,1021,161,84194,1182,222,1
09/15/2021,DENVER,22,203,1,1,225,2,78856,5563,1022,162,84419,1184,225,2
09/16/2021,DENVER,12,197,0,1,209,1,79053,5575,1023,162,84628,1185,209,1
09/17/2021,DENVER,7,187,0,2,194,2,79240,5582,1025,162,84822,1187,194,2
09/18/2021,DENVER,12,182,0,1,194,1,79422,5594,1026,162,85016,1188,194,1
09/19/2021,DENVER,8,108,0,1,116,1,79530,5602,1027,162,85132,1189,116,1
09/20/2021,DENVER,9,81,0,0,90,0,79611,5611,1027,162,85222,1189,90,0
09/21/2021,DENVER,11,166,0,3,177,3,79777,5622,1030,162,85399,1192,177,3
09/22/2021,DENVER,20,157,0,0,177,0,79934,5642,1030,162,85576,1192,177,0
09/23/2021,DENVER,20,192,0,1,212,1,80126,5662,1031,162,85788,1193,212,1
09/24/2021,DENVER,14,192,0,2,206,2,80318,5676,1033,162,85994,1195,206,2
09/25/2021,DENVER,14,150,0,1,164,1,80468,5690,1034,162,86158,1196,164,1
09/26/2021,DENVER,18,94,0,0,112,0,80562,5708,1034,162,86270,1196,112,0
09/27/2021,DENVER,17,121,0,0,138,0,80683,5725,1034,162,86408,1196,138,0
09/28/2021,DENVER,15,201,0,1,216,1,80884,5740,1035,162,86624,1197,216,1
09/29/2021,DENVER,12,194,0,2,206,2,81078,5752,1037,162,86830,1199,206,2
09/30/2021,DENVER,10,207,0,0,217,0,81285,5762,1037,162,87047,1199,217,0
10/01/2021,DENVER,18,169,0,0,187,0,81454,5780,1037,162,87234,1199,187,0
10/02/2021,DENVER,11,195,0,2,206,2,81649,5791,1039,162,87440,1201,206,2
10/03/2021,DENVER,13,91,0,0,104,0,81740,5804,1039,162,87544,1201,104,0
10/04/2021,DENVER,19,157,0,2,176,2,81897,5823,1041,162,87720,1203,176,2
10/05/2021,DENVER,19,232,2,1,251,3,82129,5842,1042,164,87971,1206,251,3
10/06/2021,DENVER,22,208,0,2,230,2,82337,5864,1044,164,88201,1208,230,2
10/07/2021,DENVER,17,271,2,1,288,3,82608,5881,1045,166,88489,1211,288,3
10/08/2021,DENVER,20,232,0,1,252,1,82840,5901,1046,166,88741,1212,252,1
10/09/2021,DENVER,11,195,0,1,206,1,83035,5912,1047,166,88947,1213,206,1
10/10/2021,DENVER,9,100,0,0,109,0,83135,5921,1047,166,89056,1213,109,0
10/11/2021,DENVER,18,92,1,0,110,1,83227,5939,1047,167,89166,1214,110,1
10/12/2021,DENVER,13,204,0,0,217,0,83431,5952,1047,167,89383,1214,217,0
10/13/2021,DENVER,12,156,0,1,168,1,83587,5964,1048,167,89551,1215,168,1
10/14/2021,DENVER,9,186,0,0,195,0,83773,5973,1048,167,89746,1215,195,0
10/15/2021,DENVER,9,163,0,1,172,1,83936,5982,1049,167,89918,1216,172,1
10/16/2021,DENVER,5,175,0,2,180,2,84111,5987,1051,167,90098,1218,180,2
10/17/2021,DENVER,15,158,0,3,173,3,84269,6002,1054,167,90271,1221,173,3
10/18/2021,DENVER,15,134,0,3,149,3,84403,6017,1057,167,90420,1224,149,3
10/19/2021,DENVER,20,206,1,0,226,1,84609,6037,1057,168,90646,1225,226,1
10/20/2021,DENVER,18,239,0,3,257,3,84848,6055,1060,168,90903,1228,257,3
10/21/2021,DENVER,26,258,0,0,284,0,85106,6081,1060,168,91187,1228,284,0
10/22/2021,DENVER,15,306,0,5,321,5,85412,6096,1065,168,91508,1233,321,5
10/23/2021,DENVER,18,231,0,2,249,2,85643,6114,1067,168,91757,1235,249,2
10/24/2021,DENVER,11,157,0,2,168,2,85800,6125,1069,168,91925,1237,168,2
10/25/2021,DENVER,23,150,3,2,173,5,85950,6148,1071,171,92098,1242,173,5
10/26/2021,DENVER,24,330,2,5,354,7,86280,6172,1076,173,92452,1249,354,7
10/27/2021,DENVER,18,324,0,3,342,3,86604,6190,1079,173,92794,1252,342,3
10/28/2021,DENVER,17,341,0,4,358,4,86945,6207,1083,173,93152,1256,358,4
10/29/2021,DENVER,15,284,0,1,299,1,87229,6222,1084,173,93451,1257,299,1
10/30/2021,DENVER,10,281,0,0,291,0,87510,6232,1084,173,93742,1257,291,0
10/31/2021,DENVER,6,132,0,0,138,0,87642,6238,1084,173,93880,1257,138,0
11/01/2021,DENVER,23,187,0,4,210,4,87829,6261,1088,173,94090,1261,210,4
11/02/2021,DENVER,19,339,0,1,358,1,88168,6280,1089,173,94448,1262,358,1
11/03/2021,DENVER,21,332,0,5,353,5,88500,6301,1094,173,94801,1267,353,5
11/04/2021,DENVER,36,397,0,1,433,1,88897,6337,1095,173,95234,1268,433,1
11/05/2021,DENVER,15,345,1,0,360,1,89242,6352,1095,174,95594,1269,360,1
11/06/2021,DENVER,13,339,0,3,352,3,89581,6365,1098,174,95946,1272,352,3
11/07/2021,DENVER,16,201,0,0,217,0,89782,6381,1098,174,96163,1272,217,0
11/08/2021,DENVER,25,140,1,2,165,3,89922,6406,1100,175,96328,1275,165,3
11/09/2021,DENVER,21,420,1,3,441,4,90342,6427,1103,176,96769,1279,441,4
11/10/2021,DENVER,31,353,1,4,384,5,90695,6458,1107,177,97153,1284,384,5
11/11/2021,DENVER,33,400,0,8,433,8,91095,6491,1115,177,97586,1292,433,8
11/12/2021,DENVER,27,374,1,2,401,3,91469,6518,1117,178,97987,1295,401,3
11/13/2021,DENVER,25,319,0,2,344,2,91788,6543,1119,178,98331,1297,344,2
11/14/2021,DENVER,20,201,0,2,221,2,91989,6563,1121,178,98552,1299,221,2
11/15/2021,DENVER,27,194,1,3,221,4,92183,6590,1124,179,98773,1303,221,4
11/16/2021,DENVER,23,406,1,1,429,2,92589,6613,1125,180,99202,1305,429,2
11/17/2021,DENVER,18,451,0,6,469,6,93040,6631,1131,180,99671,1311,469,6
11/18/2021,DENVER,13,397,1,3,410,4,93437,6644,1134,181,100081,1315,410,4
11/19/2021,DENVER,27,356,1,2,383,3,93793,6671,1136,182,100464,1318,383,3
11/20/2021,DENVER,15,299,0,1,314,1,94092,6686,1137,182,100778,1319,314,1
11/21/2021,DENVER,16,148,0,1,164,1,94240,6702,1138,182,100942,1320,164,1
11/22/2021,DENVER,33,187,1,1,220,2,94427,6735,1139,183,101162,1322,220,2
11/23/2021,DENVER,36,372,1,6,408,7,94799,6771,1145,184,101570,1329,408,7
11/24/2021,DENVER,26,317,2,4,343,6,95116,6797,1149,186,101913,1335,343,6
11/25/2021,DENVER,11,127,0,1,138,1,95243,6808,1150,186,102051,1336,138,1
11/26/2021,DENVER,22,191,1,2,213,3,95434,6830,1152,187,102264,1339,213,3
11/27/2021,DENVER,14,259,0,1,273,1,95693,6844,1153,187,102537,1340,273,1
11/28/2021,DENVER,24,142,0,1,166,1,95835,6868,1154,187,102703,1341,166,1
11/29/2021,DENVER,29,206,1,1,235,2,96041,6897,1155,188,102938,1343,235,2
11/30/2021,DENVER,21,408,1,2,429,3,96449,6918,1157,189,103367,1346,429,3
12/01/2021,DENVER,21,304,0,2,325,2,96753,6939,1159,189,103692,1348,325,2
12/02/2021,DENVER,26,316,1,2,342,3,97069,6965,1161,190,104034,1351,342,3
12/03/2021,DENVER,29,246,1,3,275,4,97315,6994,1164,191,104309,1355,275,4
12/04/2021,DENVER,14,183,0,2,197,2,97498,7008,1166,191,104506,1357,197,2
12/05/2021,DENVER,5,111,0,5,116,5,97609,7013,1171,191,104622,1362,116,5
12/06/2021,DENVER,27,250,0,1,277,1,97859,7040,1172,191,104899,1363,277,1
12/07/2021,DENVER,10,238,0,4,248,4,98097,7050,1176,191,105147,1367,248,4
12/08/2021,DENVER,28,244,0,1,272,1,98341,7078,1177,191,105419,1368,272,1
12/09/2021,DENVER,17,200,2,2,217,4,98541,7095,1179,193,105636,1372,217,4
12/10/2021,DENVER,23,217,0,2,240,2,98758,7118,1181,193,105876,1374,240,2
12/11/2021,DENVER,13,158,0,2,171,2,98916,7131,1183,193,106047,1376,171,2
12/12/2021,DENVER,10,90,0,1,100,1,99006,7141,1184,193,106147,1377,100,1
12/13/2021,DENVER,19,139,0,0,158,0,99145,7160,1184,193,106305,1377,158,0
12/14/2021,DENVER,21,201,1,2,222,3,99346,7181,1186,194,106527,1380,222,3
12/15/2021,DENVER,39,330,0,1,369,1,99676,7220,1187,194,106896,1381,369,1
12/16/2021,DENVER,32,268,0,0,300,0,99944,7252,1187,194,107196,1381,300,0
12/17/2021,DENVER,35,415,0,1,450,1,100359,7287,1188,194,107646,1382,450,1
12/18/2021,DENVER,34,413,0,1,447,1,100772,7321,1189,194,108093,1383,447,1
12/19/2021,DENVER,28,234,1,1,262,2,101006,7349,1190,195,108355,1385,262,2
12/20/2021,DENVER,51,317,1,1,368,2,101323,7400,1191,196,108723,1387,368,2
12/21/2021,DENVER,80,772,1,4,852,5,102095,7480,1195,197,109575,1392,852,5
12/22/2021,DENVER,73,1081,0,3,1154,3,103176,7553,1198,197,110729,1395,1154,3
12/23/2021,DENVER,95,1053,1,2,1148,3,104229,7648,1200,198,111877,1398,1148,3
12/24/2021,DENVER,93,1259,0,2,1352,2,105488,7741,1202,198,113229,1400,1352,2
12/25/2021,DENVER,43,474,0,0,517,0,105962,7784,1202,198,113746,1400,517,0
12/26/2021,DENVER,97,671,0,1,768,1,106633,7881,1203,198,114514,1401,768,1
12/27/2021,DENVER,110,902,0,2,1012,2,107535,7991,1205,198,115526,1403,1012,2
12/28/2021,DENVER,159,1194,0,1,1353,1,108729,8150,1206,198,116879,1404,1353,1
12/29/2021,DENVER,120,1446,0,8,1566,8,110175,8270,1214,198,118445,1412,1566,8
12/30/2021,DENVER,135,1700,0,1,1835,1,111875,8405,1215,198,120280,1413,1835,1
12/31/2021,DENVER,81,1828,1,6,1909,7,113703,8486,1221,199,122189,1420,1909,7
01/01/2022,DENVER,50,932,0,1,982,1,114635,8536,1222,199,123171,1421,982,1
01/02/2022,DENVER,70,795,0,1,865,1,115430,8606,1223,199,124036,1422,865,1
01/03/2022,DENVER,148,1194,1,2,1342,3,116624,8754,1225,200,125378,1425,1342,3
01/04/2022,DENVER,204,1632,0,1,1836,1,118256,8958,1226,200,127214,1426,1836,1
01/05/2022,DENVER,185,2345,1,8,2530,9,120601,9143,1234,201,129744,1435,2530,9
01/06/2022,DENVER,104,4380,0,7,4484,7,124981,9247,1241,201,134228,1442,4484,7
01/07/2022,DENVER,113,1170,0,6,1283,6,126151,9360,1247,201,135511,1448,1283,6
01/08/2022,DENVER,87,1269,0,2,1356,2,127420,9447,1249,201,136867,1450,1356,2
01/09/2022,DENVER,80,939,0,1,1019,1,128359,9527,1250,201,137886,1451,1019,1
01/10/2022,DENVER,128,1597,3,5,1725,8,129956,9655,1255,204,139611,1459,1725,8
01/11/2022,DENVER,116,1383,0,5,1499,5,131339,9771,1260,204,141110,1464,1499,5
01/12/2022,DENVER,126,1501,3,3,1627,6,132840,9897,1263,207,142737,1470,1627,6
01/13/2022,DENVER,112,1877,1,4,1989,5,134717,10009,1267,208,144726,1475,1989,5
01/14/2022,DENVER,107,1768,0,6,1875,6,136485,10116,1273,208,146601,1481,1875,6
01/15/2022,DENVER,70,1183,0,3,1253,3,137668,10186,1276,208,147854,1484,1253,3
01/16/2022,DENVER,51,554,0,3,605,3,138222,10237,1279,208,148459,1487,605,3
01/17/2022,DENVER,78,866,0,2,944,2,139088,10315,1281,208,149403,1489,944,2
01/18/2022,DENVER,96,1117,2,3,1213,5,140205,10411,1284,210,150616,1494,1213,5
01/19/2022,DENVER,80,1531,2,2,1611,4,141736,10491,1286,212,152227,1498,1611,4
01/20/2022,DENVER,97,1056,2,1,1153,3,142792,10588,1287,214,153380,1501,1153,3
01/21/2022,DENVER,97,995,3,1,1092,4,143787,10685,1288,217,154472,1505,1092,4
01/22/2022,DENVER,55,888,0,2,943,2,144675,10740,1290,217,155415,1507,943,2
01/23/2022,DENVER,37,704,0,2,741,2,145379,10777,1292,217,156156,1509,741,2
01/24/2022,DENVER,96,606,2,2,702,4,145985,10873,1294,219,156858,1513,702,4
01/25/2022,DENVER,51,1170,1,3,1221,4,147155,10924,1297,220,158079,1517,1221,4
01/26/2022,DENVER,63,694,2,4,757,6,147849,10987,1301,222,158836,1523,757,6
01/27/2022,DENVER,58,708,2,1,766,3,148557,11045,1302,224,159602,1526,766,3
01/28/2022,DENVER,49,472,0,0,521,0,149029,11094,1302,224,160123,1526,521,0
01/29/2022,DENVER,38,444,0,0,482,0,149473,11132,1302,224,160605,1526,482,0
01/30/2022,DENVER,20,363,0,0,383,0,149836,11152,1302,224,160988,1526,383,0
01/31/2022,DENVER,40,254,2,0,294,2,150090,11192,1302,226,161282,1528,294,2
02/01/2022,DENVER,32,478,1,1,510,2,150568,11224,1303,227,161792,1530,510,2
02/02/2022,DENVER,27,357,0,0,384,0,150925,11251,1303,227,162176,1530,384,0
02/03/2022,DENVER,18,149,1,0,167,1,151074,11269,1303,228,162343,1531,167,1
02/04/2022,DENVER,72,305,1,2,377,3,151379,11341,1305,229,162720,1534,377,3
02/05/2022,DENVER,46,367,1,0,413,1,151746,11387,1305,230,163133,1535,413,1
02/06/2022,DENVER,7,133,0,0,140,0,151879,11394,1305,230,163273,1535,140,0
02/07/2022,DENVER,25,129,0,1,154,1,152008,11419,1306,230,163427,1536,154,1
02/08/2022,DENVER,62,227,0,1,289,1,152235,11481,1307,230,163716,1537,289,1
02/09/2022,DENVER,13,242,3,1,255,4,152477,11494,1308,233,163971,1541,255,4
02/10/2022,DENVER,13,170,0,1,183,1,152647,11507,1309,233,164154,1542,183,1
02/11/2022,DENVER,33,161,0,0,194,0,152808,11540,1309,233,164348,1542,194,0
02/12/2022,DENVER,7,122,0,1,129,1,152930,11547,1310,233,164477,1543,129,1
02/13/2022,DENVER,8,52,0,0,60,0,152982,11555,1310,233,164537,1543,60,0
02/14/2022,DENVER,5,70,0,0,75,0,153052,11560,1310,233,164612,1543,75,0
02/15/2022,DENVER,14,143,1,0,157,1,153195,11574,1310,234,164769,1544,157,1
02/16/2022,DENVER,11,121,0,0,132,0,153316,11585,1310,234,164901,1544,132,0
02/17/2022,DENVER,15,135,0,0,150,0,153451,11600,1310,234,165051,1544,150,0
02/18/2022,DENVER,8,86,0,0,94,0,153537,11608,1310,234,165145,1544,94,0
02/19/2022,DENVER,4,88,0,0,92,0,153625,11612,1310,234,165237,1544,92,0
02/20/2022,DENVER,2,46,0,0,48,0,153671,11614,1310,234,165285,1544,48,0
02/21/2022,DENVER,4,47,0,0,51,0,153718,11618,1310,234,165336,1544,51,0
02/22/2022,DENVER,3,90,0,0,93,0,153808,11621,1310,234,165429,1544,93,0
02/23/2022,DENVER,5,100,0,0,105,0,153908,11626,1310,234,165534,1544,105,0
02/24/2022,DENVER,3,51,0,0,54,0,153959,11629,1310,234,165588,1544,54,0
02/25/2022,DENVER,5,79,0,0,84,0,154038,11634,1310,234,165672,1544,84,0
02/26/2022,DENVER,0,75,0,0,75,0,154113,11634,1310,234,165747,1544,75,0
02/27/2022,DENVER,0,43,0,0,43,0,154156,11634,1310,234,165790,1544,43,0
02/28/2022,DENVER,6,58,1,0,64,1,154214,11640,1310,235,165854,1545,64,1
03/01/2022,DENVER,5,70,0,0,75,0,154284,11645,1310,235,165929,1545,75,0
03/02/2022,DENVER,2,75,0,0,77,0,154359,11647,1310,235,166006,1545,77,0
03/03/2022,DENVER,6,78,0,0,84,0,154437,11653,1310,235,166090,1545,84,0
03/04/2022,DENVER,2,44,0,0,46,0,154481,11655,1310,235,166136,1545,46,0
03/05/2022,DENVER,0,21,0,0,21,0,154502,11655,1310,235,166157,1545,21,0
03/06/2022,DENVER,2,5,0,0,7,0,154507,11657,1310,235,166164,1545,7,0
03/07/2022,DENVER,4,11,0,0,15,0,154518,11661,1310,235,166179,1545,15,0
03/08/2022,DENVER,3,31,0,0,34,0,154549,11664,1310,235,166213,1545,34,0
03/09/2022,DENVER,5,19,0,0,24,0,154568,11669,1310,235,166237,1545,24,0
03/10/2022,DENVER,6,29,0,0,35,0,154597,11675,1310,235,166272,1545,35,0
03/11/2022,DENVER,3,11,0,0,14,0,154608,11678,1310,235,166286,1545,14,0
03/12/2022,DENVER,0,24,0,0,24,0,154632,11678,1310,235,166310,1545,24,0
03/13/2022,DENVER,1,6,0,0,7,0,154638,11679,1310,235,166317,1545,7,0
03/14/2022,DENVER,8,52,1,0,60,1,154690,11687,1310,236,166377,1546,60,1
03/15/2022,DENVER,5,41,0,1,46,1,154731,11692,1311,236,166423,1547,46,1
03/16/2022,DENVER,5,33,0,0,38,0,154764,11697,1311,236,166461,1547,38,0
03/17/2022,DENVER,7,52,0,0,59,0,154816,11704,1311,236,166520,1547,59,0
03/18/2022,DENVER,26,45,0,0,71,0,154861,11730,1311,236,166591,1547,71,0
03/19/2022,DENVER,1,31,0,0,32,0,154892,11731,1311,236,166623,1547,32,0
03/20/2022,DENVER,0,10,0,0,10,0,154902,11731,1311,236,166633,1547,10,0
07/17/2020,DOLORES,0,1,0,0,1,0,1,0,0,0,1,0,-166632,-1547
08/14/2020,DOLORES,0,1,0,0,1,0,2,0,0,0,2,0,1,0
09/09/2020,DOLORES,0,1,0,0,1,0,3,0,0,0,3,0,1,0
10/19/2020,DOLORES,0,1,0,0,1,0,4,0,0,0,4,0,1,0
11/16/2020,DOLORES,0,1,0,0,1,0,5,0,0,0,5,0,1,0
11/18/2020,DOLORES,0,3,0,0,3,0,8,0,0,0,8,0,3,0
11/19/2020,DOLORES,0,1,0,0,1,0,9,0,0,0,9,0,1,0
11/20/2020,DOLORES,0,1,0,0,1,0,10,0,0,0,10,0,1,0
11/21/2020,DOLORES,1,0,0,0,1,0,10,1,0,0,11,0,1,0
11/24/2020,DOLORES,0,2,0,0,2,0,12,1,0,0,13,0,2,0
11/25/2020,DOLORES,0,2,0,0,2,0,14,1,0,0,15,0,2,0
11/27/2020,DOLORES,1,3,0,0,4,0,17,2,0,0,19,0,4,0
11/30/2020,DOLORES,0,3,0,0,3,0,20,2,0,0,22,0,3,0
12/02/2020,DOLORES,0,4,0,0,4,0,24,2,0,0,26,0,4,0
12/03/2020,DOLORES,1,4,0,0,5,0,28,3,0,0,31,0,5,0
12/04/2020,DOLORES,0,2,0,0,2,0,30,3,0,0,33,0,2,0
12/06/2020,DOLORES,0,5,0,0,5,0,35,3,0,0,38,0,5,0
12/07/2020,DOLORES,0,1,0,0,1,0,36,3,0,0,39,0,1,0
12/08/2020,DOLORES,1,0,0,0,1,0,36,4,0,0,40,0,1,0
12/09/2020,DOLORES,0,2,0,0,2,0,38,4,0,0,42,0,2,0
12/10/2020,DOLORES,0,3,0,0,3,0,41,4,0,0,45,0,3,0
12/11/2020,DOLORES,1,0,0,0,1,0,41,5,0,0,46,0,1,0
12/13/2020,DOLORES,0,3,0,0,3,0,44,5,0,0,49,0,3,0
12/16/2020,DOLORES,0,1,0,0,1,0,45,5,0,0,50,0,1,0
12/18/2020,DOLORES,0,1,0,0,1,0,46,5,0,0,51,0,1,0
12/19/2020,DOLORES,0,1,0,0,1,0,47,5,0,0,52,0,1,0
12/28/2020,DOLORES,1,0,0,0,1,0,47,6,0,0,53,0,1,0
12/29/2020,DOLORES,1,1,0,0,2,0,48,7,0,0,55,0,2,0
01/04/2021,DOLORES,2,0,0,0,2,0,48,9,0,0,57,0,2,0
01/09/2021,DOLORES,0,1,0,0,1,0,49,9,0,0,58,0,1,0
01/11/2021,DOLORES,1,0,0,0,1,0,49,10,0,0,59,0,1,0
01/13/2021,DOLORES,0,1,0,0,1,0,50,10,0,0,60,0,1,0
01/20/2021,DOLORES,0,3,0,0,3,0,53,10,0,0,63,0,3,0
01/21/2021,DOLORES,0,2,0,0,2,0,55,10,0,0,65,0,2,0
01/22/2021,DOLORES,0,1,0,0,1,0,56,10,0,0,66,0,1,0
01/28/2021,DOLORES,0,1,0,0,1,0,57,10,0,0,67,0,1,0
02/07/2021,DOLORES,1,0,0,0,1,0,57,11,0,0,68,0,1,0
02/10/2021,DOLORES,0,2,0,0,2,0,59,11,0,0,70,0,2,0
02/17/2021,DOLORES,0,1,0,0,1,0,60,11,0,0,71,0,1,0
02/19/2021,DOLORES,1,0,0,0,1,0,60,12,0,0,72,0,1,0
02/23/2021,DOLORES,0,1,0,0,1,0,61,12,0,0,73,0,1,0
04/13/2021,DOLORES,0,1,0,0,1,0,62,12,0,0,74,0,1,0
04/14/2021,DOLORES,2,2,0,0,4,0,64,14,0,0,78,0,4,0
04/15/2021,DOLORES,0,1,0,0,1,0,65,14,0,0,79,0,1,0
04/18/2021,DOLORES,0,1,0,0,1,0,66,14,0,0,80,0,1,0
04/20/2021,DOLORES,1,0,0,0,1,0,66,15,0,0,81,0,1,0
04/30/2021,DOLORES,0,1,0,0,1,0,67,15,0,0,82,0,1,0
05/01/2021,DOLORES,0,1,0,0,1,0,68,15,0,0,83,0,1,0
05/03/2021,DOLORES,0,1,0,0,1,0,69,15,0,0,84,0,1,0
05/07/2021,DOLORES,0,2,0,0,2,0,71,15,0,0,86,0,2,0
05/10/2021,DOLORES,0,3,0,0,3,0,74,15,0,0,89,0,3,0
05/11/2021,DOLORES,0,3,0,1,3,1,77,15,1,0,92,1,3,1
05/12/2021,DOLORES,0,5,0,0,5,0,82,15,1,0,97,1,5,0
05/13/2021,DOLORES,0,1,0,0,1,0,83,15,1,0,98,1,1,0
05/15/2021,DOLORES,0,1,0,0,1,0,84,15,1,0,99,1,1,0
05/18/2021,DOLORES,2,3,0,0,5,0,87,17,1,0,104,1,5,0
05/19/2021,DOLORES,0,4,0,0,4,0,91,17,1,0,108,1,4,0
05/20/2021,DOLORES,0,2,0,0,2,0,93,17,1,0,110,1,2,0
05/25/2021,DOLORES,1,0,0,0,1,0,93,18,1,0,111,1,1,0
05/26/2021,DOLORES,0,1,0,0,1,0,94,18,1,0,112,1,1,0
06/01/2021,DOLORES,0,1,0,0,1,0,95,18,1,0,113,1,1,0
06/05/2021,DOLORES,0,1,0,0,1,0,96,18,1,0,114,1,1,0
06/08/2021,DOLORES,0,3,0,0,3,0,99,18,1,0,117,1,3,0
06/09/2021,DOLORES,0,1,0,0,1,0,100,18,1,0,118,1,1,0
06/10/2021,DOLORES,0,3,0,0,3,0,103,18,1,0,121,1,3,0
06/11/2021,DOLORES,0,1,0,0,1,0,104,18,1,0,122,1,1,0
06/12/2021,DOLORES,0,2,0,0,2,0,106,18,1,0,124,1,2,0
06/15/2021,DOLORES,0,2,0,0,2,0,108,18,1,0,126,1,2,0
06/17/2021,DOLORES,1,0,0,0,1,0,108,19,1,0,127,1,1,0
06/21/2021,DOLORES,0,2,0,0,2,0,110,19,1,0,129,1,2,0
06/24/2021,DOLORES,0,1,0,0,1,0,111,19,1,0,130,1,1,0
07/02/2021,DOLORES,0,1,0,0,1,0,112,19,1,0,131,1,1,0
07/26/2021,DOLORES,0,1,0,0,1,0,113,19,1,0,132,1,1,0
07/28/2021,DOLORES,0,1,0,0,1,0,114,19,1,0,133,1,1,0
08/06/2021,DOLORES,0,2,0,0,2,0,116,19,1,0,135,1,2,0
08/10/2021,DOLORES,0,1,0,0,1,0,117,19,1,0,136,1,1,0
08/11/2021,DOLORES,0,1,0,0,1,0,118,19,1,0,137,1,1,0
08/13/2021,DOLORES,0,1,0,0,1,0,119,19,1,0,138,1,1,0
08/16/2021,DOLORES,0,1,0,0,1,0,120,19,1,0,139,1,1,0
08/19/2021,DOLORES,1,1,0,0,2,0,121,20,1,0,141,1,2,0
08/21/2021,DOLORES,0,1,0,0,1,0,122,20,1,0,142,1,1,0
08/23/2021,DOLORES,0,3,0,0,3,0,125,20,1,0,145,1,3,0
08/24/2021,DOLORES,0,2,0,0,2,0,127,20,1,0,147,1,2,0
08/25/2021,DOLORES,0,1,0,0,1,0,128,20,1,0,148,1,1,0
08/30/2021,DOLORES,0,2,0,0,2,0,130,20,1,0,150,1,2,0
08/31/2021,DOLORES,0,1,0,0,1,0,131,20,1,0,151,1,1,0
09/02/2021,DOLORES,0,1,0,0,1,0,132,20,1,0,152,1,1,0
09/03/2021,DOLORES,0,2,0,0,2,0,134,20,1,0,154,1,2,0
09/05/2021,DOLORES,0,1,0,0,1,0,135,20,1,0,155,1,1,0
09/07/2021,DOLORES,0,1,0,0,1,0,136,20,1,0,156,1,1,0
09/08/2021,DOLORES,0,1,0,0,1,0,137,20,1,0,157,1,1,0
09/11/2021,DOLORES,0,1,0,0,1,0,138,20,1,0,158,1,1,0
09/13/2021,DOLORES,0,1,0,0,1,0,139,20,1,0,159,1,1,0
09/15/2021,DOLORES,0,2,0,0,2,0,141,20,1,0,161,1,2,0
09/20/2021,DOLORES,0,5,0,0,5,0,146,20,1,0,166,1,5,0
09/21/2021,DOLORES,0,4,0,0,4,0,150,20,1,0,170,1,4,0
09/22/2021,DOLORES,0,2,0,0,2,0,152,20,1,0,172,1,2,0
09/23/2021,DOLORES,1,3,0,0,4,0,155,21,1,0,176,1,4,0
09/26/2021,DOLORES,0,1,0,0,1,0,156,21,1,0,177,1,1,0
09/27/2021,DOLORES,2,3,0,0,5,0,159,23,1,0,182,1,5,0
09/28/2021,DOLORES,2,6,1,1,8,2,165,25,2,1,190,3,8,2
09/29/2021,DOLORES,1,3,0,0,4,0,168,26,2,1,194,3,4,0
09/30/2021,DOLORES,1,3,0,0,4,0,171,27,2,1,198,3,4,0
10/01/2021,DOLORES,1,0,0,0,1,0,171,28,2,1,199,3,1,0
10/03/2021,DOLORES,1,2,0,1,3,1,173,29,3,1,202,4,3,1
10/04/2021,DOLORES,1,7,0,0,8,0,180,30,3,1,210,4,8,0
10/05/2021,DOLORES,0,3,0,0,3,0,183,30,3,1,213,4,3,0
10/06/2021,DOLORES,0,3,0,0,3,0,186,30,3,1,216,4,3,0
10/07/2021,DOLORES,0,3,0,0,3,0,189,30,3,1,219,4,3,0
10/08/2021,DOLORES,0,2,0,0,2,0,191,30,3,1,221,4,2,0
10/09/2021,DOLORES,0,3,0,0,3,0,194,30,3,1,224,4,3,0
10/11/2021,DOLORES,0,1,0,0,1,0,195,30,3,1,225,4,1,0
10/12/2021,DOLORES,0,3,0,0,3,0,198,30,3,1,228,4,3,0
10/16/2021,DOLORES,0,1,0,0,1,0,199,30,3,1,229,4,1,0
10/17/2021,DOLORES,0,3,0,0,3,0,202,30,3,1,232,4,3,0
10/19/2021,DOLORES,0,1,0,0,1,0,203,30,3,1,233,4,1,0
10/20/2021,DOLORES,0,2,0,0,2,0,205,30,3,1,235,4,2,0
10/21/2021,DOLORES,0,1,0,0,1,0,206,30,3,1,236,4,1,0
10/27/2021,DOLORES,1,0,0,0,1,0,206,31,3,1,237,4,1,0
11/01/2021,DOLORES,0,1,0,0,1,0,207,31,3,1,238,4,1,0
11/03/2021,DOLORES,0,2,0,0,2,0,209,31,3,1,240,4,2,0
11/05/2021,DOLORES,1,0,0,0,1,0,209,32,3,1,241,4,1,0
11/08/2021,DOLORES,0,1,0,1,1,1,210,32,4,1,242,5,1,1
11/09/2021,DOLORES,1,0,0,0,1,0,210,33,4,1,243,5,1,0
11/10/2021,DOLORES,0,2,0,0,2,0,212,33,4,1,245,5,2,0
11/12/2021,DOLORES,0,1,0,0,1,0,213,33,4,1,246,5,1,0
11/14/2021,DOLORES,0,1,0,0,1,0,214,33,4,1,247,5,1,0
11/15/2021,DOLORES,0,5,0,0,5,0,219,33,4,1,252,5,5,0
11/17/2021,DOLORES,0,1,0,0,1,0,220,33,4,1,253,5,1,0
11/18/2021,DOLORES,0,1,0,0,1,0,221,33,4,1,254,5,1,0
11/20/2021,DOLORES,0,1,0,0,1,0,222,33,4,1,255,5,1,0
11/23/2021,DOLORES,1,0,0,0,1,0,222,34,4,1,256,5,1,0
11/24/2021,DOLORES,0,1,0,0,1,0,223,34,4,1,257,5,1,0
11/29/2021,DOLORES,1,0,0,0,1,0,223,35,4,1,258,5,1,0
11/30/2021,DOLORES,1,1,0,0,2,0,224,36,4,1,260,5,2,0
12/01/2021,DOLORES,0,2,0,0,2,0,226,36,4,1,262,5,2,0
12/02/2021,DOLORES,0,2,0,0,2,0,228,36,4,1,264,5,2,0
12/04/2021,DOLORES,0,1,0,0,1,0,229,36,4,1,265,5,1,0
12/05/2021,DOLORES,0,2,0,0,2,0,231,36,4,1,267,5,2,0
12/06/2021,DOLORES,0,1,0,0,1,0,232,36,4,1,268,5,1,0
12/07/2021,DOLORES,0,1,0,0,1,0,233,36,4,1,269,5,1,0
12/08/2021,DOLORES,0,1,0,0,1,0,234,36,4,1,270,5,1,0
12/09/2021,DOLORES,0,2,0,0,2,0,236,36,4,1,272,5,2,0
12/13/2021,DOLORES,1,0,1,0,1,1,236,37,4,2,273,6,1,1
12/16/2021,DOLORES,0,1,0,0,1,0,237,37,4,2,274,6,1,0
12/17/2021,DOLORES,0,1,0,0,1,0,238,37,4,2,275,6,1,0
12/20/2021,DOLORES,0,1,0,0,1,0,239,37,4,2,276,6,1,0
12/21/2021,DOLORES,0,1,0,0,1,0,240,37,4,2,277,6,1,0
12/22/2021,DOLORES,2,0,0,0,2,0,240,39,4,2,279,6,2,0
12/23/2021,DOLORES,0,4,0,0,4,0,244,39,4,2,283,6,4,0
12/24/2021,DOLORES,0,2,0,0,2,0,246,39,4,2,285,6,2,0
12/27/2021,DOLORES,0,1,0,0,1,0,247,39,4,2,286,6,1,0
12/29/2021,DOLORES,0,2,0,0,2,0,249,39,4,2,288,6,2,0
12/30/2021,DOLORES,0,2,0,0,2,0,251,39,4,2,290,6,2,0
12/31/2021,DOLORES,0,1,0,0,1,0,252,39,4,2,291,6,1,0
01/03/2022,DOLORES,0,1,0,0,1,0,253,39,4,2,292,6,1,0
01/04/2022,DOLORES,0,1,0,0,1,0,254,39,4,2,293,6,1,0
01/05/2022,DOLORES,1,1,0,0,2,0,255,40,4,2,295,6,2,0
01/07/2022,DOLORES,0,2,0,0,2,0,257,40,4,2,297,6,2,0
01/08/2022,DOLORES,0,1,0,0,1,0,258,40,4,2,298,6,1,0
01/10/2022,DOLORES,1,0,1,0,1,1,258,41,4,3,299,7,1,1
01/13/2022,DOLORES,1,0,0,0,1,0,258,42,4,3,300,7,1,0
01/15/2022,DOLORES,0,1,0,0,1,0,259,42,4,3,301,7,1,0
01/17/2022,DOLORES,0,1,0,0,1,0,260,42,4,3,302,7,1,0
01/18/2022,DOLORES,1,7,0,0,8,0,267,43,4,3,310,7,8,0
01/19/2022,DOLORES,0,7,0,0,7,0,274,43,4,3,317,7,7,0
01/20/2022,DOLORES,1,5,0,0,6,0,279,44,4,3,323,7,6,0
01/21/2022,DOLORES,0,2,0,0,2,0,281,44,4,3,325,7,2,0
01/22/2022,DOLORES,0,3,0,0,3,0,284,44,4,3,328,7,3,0
01/24/2022,DOLORES,0,1,0,0,1,0,285,44,4,3,329,7,1,0
01/25/2022,DOLORES,1,2,0,0,3,0,287,45,4,3,332,7,3,0
01/27/2022,DOLORES,0,1,0,0,1,0,288,45,4,3,333,7,1,0
01/28/2022,DOLORES,0,3,0,0,3,0,291,45,4,3,336,7,3,0
01/30/2022,DOLORES,0,1,0,0,1,0,292,45,4,3,337,7,1,0
01/31/2022,DOLORES,0,1,0,0,1,0,293,45,4,3,338,7,1,0
02/01/2022,DOLORES,0,1,0,0,1,0,294,45,4,3,339,7,1,0
02/02/2022,DOLORES,0,3,0,0,3,0,297,45,4,3,342,7,3,0
02/03/2022,DOLORES,0,1,0,0,1,0,298,45,4,3,343,7,1,0
02/07/2022,DOLORES,2,0,0,0,2,0,298,47,4,3,345,7,2,0
02/08/2022,DOLORES,0,1,0,0,1,0,299,47,4,3,346,7,1,0
02/11/2022,DOLORES,1,0,0,0,1,0,299,48,4,3,347,7,1,0
02/12/2022,DOLORES,0,1,0,1,1,1,300,48,5,3,348,8,1,1
02/14/2022,DOLORES,0,1,0,0,1,0,301,48,5,3,349,8,1,0
02/15/2022,DOLORES,1,0,0,0,1,0,301,49,5,3,350,8,1,0
02/18/2022,DOLORES,0,1,0,0,1,0,302,49,5,3,351,8,1,0
02/21/2022,DOLORES,0,1,0,0,1,0,303,49,5,3,352,8,1,0
02/27/2022,DOLORES,0,1,0,0,1,0,304,49,5,3,353,8,1,0
03/02/2022,DOLORES,0,1,0,0,1,0,305,49,5,3,354,8,1,0
03/05/2020,DOUGLAS,0,3,0,0,3,0,3,0,0,0,3,0,-351,-8
03/09/2020,DOUGLAS,1,0,0,0,1,0,3,1,0,0,4,0,1,0
03/13/2020,DOUGLAS,0,1,0,0,1,0,4,1,0,0,5,0,1,0
03/15/2020,DOUGLAS,0,4,0,0,4,0,8,1,0,0,9,0,4,0
03/16/2020,DOUGLAS,0,1,0,0,1,0,9,1,0,0,10,0,1,0
03/17/2020,DOUGLAS,0,1,0,0,1,0,10,1,0,0,11,0,1,0
03/18/2020,DOUGLAS,0,4,0,0,4,0,14,1,0,0,15,0,4,0
03/19/2020,DOUGLAS,0,4,0,0,4,0,18,1,0,0,19,0,4,0
03/20/2020,DOUGLAS,1,12,0,0,13,0,30,2,0,0,32,0,13,0
03/21/2020,DOUGLAS,0,7,0,0,7,0,37,2,0,0,39,0,7,0
03/22/2020,DOUGLAS,0,15,0,1,15,1,52,2,1,0,54,1,15,1
03/23/2020,DOUGLAS,1,5,0,0,6,0,57,3,1,0,60,1,6,0
03/24/2020,DOUGLAS,0,5,0,2,5,2,62,3,3,0,65,3,5,2
03/25/2020,DOUGLAS,0,14,0,0,14,0,76,3,3,0,79,3,14,0
03/26/2020,DOUGLAS,1,14,0,1,15,1,90,4,4,0,94,4,15,1
03/27/2020,DOUGLAS,0,12,0,1,12,1,102,4,5,0,106,5,12,1
03/28/2020,DOUGLAS,0,10,0,1,10,1,112,4,6,0,116,6,10,1
03/29/2020,DOUGLAS,0,18,0,0,18,0,130,4,6,0,134,6,18,0
03/30/2020,DOUGLAS,1,17,0,1,18,1,147,5,7,0,152,7,18,1
03/31/2020,DOUGLAS,0,17,0,2,17,2,164,5,9,0,169,9,17,2
04/01/2020,DOUGLAS,2,15,1,1,17,2,179,7,10,1,186,11,17,2
04/02/2020,DOUGLAS,0,28,0,1,28,1,207,7,11,1,214,12,28,1
04/03/2020,DOUGLAS,0,16,0,5,16,5,223,7,16,1,230,17,16,5
04/04/2020,DOUGLAS,0,20,0,4,20,4,243,7,20,1,250,21,20,4
04/05/2020,DOUGLAS,0,4,0,0,4,0,247,7,20,1,254,21,4,0
04/06/2020,DOUGLAS,0,3,0,1,3,1,250,7,21,1,257,22,3,1
04/07/2020,DOUGLAS,0,11,0,1,11,1,261,7,22,1,268,23,11,1
04/08/2020,DOUGLAS,0,20,0,2,20,2,281,7,24,1,288,25,20,2
04/09/2020,DOUGLAS,0,13,0,1,13,1,294,7,25,1,301,26,13,1
04/10/2020,DOUGLAS,0,10,0,0,10,0,304,7,25,1,311,26,10,0
04/11/2020,DOUGLAS,0,16,0,1,16,1,320,7,26,1,327,27,16,1
04/12/2020,DOUGLAS,0,5,0,0,5,0,325,7,26,1,332,27,5,0
04/13/2020,DOUGLAS,0,6,0,0,6,0,331,7,26,1,338,27,6,0
04/14/2020,DOUGLAS,2,1,0,1,3,1,332,9,27,1,341,28,3,1
04/15/2020,DOUGLAS,4,12,0,3,16,3,344,13,30,1,357,31,16,3
04/16/2020,DOUGLAS,0,23,0,3,23,3,367,13,33,1,380,34,23,3
04/17/2020,DOUGLAS,0,11,0,1,11,1,378,13,34,1,391,35,11,1
04/18/2020,DOUGLAS,0,6,0,1,6,1,384,13,35,1,397,36,6,1
04/19/2020,DOUGLAS,0,3,0,1,3,1,387,13,36,1,400,37,3,1
04/20/2020,DOUGLAS,1,3,1,1,4,2,390,14,37,2,404,39,4,2
04/21/2020,DOUGLAS,1,11,0,1,12,1,401,15,38,2,416,40,12,1
04/22/2020,DOUGLAS,0,8,0,0,8,0,409,15,38,2,424,40,8,0
04/23/2020,DOUGLAS,2,14,2,1,16,3,423,17,39,4,440,43,16,3
04/24/2020,DOUGLAS,0,8,0,0,8,0,431,17,39,4,448,43,8,0
04/25/2020,DOUGLAS,2,17,0,2,19,2,448,19,41,4,467,45,19,2
04/26/2020,DOUGLAS,1,8,0,0,9,0,456,20,41,4,476,45,9,0
04/27/2020,DOUGLAS,1,14,1,1,15,2,470,21,42,5,491,47,15,2
04/28/2020,DOUGLAS,1,13,0,1,14,1,483,22,43,5,505,48,14,1
04/29/2020,DOUGLAS,3,18,0,2,21,2,501,25,45,5,526,50,21,2
04/30/2020,DOUGLAS,0,17,0,1,17,1,518,25,46,5,543,51,17,1
05/01/2020,DOUGLAS,2,18,0,1,20,1,536,27,47,5,563,52,20,1
05/02/2020,DOUGLAS,0,12,0,1,12,1,548,27,48,5,575,53,12,1
05/03/2020,DOUGLAS,0,8,0,1,8,1,556,27,49,5,583,54,8,1
05/04/2020,DOUGLAS,1,13,0,2,14,2,569,28,51,5,597,56,14,2
05/05/2020,DOUGLAS,1,10,0,1,11,1,579,29,52,5,608,57,11,1
05/06/2020,DOUGLAS,0,16,0,0,16,0,595,29,52,5,624,57,16,0
05/07/2020,DOUGLAS,0,9,0,2,9,2,604,29,54,5,633,59,9,2
05/08/2020,DOUGLAS,0,9,0,1,9,1,613,29,55,5,642,60,9,1
05/09/2020,DOUGLAS,0,12,0,0,12,0,625,29,55,5,654,60,12,0
05/10/2020,DOUGLAS,0,4,0,1,4,1,629,29,56,5,658,61,4,1
05/11/2020,DOUGLAS,2,1,0,0,3,0,630,31,56,5,661,61,3,0
05/12/2020,DOUGLAS,0,3,0,0,3,0,633,31,56,5,664,61,3,0
05/13/2020,DOUGLAS,0,10,0,0,10,0,643,31,56,5,674,61,10,0
05/14/2020,DOUGLAS,4,8,4,3,12,7,651,35,59,9,686,68,12,7
05/15/2020,DOUGLAS,1,6,1,0,7,1,657,36,59,10,693,69,7,1
05/16/2020,DOUGLAS,1,5,1,2,6,3,662,37,61,11,699,72,6,3
05/17/2020,DOUGLAS,0,4,0,0,4,0,666,37,61,11,703,72,4,0
05/18/2020,DOUGLAS,2,3,2,0,5,2,669,39,61,13,708,74,5,2
05/19/2020,DOUGLAS,0,2,0,1,2,1,671,39,62,13,710,75,2,1
05/20/2020,DOUGLAS,1,11,0,1,12,1,682,40,63,13,722,76,12,1
05/21/2020,DOUGLAS,0,9,0,0,9,0,691,40,63,13,731,76,9,0
05/22/2020,DOUGLAS,0,5,0,0,5,0,696,40,63,13,736,76,5,0
05/23/2020,DOUGLAS,0,1,0,0,1,0,697,40,63,13,737,76,1,0
05/24/2020,DOUGLAS,0,2,0,0,2,0,699,40,63,13,739,76,2,0
05/25/2020,DOUGLAS,0,5,0,0,5,0,704,40,63,13,744,76,5,0
05/26/2020,DOUGLAS,0,3,0,0,3,0,707,40,63,13,747,76,3,0
05/27/2020,DOUGLAS,0,4,0,1,4,1,711,40,64,13,751,77,4,1
05/28/2020,DOUGLAS,0,5,0,0,5,0,716,40,64,13,756,77,5,0
05/29/2020,DOUGLAS,0,10,0,0,10,0,726,40,64,13,766,77,10,0
05/30/2020,DOUGLAS,0,6,0,1,6,1,732,40,65,13,772,78,6,1
05/31/2020,DOUGLAS,0,3,0,0,3,0,735,40,65,13,775,78,3,0
06/01/2020,DOUGLAS,0,2,0,0,2,0,737,40,65,13,777,78,2,0
06/02/2020,DOUGLAS,0,6,0,0,6,0,743,40,65,13,783,78,6,0
06/03/2020,DOUGLAS,0,11,0,0,11,0,754,40,65,13,794,78,11,0
06/04/2020,DOUGLAS,0,9,0,0,9,0,763,40,65,13,803,78,9,0
06/05/2020,DOUGLAS,0,6,0,0,6,0,769,40,65,13,809,78,6,0
06/06/2020,DOUGLAS,0,3,0,1,3,1,772,40,66,13,812,79,3,1
06/08/2020,DOUGLAS,0,6,0,0,6,0,778,40,66,13,818,79,6,0
06/09/2020,DOUGLAS,0,4,0,0,4,0,782,40,66,13,822,79,4,0
06/10/2020,DOUGLAS,0,8,0,0,8,0,790,40,66,13,830,79,8,0
06/11/2020,DOUGLAS,0,28,0,1,28,1,818,40,67,13,858,80,28,1
06/12/2020,DOUGLAS,0,5,0,0,5,0,823,40,67,13,863,80,5,0
06/13/2020,DOUGLAS,0,8,0,0,8,0,831,40,67,13,871,80,8,0
06/14/2020,DOUGLAS,0,4,0,0,4,0,835,40,67,13,875,80,4,0
06/15/2020,DOUGLAS,0,7,0,1,7,1,842,40,68,13,882,81,7,1
06/16/2020,DOUGLAS,0,5,0,0,5,0,847,40,68,13,887,81,5,0
06/17/2020,DOUGLAS,0,6,0,0,6,0,853,40,68,13,893,81,6,0
06/18/2020,DOUGLAS,0,9,0,0,9,0,862,40,68,13,902,81,9,0
06/19/2020,DOUGLAS,0,10,0,1,10,1,872,40,69,13,912,82,10,1
06/20/2020,DOUGLAS,0,15,0,1,15,1,887,40,70,13,927,83,15,1
06/21/2020,DOUGLAS,0,8,0,0,8,0,895,40,70,13,935,83,8,0
06/22/2020,DOUGLAS,1,4,0,0,5,0,899,41,70,13,940,83,5,0
06/23/2020,DOUGLAS,0,5,0,0,5,0,904,41,70,13,945,83,5,0
06/24/2020,DOUGLAS,0,17,0,0,17,0,921,41,70,13,962,83,17,0
06/25/2020,DOUGLAS,2,6,0,0,8,0,927,43,70,13,970,83,8,0
06/26/2020,DOUGLAS,0,8,0,0,8,0,935,43,70,13,978,83,8,0
06/27/2020,DOUGLAS,0,14,0,0,14,0,949,43,70,13,992,83,14,0
06/28/2020,DOUGLAS,0,7,0,1,7,1,956,43,71,13,999,84,7,1
06/29/2020,DOUGLAS,0,6,0,0,6,0,962,43,71,13,1005,84,6,0
06/30/2020,DOUGLAS,0,14,0,1,14,1,976,43,72,13,1019,85,14,1
07/01/2020,DOUGLAS,0,15,0,0,15,0,991,43,72,13,1034,85,15,0
07/02/2020,DOUGLAS,0,11,0,0,11,0,1002,43,72,13,1045,85,11,0
07/03/2020,DOUGLAS,1,12,0,0,13,0,1014,44,72,13,1058,85,13,0
07/04/2020,DOUGLAS,0,8,0,0,8,0,1022,44,72,13,1066,85,8,0
07/05/2020,DOUGLAS,0,5,0,0,5,0,1027,44,72,13,1071,85,5,0
07/06/2020,DOUGLAS,1,23,0,3,24,3,1050,45,75,13,1095,88,24,3
07/07/2020,DOUGLAS,0,18,0,0,18,0,1068,45,75,13,1113,88,18,0
07/08/2020,DOUGLAS,1,22,0,3,23,3,1090,46,78,13,1136,91,23,3
07/09/2020,DOUGLAS,0,43,0,1,43,1,1133,46,79,13,1179,92,43,1
07/10/2020,DOUGLAS,2,13,0,0,15,0,1146,48,79,13,1194,92,15,0
07/11/2020,DOUGLAS,1,28,0,4,29,4,1174,49,83,13,1223,96,29,4
07/12/2020,DOUGLAS,0,20,0,2,20,2,1194,49,85,13,1243,98,20,2
07/13/2020,DOUGLAS,0,21,0,0,21,0,1215,49,85,13,1264,98,21,0
07/14/2020,DOUGLAS,0,16,0,1,16,1,1231,49,86,13,1280,99,16,1
07/15/2020,DOUGLAS,0,42,0,1,42,1,1273,49,87,13,1322,100,42,1
07/16/2020,DOUGLAS,1,31,0,0,32,0,1304,50,87,13,1354,100,32,0
07/17/2020,DOUGLAS,2,21,0,0,23,0,1325,52,87,13,1377,100,23,0
07/18/2020,DOUGLAS,0,20,0,0,20,0,1345,52,87,13,1397,100,20,0
07/19/2020,DOUGLAS,0,26,0,0,26,0,1371,52,87,13,1423,100,26,0
07/20/2020,DOUGLAS,0,25,0,0,25,0,1396,52,87,13,1448,100,25,0
07/21/2020,DOUGLAS,1,29,0,0,30,0,1425,53,87,13,1478,100,30,0
07/22/2020,DOUGLAS,0,25,0,0,25,0,1450,53,87,13,1503,100,25,0
07/23/2020,DOUGLAS,2,32,0,0,34,0,1482,55,87,13,1537,100,34,0
07/24/2020,DOUGLAS,1,29,0,0,30,0,1511,56,87,13,1567,100,30,0
07/25/2020,DOUGLAS,1,26,0,0,27,0,1537,57,87,13,1594,100,27,0
07/26/2020,DOUGLAS,0,8,0,0,8,0,1545,57,87,13,1602,100,8,0
07/27/2020,DOUGLAS,0,29,0,0,29,0,1574,57,87,13,1631,100,29,0
07/28/2020,DOUGLAS,0,23,0,0,23,0,1597,57,87,13,1654,100,23,0
07/29/2020,DOUGLAS,1,20,0,0,21,0,1617,58,87,13,1675,100,21,0
07/30/2020,DOUGLAS,0,21,0,0,21,0,1638,58,87,13,1696,100,21,0
07/31/2020,DOUGLAS,0,15,0,0,15,0,1653,58,87,13,1711,100,15,0
08/01/2020,DOUGLAS,2,20,0,0,22,0,1673,60,87,13,1733,100,22,0
08/02/2020,DOUGLAS,0,9,0,0,9,0,1682,60,87,13,1742,100,9,0
08/03/2020,DOUGLAS,0,17,0,0,17,0,1699,60,87,13,1759,100,17,0
08/04/2020,DOUGLAS,2,17,0,0,19,0,1716,62,87,13,1778,100,19,0
08/05/2020,DOUGLAS,1,11,0,0,12,0,1727,63,87,13,1790,100,12,0
08/06/2020,DOUGLAS,0,16,0,1,16,1,1743,63,88,13,1806,101,16,1
08/07/2020,DOUGLAS,0,10,0,0,10,0,1753,63,88,13,1816,101,10,0
08/08/2020,DOUGLAS,0,10,0,0,10,0,1763,63,88,13,1826,101,10,0
08/09/2020,DOUGLAS,1,11,0,0,12,0,1774,64,88,13,1838,101,12,0
08/10/2020,DOUGLAS,3,13,0,0,16,0,1787,67,88,13,1854,101,16,0
08/11/2020,DOUGLAS,0,4,0,0,4,0,1791,67,88,13,1858,101,4,0
08/12/2020,DOUGLAS,3,24,0,0,27,0,1815,70,88,13,1885,101,27,0
08/13/2020,DOUGLAS,0,19,0,0,19,0,1834,70,88,13,1904,101,19,0
08/14/2020,DOUGLAS,0,13,0,0,13,0,1847,70,88,13,1917,101,13,0
08/15/2020,DOUGLAS,2,13,0,0,15,0,1860,72,88,13,1932,101,15,0
08/16/2020,DOUGLAS,1,7,0,0,8,0,1867,73,88,13,1940,101,8,0
08/17/2020,DOUGLAS,0,7,0,0,7,0,1874,73,88,13,1947,101,7,0
08/18/2020,DOUGLAS,2,14,0,0,16,0,1888,75,88,13,1963,101,16,0
08/19/2020,DOUGLAS,1,14,0,0,15,0,1902,76,88,13,1978,101,15,0
08/20/2020,DOUGLAS,0,14,0,0,14,0,1916,76,88,13,1992,101,14,0
08/21/2020,DOUGLAS,0,6,0,0,6,0,1922,76,88,13,1998,101,6,0
08/22/2020,DOUGLAS,0,10,0,0,10,0,1932,76,88,13,2008,101,10,0
08/23/2020,DOUGLAS,0,11,0,0,11,0,1943,76,88,13,2019,101,11,0
08/24/2020,DOUGLAS,5,13,0,0,18,0,1956,81,88,13,2037,101,18,0
08/25/2020,DOUGLAS,4,10,0,0,14,0,1966,85,88,13,2051,101,14,0
08/26/2020,DOUGLAS,0,14,0,0,14,0,1980,85,88,13,2065,101,14,0
08/27/2020,DOUGLAS,0,21,0,0,21,0,2001,85,88,13,2086,101,21,0
08/28/2020,DOUGLAS,0,8,0,0,8,0,2009,85,88,13,2094,101,8,0
08/29/2020,DOUGLAS,0,11,0,0,11,0,2020,85,88,13,2105,101,11,0
08/30/2020,DOUGLAS,2,12,0,0,14,0,2032,87,88,13,2119,101,14,0
08/31/2020,DOUGLAS,1,14,0,0,15,0,2046,88,88,13,2134,101,15,0
09/01/2020,DOUGLAS,0,11,0,0,11,0,2057,88,88,13,2145,101,11,0
09/02/2020,DOUGLAS,3,19,0,0,22,0,2076,91,88,13,2167,101,22,0
09/03/2020,DOUGLAS,2,25,0,0,27,0,2101,93,88,13,2194,101,27,0
09/04/2020,DOUGLAS,6,17,0,0,23,0,2118,99,88,13,2217,101,23,0
09/05/2020,DOUGLAS,1,16,0,0,17,0,2134,100,88,13,2234,101,17,0
09/06/2020,DOUGLAS,3,13,0,0,16,0,2147,103,88,13,2250,101,16,0
09/07/2020,DOUGLAS,0,13,0,0,13,0,2160,103,88,13,2263,101,13,0
09/08/2020,DOUGLAS,3,14,0,0,17,0,2174,106,88,13,2280,101,17,0
09/09/2020,DOUGLAS,4,12,0,0,16,0,2186,110,88,13,2296,101,16,0
09/10/2020,DOUGLAS,1,12,0,0,13,0,2198,111,88,13,2309,101,13,0
09/11/2020,DOUGLAS,1,9,0,0,10,0,2207,112,88,13,2319,101,10,0
09/12/2020,DOUGLAS,2,23,0,0,25,0,2230,114,88,13,2344,101,25,0
09/13/2020,DOUGLAS,5,14,0,0,19,0,2244,119,88,13,2363,101,19,0
09/14/2020,DOUGLAS,2,10,0,0,12,0,2254,121,88,13,2375,101,12,0
09/15/2020,DOUGLAS,2,10,0,0,12,0,2264,123,88,13,2387,101,12,0
09/16/2020,DOUGLAS,3,31,0,0,34,0,2295,126,88,13,2421,101,34,0
09/17/2020,DOUGLAS,1,27,0,0,28,0,2322,127,88,13,2449,101,28,0
09/18/2020,DOUGLAS,1,33,0,0,34,0,2355,128,88,13,2483,101,34,0
09/19/2020,DOUGLAS,3,12,0,0,15,0,2367,131,88,13,2498,101,15,0
09/20/2020,DOUGLAS,1,34,0,0,35,0,2401,132,88,13,2533,101,35,0
09/21/2020,DOUGLAS,2,27,0,0,29,0,2428,134,88,13,2562,101,29,0
09/22/2020,DOUGLAS,1,22,0,0,23,0,2450,135,88,13,2585,101,23,0
09/23/2020,DOUGLAS,2,30,0,0,32,0,2480,137,88,13,2617,101,32,0
09/24/2020,DOUGLAS,1,25,0,0,26,0,2505,138,88,13,2643,101,26,0
09/25/2020,DOUGLAS,1,38,0,1,39,1,2543,139,89,13,2682,102,39,1
09/26/2020,DOUGLAS,0,27,0,0,27,0,2570,139,89,13,2709,102,27,0
09/27/2020,DOUGLAS,2,39,0,0,41,0,2609,141,89,13,2750,102,41,0
09/28/2020,DOUGLAS,4,22,0,0,26,0,2631,145,89,13,2776,102,26,0
09/29/2020,DOUGLAS,1,29,0,0,30,0,2660,146,89,13,2806,102,30,0
09/30/2020,DOUGLAS,3,32,0,0,35,0,2692,149,89,13,2841,102,35,0
10/01/2020,DOUGLAS,4,31,0,0,35,0,2723,153,89,13,2876,102,35,0
10/02/2020,DOUGLAS,3,37,0,0,40,0,2760,156,89,13,2916,102,40,0
10/03/2020,DOUGLAS,5,25,0,0,30,0,2785,161,89,13,2946,102,30,0
10/04/2020,DOUGLAS,0,17,0,0,17,0,2802,161,89,13,2963,102,17,0
10/05/2020,DOUGLAS,3,32,0,0,35,0,2834,164,89,13,2998,102,35,0
10/06/2020,DOUGLAS,4,20,0,1,24,1,2854,168,90,13,3022,103,24,1
10/07/2020,DOUGLAS,5,23,0,0,28,0,2877,173,90,13,3050,103,28,0
10/08/2020,DOUGLAS,3,40,0,1,43,1,2917,176,91,13,3093,104,43,1
10/09/2020,DOUGLAS,7,39,0,0,46,0,2956,183,91,13,3139,104,46,0
10/10/2020,DOUGLAS,10,36,0,0,46,0,2992,193,91,13,3185,104,46,0
10/11/2020,DOUGLAS,3,29,0,0,32,0,3021,196,91,13,3217,104,32,0
10/12/2020,DOUGLAS,3,44,0,0,47,0,3065,199,91,13,3264,104,47,0
10/13/2020,DOUGLAS,9,30,0,0,39,0,3095,208,91,13,3303,104,39,0
10/14/2020,DOUGLAS,5,53,0,0,58,0,3148,213,91,13,3361,104,58,0
10/15/2020,DOUGLAS,8,43,0,0,51,0,3191,221,91,13,3412,104,51,0
10/16/2020,DOUGLAS,13,43,1,0,56,1,3234,234,91,14,3468,105,56,1
10/17/2020,DOUGLAS,6,39,0,0,45,0,3273,240,91,14,3513,105,45,0
10/18/2020,DOUGLAS,5,60,0,2,65,2,3333,245,93,14,3578,107,65,2
10/19/2020,DOUGLAS,5,51,0,0,56,0,3384,250,93,14,3634,107,56,0
10/20/2020,DOUGLAS,10,35,0,2,45,2,3419,260,95,14,3679,109,45,2
10/21/2020,DOUGLAS,4,52,0,1,56,1,3471,264,96,14,3735,110,56,1
10/22/2020,DOUGLAS,10,55,0,1,65,1,3526,274,97,14,3800,111,65,1
10/23/2020,DOUGLAS,14,72,0,0,86,0,3598,288,97,14,3886,111,86,0
10/24/2020,DOUGLAS,12,89,0,1,101,1,3687,300,98,14,3987,112,101,1
10/25/2020,DOUGLAS,7,151,0,2,158,2,3838,307,100,14,4145,114,158,2
10/26/2020,DOUGLAS,10,76,0,1,86,1,3914,317,101,14,4231,115,86,1
10/27/2020,DOUGLAS,15,56,1,1,71,2,3970,332,102,15,4302,117,71,2
10/28/2020,DOUGLAS,8,87,0,0,95,0,4057,340,102,15,4397,117,95,0
10/29/2020,DOUGLAS,28,114,2,1,142,3,4171,368,103,17,4539,120,142,3
10/30/2020,DOUGLAS,5,124,0,1,129,1,4295,373,104,17,4668,121,129,1
10/31/2020,DOUGLAS,10,132,0,2,142,2,4427,383,106,17,4810,123,142,2
11/01/2020,DOUGLAS,8,110,0,0,118,0,4537,391,106,17,4928,123,118,0
11/02/2020,DOUGLAS,18,124,1,1,142,2,4661,409,107,18,5070,125,142,2
11/03/2020,DOUGLAS,5,96,0,3,101,3,4757,414,110,18,5171,128,101,3
11/04/2020,DOUGLAS,6,185,0,1,191,1,4942,420,111,18,5362,129,191,1
11/05/2020,DOUGLAS,14,175,1,1,189,2,5117,434,112,19,5551,131,189,2
11/06/2020,DOUGLAS,14,167,0,3,181,3,5284,448,115,19,5732,134,181,3
11/07/2020,DOUGLAS,7,218,0,0,225,0,5502,455,115,19,5957,134,225,0
11/08/2020,DOUGLAS,12,239,0,0,251,0,5741,467,115,19,6208,134,251,0
11/09/2020,DOUGLAS,10,179,1,1,189,2,5920,477,116,20,6397,136,189,2
11/10/2020,DOUGLAS,22,147,0,2,169,2,6067,499,118,20,6566,138,169,2
11/11/2020,DOUGLAS,42,236,2,0,278,2,6303,541,118,22,6844,140,278,2
11/12/2020,DOUGLAS,63,339,0,0,402,0,6642,604,118,22,7246,140,402,0
11/13/2020,DOUGLAS,19,237,0,0,256,0,6879,623,118,22,7502,140,256,0
11/14/2020,DOUGLAS,21,237,0,0,258,0,7116,644,118,22,7760,140,258,0
11/15/2020,DOUGLAS,9,217,0,1,226,1,7333,653,119,22,7986,141,226,1
11/16/2020,DOUGLAS,41,209,1,0,250,1,7542,694,119,23,8236,142,250,1
11/17/2020,DOUGLAS,24,242,0,5,266,5,7784,718,124,23,8502,147,266,5
11/18/2020,DOUGLAS,18,346,0,3,364,3,8130,736,127,23,8866,150,364,3
11/19/2020,DOUGLAS,14,267,0,4,281,4,8397,750,131,23,9147,154,281,4
11/20/2020,DOUGLAS,38,287,0,5,325,5,8684,788,136,23,9472,159,325,5
11/21/2020,DOUGLAS,6,276,0,5,282,5,8960,794,141,23,9754,164,282,5
11/22/2020,DOUGLAS,10,272,0,2,282,2,9232,804,143,23,10036,166,282,2
11/23/2020,DOUGLAS,38,143,0,3,181,3,9375,842,146,23,10217,169,181,3
11/24/2020,DOUGLAS,8,205,0,1,213,1,9580,850,147,23,10430,170,213,1
11/25/2020,DOUGLAS,14,363,0,8,377,8,9943,864,155,23,10807,178,377,8
11/26/2020,DOUGLAS,12,226,0,0,238,0,10169,876,155,23,11045,178,238,0
11/27/2020,DOUGLAS,20,219,0,6,239,6,10388,896,161,23,11284,184,239,6
11/28/2020,DOUGLAS,4,188,0,2,192,2,10576,900,163,23,11476,186,192,2
11/29/2020,DOUGLAS,29,230,0,2,259,2,10806,929,165,23,11735,188,259,2
11/30/2020,DOUGLAS,25,277,0,8,302,8,11083,954,173,23,12037,196,302,8
12/01/2020,DOUGLAS,14,150,0,2,164,2,11233,968,175,23,12201,198,164,2
12/02/2020,DOUGLAS,24,280,1,1,304,2,11513,992,176,24,12505,200,304,2
12/03/2020,DOUGLAS,14,274,0,4,288,4,11787,1006,180,24,12793,204,288,4
12/04/2020,DOUGLAS,54,251,1,0,305,1,12038,1060,180,25,13098,205,305,1
12/05/2020,DOUGLAS,18,225,0,2,243,2,12263,1078,182,25,13341,207,243,2
12/06/2020,DOUGLAS,9,174,0,2,183,2,12437,1087,184,25,13524,209,183,2
12/07/2020,DOUGLAS,17,170,0,3,187,3,12607,1104,187,25,13711,212,187,3
12/08/2020,DOUGLAS,28,193,0,4,221,4,12800,1132,191,25,13932,216,221,4
12/09/2020,DOUGLAS,11,184,1,2,195,3,12984,1143,193,26,14127,219,195,3
12/10/2020,DOUGLAS,17,169,0,0,186,0,13153,1160,193,26,14313,219,186,0
12/11/2020,DOUGLAS,9,177,0,3,186,3,13330,1169,196,26,14499,222,186,3
12/12/2020,DOUGLAS,11,164,0,5,175,5,13494,1180,201,26,14674,227,175,5
12/13/2020,DOUGLAS,11,117,0,3,128,3,13611,1191,204,26,14802,230,128,3
12/14/2020,DOUGLAS,31,88,0,1,119,1,13699,1222,205,26,14921,231,119,1
12/15/2020,DOUGLAS,13,88,0,2,101,2,13787,1235,207,26,15022,233,101,2
12/16/2020,DOUGLAS,20,162,0,2,182,2,13949,1255,209,26,15204,235,182,2
12/17/2020,DOUGLAS,14,114,1,3,128,4,14063,1269,212,27,15332,239,128,4
12/18/2020,DOUGLAS,14,79,1,2,93,3,14142,1283,214,28,15425,242,93,3
12/19/2020,DOUGLAS,13,108,0,1,121,1,14250,1296,215,28,15546,243,121,1
12/20/2020,DOUGLAS,13,112,0,0,125,0,14362,1309,215,28,15671,243,125,0
12/21/2020,DOUGLAS,50,80,0,0,130,0,14442,1359,215,28,15801,243,130,0
12/22/2020,DOUGLAS,17,109,0,1,126,1,14551,1376,216,28,15927,244,126,1
12/23/2020,DOUGLAS,10,117,0,1,127,1,14668,1386,217,28,16054,245,127,1
12/24/2020,DOUGLAS,15,111,0,0,126,0,14779,1401,217,28,16180,245,126,0
12/25/2020,DOUGLAS,11,65,0,0,76,0,14844,1412,217,28,16256,245,76,0
12/26/2020,DOUGLAS,14,47,0,0,61,0,14891,1426,217,28,16317,245,61,0
12/27/2020,DOUGLAS,8,99,0,2,107,2,14990,1434,219,28,16424,247,107,2
12/28/2020,DOUGLAS,26,67,1,0,93,1,15057,1460,219,29,16517,248,93,1
12/29/2020,DOUGLAS,15,99,0,1,114,1,15156,1475,220,29,16631,249,114,1
12/30/2020,DOUGLAS,19,104,0,0,123,0,15260,1494,220,29,16754,249,123,0
12/31/2020,DOUGLAS,11,112,0,0,123,0,15372,1505,220,29,16877,249,123,0
01/01/2021,DOUGLAS,4,94,0,0,98,0,15466,1509,220,29,16975,249,98,0
01/02/2021,DOUGLAS,8,66,0,0,74,0,15532,1517,220,29,17049,249,74,0
01/03/2021,DOUGLAS,9,102,0,0,111,0,15634,1526,220,29,17160,249,111,0
01/04/2021,DOUGLAS,19,103,0,1,122,1,15737,1545,221,29,17282,250,122,1
01/05/2021,DOUGLAS,12,93,0,1,105,1,15830,1557,222,29,17387,251,105,1
01/06/2021,DOUGLAS,21,183,0,0,204,0,16013,1578,222,29,17591,251,204,0
01/07/2021,DOUGLAS,10,174,0,1,184,1,16187,1588,223,29,17775,252,184,1
01/08/2021,DOUGLAS,11,119,0,2,130,2,16306,1599,225,29,17905,254,130,2
01/09/2021,DOUGLAS,23,127,0,0,150,0,16433,1622,225,29,18055,254,150,0
01/10/2021,DOUGLAS,9,84,0,0,93,0,16517,1631,225,29,18148,254,93,0
01/11/2021,DOUGLAS,7,84,1,1,91,2,16601,1638,226,30,18239,256,91,2
01/12/2021,DOUGLAS,17,132,1,0,149,1,16733,1655,226,31,18388,257,149,1
01/13/2021,DOUGLAS,38,118,0,0,156,0,16851,1693,226,31,18544,257,156,0
01/14/2021,DOUGLAS,10,92,0,1,102,1,16943,1703,227,31,18646,258,102,1
01/15/2021,DOUGLAS,17,88,0,0,105,0,17031,1720,227,31,18751,258,105,0
01/16/2021,DOUGLAS,4,74,0,0,78,0,17105,1724,227,31,18829,258,78,0
01/17/2021,DOUGLAS,8,58,0,0,66,0,17163,1732,227,31,18895,258,66,0
01/18/2021,DOUGLAS,4,66,0,0,70,0,17229,1736,227,31,18965,258,70,0
01/19/2021,DOUGLAS,10,54,0,0,64,0,17283,1746,227,31,19029,258,64,0
01/20/2021,DOUGLAS,17,81,0,0,98,0,17364,1763,227,31,19127,258,98,0
01/21/2021,DOUGLAS,11,104,0,0,115,0,17468,1774,227,31,19242,258,115,0
01/22/2021,DOUGLAS,11,94,0,0,105,0,17562,1785,227,31,19347,258,105,0
01/23/2021,DOUGLAS,8,75,0,0,83,0,17637,1793,227,31,19430,258,83,0
01/24/2021,DOUGLAS,5,57,0,0,62,0,17694,1798,227,31,19492,258,62,0
01/25/2021,DOUGLAS,11,37,0,0,48,0,17731,1809,227,31,19540,258,48,0
01/26/2021,DOUGLAS,11,68,0,0,79,0,17799,1820,227,31,19619,258,79,0
01/27/2021,DOUGLAS,9,64,0,0,73,0,17863,1829,227,31,19692,258,73,0
01/28/2021,DOUGLAS,12,102,0,0,114,0,17965,1841,227,31,19806,258,114,0
01/29/2021,DOUGLAS,7,69,0,0,76,0,18034,1848,227,31,19882,258,76,0
01/30/2021,DOUGLAS,2,59,0,1,61,1,18093,1850,228,31,19943,259,61,1
01/31/2021,DOUGLAS,7,113,0,0,120,0,18206,1857,228,31,20063,259,120,0
02/01/2021,DOUGLAS,18,61,0,0,79,0,18267,1875,228,31,20142,259,79,0
02/02/2021,DOUGLAS,12,99,0,0,111,0,18366,1887,228,31,20253,259,111,0
02/03/2021,DOUGLAS,7,86,0,1,93,1,18452,1894,229,31,20346,260,93,1
02/04/2021,DOUGLAS,14,142,0,0,156,0,18594,1908,229,31,20502,260,156,0
02/05/2021,DOUGLAS,14,97,0,0,111,0,18691,1922,229,31,20613,260,111,0
02/06/2021,DOUGLAS,8,82,0,0,90,0,18773,1930,229,31,20703,260,90,0
02/07/2021,DOUGLAS,10,50,0,1,60,1,18823,1940,230,31,20763,261,60,1
02/08/2021,DOUGLAS,8,73,0,1,81,1,18896,1948,231,31,20844,262,81,1
02/09/2021,DOUGLAS,9,73,0,0,82,0,18969,1957,231,31,20926,262,82,0
02/10/2021,DOUGLAS,3,93,0,0,96,0,19062,1960,231,31,21022,262,96,0
02/11/2021,DOUGLAS,8,93,0,0,101,0,19155,1968,231,31,21123,262,101,0
02/12/2021,DOUGLAS,17,81,0,0,98,0,19236,1985,231,31,21221,262,98,0
02/13/2021,DOUGLAS,5,56,0,0,61,0,19292,1990,231,31,21282,262,61,0
02/14/2021,DOUGLAS,13,59,0,0,72,0,19351,2003,231,31,21354,262,72,0
02/15/2021,DOUGLAS,17,44,0,0,61,0,19395,2020,231,31,21415,262,61,0
02/16/2021,DOUGLAS,9,71,0,0,80,0,19466,2029,231,31,21495,262,80,0
02/17/2021,DOUGLAS,7,86,0,0,93,0,19552,2036,231,31,21588,262,93,0
02/18/2021,DOUGLAS,2,69,0,0,71,0,19621,2038,231,31,21659,262,71,0
02/19/2021,DOUGLAS,17,77,0,0,94,0,19698,2055,231,31,21753,262,94,0
02/20/2021,DOUGLAS,5,40,0,1,45,1,19738,2060,232,31,21798,263,45,1
02/21/2021,DOUGLAS,5,49,0,0,54,0,19787,2065,232,31,21852,263,54,0
02/22/2021,DOUGLAS,11,79,0,0,90,0,19866,2076,232,31,21942,263,90,0
02/23/2021,DOUGLAS,11,76,0,0,87,0,19942,2087,232,31,22029,263,87,0
02/24/2021,DOUGLAS,12,85,0,0,97,0,20027,2099,232,31,22126,263,97,0
02/25/2021,DOUGLAS,4,82,0,1,86,1,20109,2103,233,31,22212,264,86,1
02/26/2021,DOUGLAS,16,75,0,0,91,0,20184,2119,233,31,22303,264,91,0
02/27/2021,DOUGLAS,3,56,0,0,59,0,20240,2122,233,31,22362,264,59,0
02/28/2021,DOUGLAS,7,49,0,2,56,2,20289,2129,235,31,22418,266,56,2
03/01/2021,DOUGLAS,8,73,0,0,81,0,20362,2137,235,31,22499,266,81,0
03/02/2021,DOUGLAS,8,71,0,0,79,0,20433,2145,235,31,22578,266,79,0
03/03/2021,DOUGLAS,11,86,0,0,97,0,20519,2156,235,31,22675,266,97,0
03/04/2021,DOUGLAS,16,114,0,0,130,0,20633,2172,235,31,22805,266,130,0
03/05/2021,DOUGLAS,16,67,0,0,83,0,20700,2188,235,31,22888,266,83,0
03/06/2021,DOUGLAS,8,69,0,0,77,0,20769,2196,235,31,22965,266,77,0
03/07/2021,DOUGLAS,5,60,0,1,65,1,20829,2201,236,31,23030,267,65,1
03/08/2021,DOUGLAS,10,47,0,0,57,0,20876,2211,236,31,23087,267,57,0
03/09/2021,DOUGLAS,4,75,0,0,79,0,20951,2215,236,31,23166,267,79,0
03/10/2021,DOUGLAS,9,86,0,0,95,0,21037,2224,236,31,23261,267,95,0
03/11/2021,DOUGLAS,11,70,0,0,81,0,21107,2235,236,31,23342,267,81,0
03/12/2021,DOUGLAS,15,88,1,0,103,1,21195,2250,236,32,23445,268,103,1
03/13/2021,DOUGLAS,6,84,0,0,90,0,21279,2256,236,32,23535,268,90,0
03/14/2021,DOUGLAS,0,16,0,0,16,0,21295,2256,236,32,23551,268,16,0
03/15/2021,DOUGLAS,3,9,0,0,12,0,21304,2259,236,32,23563,268,12,0
03/16/2021,DOUGLAS,8,18,0,0,26,0,21322,2267,236,32,23589,268,26,0
03/17/2021,DOUGLAS,6,81,0,0,87,0,21403,2273,236,32,23676,268,87,0
03/18/2021,DOUGLAS,9,110,0,1,119,1,21513,2282,237,32,23795,269,119,1
03/19/2021,DOUGLAS,6,75,0,0,81,0,21588,2288,237,32,23876,269,81,0
03/20/2021,DOUGLAS,10,67,0,0,77,0,21655,2298,237,32,23953,269,77,0
03/21/2021,DOUGLAS,6,18,0,0,24,0,21673,2304,237,32,23977,269,24,0
03/22/2021,DOUGLAS,14,99,0,0,113,0,21772,2318,237,32,24090,269,113,0
03/23/2021,DOUGLAS,10,75,0,0,85,0,21847,2328,237,32,24175,269,85,0
03/24/2021,DOUGLAS,8,90,0,0,98,0,21937,2336,237,32,24273,269,98,0
03/25/2021,DOUGLAS,4,88,0,0,92,0,22025,2340,237,32,24365,269,92,0
03/26/2021,DOUGLAS,2,87,0,0,89,0,22112,2342,237,32,24454,269,89,0
03/27/2021,DOUGLAS,3,73,0,0,76,0,22185,2345,237,32,24530,269,76,0
03/28/2021,DOUGLAS,5,48,0,0,53,0,22233,2350,237,32,24583,269,53,0
03/29/2021,DOUGLAS,16,90,1,0,106,1,22323,2366,237,33,24689,270,106,1
03/30/2021,DOUGLAS,5,86,0,0,91,0,22409,2371,237,33,24780,270,91,0
03/31/2021,DOUGLAS,23,128,1,0,151,1,22537,2394,237,34,24931,271,151,1
04/01/2021,DOUGLAS,12,135,0,0,147,0,22672,2406,237,34,25078,271,147,0
04/02/2021,DOUGLAS,11,116,0,1,127,1,22788,2417,238,34,25205,272,127,1
04/03/2021,DOUGLAS,11,109,0,0,120,0,22897,2428,238,34,25325,272,120,0
04/04/2021,DOUGLAS,2,86,0,0,88,0,22983,2430,238,34,25413,272,88,0
04/05/2021,DOUGLAS,9,100,0,1,109,1,23083,2439,239,34,25522,273,109,1
04/06/2021,DOUGLAS,10,147,0,0,157,0,23230,2449,239,34,25679,273,157,0
04/07/2021,DOUGLAS,10,142,0,0,152,0,23372,2459,239,34,25831,273,152,0
04/08/2021,DOUGLAS,9,125,0,1,134,1,23497,2468,240,34,25965,274,134,1
04/09/2021,DOUGLAS,12,123,0,0,135,0,23620,2480,240,34,26100,274,135,0
04/10/2021,DOUGLAS,9,110,0,0,119,0,23730,2489,240,34,26219,274,119,0
04/11/2021,DOUGLAS,13,83,0,0,96,0,23813,2502,240,34,26315,274,96,0
04/12/2021,DOUGLAS,20,136,0,0,156,0,23949,2522,240,34,26471,274,156,0
04/13/2021,DOUGLAS,14,131,0,0,145,0,24080,2536,240,34,26616,274,145,0
04/14/2021,DOUGLAS,12,113,0,1,125,1,24193,2548,241,34,26741,275,125,1
04/15/2021,DOUGLAS,21,200,0,1,221,1,24393,2569,242,34,26962,276,221,1
04/16/2021,DOUGLAS,13,115,0,0,128,0,24508,2582,242,34,27090,276,128,0
04/17/2021,DOUGLAS,15,84,0,0,99,0,24592,2597,242,34,27189,276,99,0
04/18/2021,DOUGLAS,5,61,0,0,66,0,24653,2602,242,34,27255,276,66,0
04/19/2021,DOUGLAS,12,109,0,0,121,0,24762,2614,242,34,27376,276,121,0
04/20/2021,DOUGLAS,13,131,0,0,144,0,24893,2627,242,34,27520,276,144,0
04/21/2021,DOUGLAS,14,178,0,1,192,1,25071,2641,243,34,27712,277,192,1
04/22/2021,DOUGLAS,24,129,0,1,153,1,25200,2665,244,34,27865,278,153,1
04/23/2021,DOUGLAS,11,103,0,0,114,0,25303,2676,244,34,27979,278,114,0
04/24/2021,DOUGLAS,10,148,0,0,158,0,25451,2686,244,34,28137,278,158,0
04/25/2021,DOUGLAS,12,52,0,0,64,0,25503,2698,244,34,28201,278,64,0
04/26/2021,DOUGLAS,22,102,0,0,124,0,25605,2720,244,34,28325,278,124,0
04/27/2021,DOUGLAS,20,113,0,0,133,0,25718,2740,244,34,28458,278,133,0
04/28/2021,DOUGLAS,20,140,0,0,160,0,25858,2760,244,34,28618,278,160,0
04/29/2021,DOUGLAS,16,106,0,0,122,0,25964,2776,244,34,28740,278,122,0
04/30/2021,DOUGLAS,13,72,0,1,85,1,26036,2789,245,34,28825,279,85,1
05/01/2021,DOUGLAS,17,72,0,0,89,0,26108,2806,245,34,28914,279,89,0
05/02/2021,DOUGLAS,9,62,0,0,71,0,26170,2815,245,34,28985,279,71,0
05/03/2021,DOUGLAS,22,89,0,1,111,1,26259,2837,246,34,29096,280,111,1
05/04/2021,DOUGLAS,19,92,0,0,111,0,26351,2856,246,34,29207,280,111,0
05/05/2021,DOUGLAS,8,64,0,0,72,0,26415,2864,246,34,29279,280,72,0
05/06/2021,DOUGLAS,15,68,0,0,83,0,26483,2879,246,34,29362,280,83,0
05/07/2021,DOUGLAS,3,87,0,1,90,1,26570,2882,247,34,29452,281,90,1
05/08/2021,DOUGLAS,2,53,0,0,55,0,26623,2884,247,34,29507,281,55,0
05/09/2021,DOUGLAS,3,48,0,0,51,0,26671,2887,247,34,29558,281,51,0
05/10/2021,DOUGLAS,5,57,0,1,62,1,26728,2892,248,34,29620,282,62,1
05/11/2021,DOUGLAS,8,59,0,0,67,0,26787,2900,248,34,29687,282,67,0
05/12/2021,DOUGLAS,7,118,0,0,125,0,26905,2907,248,34,29812,282,125,0
05/13/2021,DOUGLAS,3,53,0,0,56,0,26958,2910,248,34,29868,282,56,0
05/14/2021,DOUGLAS,6,30,0,0,36,0,26988,2916,248,34,29904,282,36,0
05/15/2021,DOUGLAS,2,11,0,0,13,0,26999,2918,248,34,29917,282,13,0
05/16/2021,DOUGLAS,3,42,0,0,45,0,27041,2921,248,34,29962,282,45,0
05/17/2021,DOUGLAS,5,23,0,1,28,1,27064,2926,249,34,29990,283,28,1
05/18/2021,DOUGLAS,5,32,0,0,37,0,27096,2931,249,34,30027,283,37,0
05/19/2021,DOUGLAS,8,44,0,0,52,0,27140,2939,249,34,30079,283,52,0
05/20/2021,DOUGLAS,7,18,0,0,25,0,27158,2946,249,34,30104,283,25,0
05/21/2021,DOUGLAS,7,38,0,1,45,1,27196,2953,250,34,30149,284,45,1
05/22/2021,DOUGLAS,1,32,0,0,33,0,27228,2954,250,34,30182,284,33,0
05/23/2021,DOUGLAS,3,11,0,0,14,0,27239,2957,250,34,30196,284,14,0
05/24/2021,DOUGLAS,2,95,0,0,97,0,27334,2959,250,34,30293,284,97,0
05/25/2021,DOUGLAS,4,24,0,0,28,0,27358,2963,250,34,30321,284,28,0
05/26/2021,DOUGLAS,5,26,0,1,31,1,27384,2968,251,34,30352,285,31,1
05/27/2021,DOUGLAS,1,24,0,0,25,0,27408,2969,251,34,30377,285,25,0
05/28/2021,DOUGLAS,3,34,0,0,37,0,27442,2972,251,34,30414,285,37,0
05/29/2021,DOUGLAS,1,31,0,0,32,0,27473,2973,251,34,30446,285,32,0
05/30/2021,DOUGLAS,0,9,0,0,9,0,27482,2973,251,34,30455,285,9,0
05/31/2021,DOUGLAS,1,15,0,0,16,0,27497,2974,251,34,30471,285,16,0
06/01/2021,DOUGLAS,1,17,0,0,18,0,27514,2975,251,34,30489,285,18,0
06/02/2021,DOUGLAS,2,24,0,0,26,0,27538,2977,251,34,30515,285,26,0
06/03/2021,DOUGLAS,11,28,0,0,39,0,27566,2988,251,34,30554,285,39,0
06/04/2021,DOUGLAS,3,23,0,0,26,0,27589,2991,251,34,30580,285,26,0
06/05/2021,DOUGLAS,0,16,0,0,16,0,27605,2991,251,34,30596,285,16,0
06/06/2021,DOUGLAS,2,9,0,1,11,1,27614,2993,252,34,30607,286,11,1
06/07/2021,DOUGLAS,8,19,0,0,27,0,27633,3001,252,34,30634,286,27,0
06/08/2021,DOUGLAS,21,13,0,0,34,0,27646,3022,252,34,30668,286,34,0
06/09/2021,DOUGLAS,2,25,0,0,27,0,27671,3024,252,34,30695,286,27,0
06/10/2021,DOUGLAS,1,15,0,0,16,0,27686,3025,252,34,30711,286,16,0
06/11/2021,DOUGLAS,14,21,0,0,35,0,27707,3039,252,34,30746,286,35,0
06/12/2021,DOUGLAS,8,15,0,0,23,0,27722,3047,252,34,30769,286,23,0
06/13/2021,DOUGLAS,2,5,0,0,7,0,27727,3049,252,34,30776,286,7,0
06/14/2021,DOUGLAS,3,15,0,0,18,0,27742,3052,252,34,30794,286,18,0
06/15/2021,DOUGLAS,0,13,0,0,13,0,27755,3052,252,34,30807,286,13,0
06/16/2021,DOUGLAS,9,18,0,0,27,0,27773,3061,252,34,30834,286,27,0
06/17/2021,DOUGLAS,17,17,0,4,34,4,27790,3078,256,34,30868,290,34,4
06/18/2021,DOUGLAS,7,9,0,0,16,0,27799,3085,256,34,30884,290,16,0
06/19/2021,DOUGLAS,2,7,0,0,9,0,27806,3087,256,34,30893,290,9,0
06/20/2021,DOUGLAS,2,10,0,0,12,0,27816,3089,256,34,30905,290,12,0
06/21/2021,DOUGLAS,9,15,0,0,24,0,27831,3098,256,34,30929,290,24,0
06/22/2021,DOUGLAS,3,19,0,0,22,0,27850,3101,256,34,30951,290,22,0
06/23/2021,DOUGLAS,2,21,0,0,23,0,27871,3103,256,34,30974,290,23,0
06/24/2021,DOUGLAS,3,7,0,0,10,0,27878,3106,256,34,30984,290,10,0
06/25/2021,DOUGLAS,7,16,0,0,23,0,27894,3113,256,34,31007,290,23,0
06/26/2021,DOUGLAS,2,14,0,0,16,0,27908,3115,256,34,31023,290,16,0
06/27/2021,DOUGLAS,3,12,0,0,15,0,27920,3118,256,34,31038,290,15,0
06/28/2021,DOUGLAS,2,9,0,0,11,0,27929,3120,256,34,31049,290,11,0
06/29/2021,DOUGLAS,4,16,0,1,20,1,27945,3124,257,34,31069,291,20,1
06/30/2021,DOUGLAS,5,20,0,0,25,0,27965,3129,257,34,31094,291,25,0
07/01/2021,DOUGLAS,7,14,0,0,21,0,27979,3136,257,34,31115,291,21,0
07/02/2021,DOUGLAS,3,23,0,0,26,0,28002,3139,257,34,31141,291,26,0
07/03/2021,DOUGLAS,2,12,0,1,14,1,28014,3141,258,34,31155,292,14,1
07/04/2021,DOUGLAS,4,15,0,0,19,0,28029,3145,258,34,31174,292,19,0
07/05/2021,DOUGLAS,6,14,0,0,20,0,28043,3151,258,34,31194,292,20,0
07/06/2021,DOUGLAS,6,13,0,0,19,0,28056,3157,258,34,31213,292,19,0
07/07/2021,DOUGLAS,6,14,0,0,20,0,28070,3163,258,34,31233,292,20,0
07/08/2021,DOUGLAS,9,18,0,1,27,1,28088,3172,259,34,31260,293,27,1
07/09/2021,DOUGLAS,5,18,0,0,23,0,28106,3177,259,34,31283,293,23,0
07/10/2021,DOUGLAS,2,18,0,0,20,0,28124,3179,259,34,31303,293,20,0
07/11/2021,DOUGLAS,0,12,0,0,12,0,28136,3179,259,34,31315,293,12,0
07/12/2021,DOUGLAS,7,21,0,0,28,0,28157,3186,259,34,31343,293,28,0
07/13/2021,DOUGLAS,9,20,0,0,29,0,28177,3195,259,34,31372,293,29,0
07/14/2021,DOUGLAS,5,17,0,0,22,0,28194,3200,259,34,31394,293,22,0
07/15/2021,DOUGLAS,2,10,0,0,12,0,28204,3202,259,34,31406,293,12,0
07/16/2021,DOUGLAS,1,18,0,0,19,0,28222,3203,259,34,31425,293,19,0
07/17/2021,DOUGLAS,2,14,0,0,16,0,28236,3205,259,34,31441,293,16,0
07/18/2021,DOUGLAS,2,26,0,0,28,0,28262,3207,259,34,31469,293,28,0
07/19/2021,DOUGLAS,2,24,0,0,26,0,28286,3209,259,34,31495,293,26,0
07/20/2021,DOUGLAS,2,12,0,0,14,0,28298,3211,259,34,31509,293,14,0
07/21/2021,DOUGLAS,4,44,0,1,48,1,28342,3215,260,34,31557,294,48,1
07/22/2021,DOUGLAS,6,29,1,0,35,1,28371,3221,260,35,31592,295,35,1
07/23/2021,DOUGLAS,2,28,0,0,30,0,28399,3223,260,35,31622,295,30,0
07/24/2021,DOUGLAS,4,27,0,0,31,0,28426,3227,260,35,31653,295,31,0
07/25/2021,DOUGLAS,5,22,0,0,27,0,28448,3232,260,35,31680,295,27,0
07/26/2021,DOUGLAS,11,37,0,0,48,0,28485,3243,260,35,31728,295,48,0
07/27/2021,DOUGLAS,11,33,0,0,44,0,28518,3254,260,35,31772,295,44,0
07/28/2021,DOUGLAS,10,49,0,0,59,0,28567,3264,260,35,31831,295,59,0
07/29/2021,DOUGLAS,8,55,0,0,63,0,28622,3272,260,35,31894,295,63,0
07/30/2021,DOUGLAS,9,59,0,0,68,0,28681,3281,260,35,31962,295,68,0
07/31/2021,DOUGLAS,3,43,0,0,46,0,28724,3284,260,35,32008,295,46,0
08/01/2021,DOUGLAS,1,43,0,0,44,0,28767,3285,260,35,32052,295,44,0
08/02/2021,DOUGLAS,13,44,0,0,57,0,28811,3298,260,35,32109,295,57,0
08/03/2021,DOUGLAS,12,53,0,0,65,0,28864,3310,260,35,32174,295,65,0
08/04/2021,DOUGLAS,10,66,0,0,76,0,28930,3320,260,35,32250,295,76,0
08/05/2021,DOUGLAS,12,56,0,0,68,0,28986,3332,260,35,32318,295,68,0
08/06/2021,DOUGLAS,10,74,0,1,84,1,29060,3342,261,35,32402,296,84,1
08/07/2021,DOUGLAS,8,51,0,0,59,0,29111,3350,261,35,32461,296,59,0
08/08/2021,DOUGLAS,1,40,0,0,41,0,29151,3351,261,35,32502,296,41,0
08/09/2021,DOUGLAS,10,34,0,0,44,0,29185,3361,261,35,32546,296,44,0
08/10/2021,DOUGLAS,9,53,0,0,62,0,29238,3370,261,35,32608,296,62,0
08/11/2021,DOUGLAS,18,116,0,1,134,1,29354,3388,262,35,32742,297,134,1
08/12/2021,DOUGLAS,12,51,0,1,63,1,29405,3400,263,35,32805,298,63,1
08/13/2021,DOUGLAS,8,79,0,0,87,0,29484,3408,263,35,32892,298,87,0
08/14/2021,DOUGLAS,5,55,0,0,60,0,29539,3413,263,35,32952,298,60,0
08/15/2021,DOUGLAS,1,22,0,0,23,0,29561,3414,263,35,32975,298,23,0
08/16/2021,DOUGLAS,18,66,0,0,84,0,29627,3432,263,35,33059,298,84,0
08/17/2021,DOUGLAS,10,160,0,1,170,1,29787,3442,264,35,33229,299,170,1
08/18/2021,DOUGLAS,14,99,0,0,113,0,29886,3456,264,35,33342,299,113,0
08/19/2021,DOUGLAS,17,100,0,0,117,0,29986,3473,264,35,33459,299,117,0
08/20/2021,DOUGLAS,17,111,0,1,128,1,30097,3490,265,35,33587,300,128,1
08/21/2021,DOUGLAS,15,90,0,0,105,0,30187,3505,265,35,33692,300,105,0
08/22/2021,DOUGLAS,13,67,0,0,80,0,30254,3518,265,35,33772,300,80,0
08/23/2021,DOUGLAS,20,64,0,0,84,0,30318,3538,265,35,33856,300,84,0
08/24/2021,DOUGLAS,13,119,0,0,132,0,30437,3551,265,35,33988,300,132,0
08/25/2021,DOUGLAS,10,150,0,2,160,2,30587,3561,267,35,34148,302,160,2
08/26/2021,DOUGLAS,11,131,0,0,142,0,30718,3572,267,35,34290,302,142,0
08/27/2021,DOUGLAS,10,94,0,0,104,0,30812,3582,267,35,34394,302,104,0
08/28/2021,DOUGLAS,6,51,0,0,57,0,30863,3588,267,35,34451,302,57,0
08/29/2021,DOUGLAS,10,80,0,1,90,1,30943,3598,268,35,34541,303,90,1
08/30/2021,DOUGLAS,9,124,0,1,133,1,31067,3607,269,35,34674,304,133,1
08/31/2021,DOUGLAS,15,104,0,0,119,0,31171,3622,269,35,34793,304,119,0
09/01/2021,DOUGLAS,19,119,0,0,138,0,31290,3641,269,35,34931,304,138,0
09/02/2021,DOUGLAS,16,114,0,1,130,1,31404,3657,270,35,35061,305,130,1
09/03/2021,DOUGLAS,16,105,0,2,121,2,31509,3673,272,35,35182,307,121,2
09/04/2021,DOUGLAS,3,89,0,1,92,1,31598,3676,273,35,35274,308,92,1
09/05/2021,DOUGLAS,13,112,0,0,125,0,31710,3689,273,35,35399,308,125,0
09/06/2021,DOUGLAS,7,52,0,2,59,2,31762,3696,275,35,35458,310,59,2
09/07/2021,DOUGLAS,13,110,0,0,123,0,31872,3709,275,35,35581,310,123,0
09/08/2021,DOUGLAS,15,145,0,1,160,1,32017,3724,276,35,35741,311,160,1
09/09/2021,DOUGLAS,16,100,0,2,116,2,32117,3740,278,35,35857,313,116,2
09/10/2021,DOUGLAS,13,108,0,1,121,1,32225,3753,279,35,35978,314,121,1
09/11/2021,DOUGLAS,4,103,0,3,107,3,32328,3757,282,35,36085,317,107,3
09/12/2021,DOUGLAS,5,90,0,1,95,1,32418,3762,283,35,36180,318,95,1
09/13/2021,DOUGLAS,11,74,0,0,85,0,32492,3773,283,35,36265,318,85,0
09/14/2021,DOUGLAS,13,122,1,1,135,2,32614,3786,284,36,36400,320,135,2
09/15/2021,DOUGLAS,8,98,0,0,106,0,32712,3794,284,36,36506,320,106,0
09/16/2021,DOUGLAS,18,96,0,1,114,1,32808,3812,285,36,36620,321,114,1
09/17/2021,DOUGLAS,10,88,0,0,98,0,32896,3822,285,36,36718,321,98,0
09/18/2021,DOUGLAS,6,102,0,2,108,2,32998,3828,287,36,36826,323,108,2
09/19/2021,DOUGLAS,3,71,0,1,74,1,33069,3831,288,36,36900,324,74,1
09/20/2021,DOUGLAS,18,88,0,1,106,1,33157,3849,289,36,37006,325,106,1
09/21/2021,DOUGLAS,14,61,0,0,75,0,33218,3863,289,36,37081,325,75,0
09/22/2021,DOUGLAS,13,101,1,1,114,2,33319,3876,290,37,37195,327,114,2
09/23/2021,DOUGLAS,8,115,0,1,123,1,33434,3884,291,37,37318,328,123,1
09/24/2021,DOUGLAS,9,97,0,0,106,0,33531,3893,291,37,37424,328,106,0
09/25/2021,DOUGLAS,6,70,0,0,76,0,33601,3899,291,37,37500,328,76,0
09/26/2021,DOUGLAS,2,86,0,2,88,2,33687,3901,293,37,37588,330,88,2
09/27/2021,DOUGLAS,19,80,1,1,99,2,33767,3920,294,38,37687,332,99,2
09/28/2021,DOUGLAS,21,76,0,1,97,1,33843,3941,295,38,37784,333,97,1
09/29/2021,DOUGLAS,9,105,0,1,114,1,33948,3950,296,38,37898,334,114,1
09/30/2021,DOUGLAS,17,105,0,0,122,0,34053,3967,296,38,38020,334,122,0
10/01/2021,DOUGLAS,7,111,0,0,118,0,34164,3974,296,38,38138,334,118,0
10/02/2021,DOUGLAS,5,122,0,0,127,0,34286,3979,296,38,38265,334,127,0
10/03/2021,DOUGLAS,6,68,0,0,74,0,34354,3985,296,38,38339,334,74,0
10/04/2021,DOUGLAS,24,84,0,1,108,1,34438,4009,297,38,38447,335,108,1
10/05/2021,DOUGLAS,9,78,0,0,87,0,34516,4018,297,38,38534,335,87,0
10/06/2021,DOUGLAS,21,125,0,0,146,0,34641,4039,297,38,38680,335,146,0
10/07/2021,DOUGLAS,32,132,0,3,164,3,34773,4071,300,38,38844,338,164,3
10/08/2021,DOUGLAS,11,108,0,0,119,0,34881,4082,300,38,38963,338,119,0
10/09/2021,DOUGLAS,8,100,0,1,108,1,34981,4090,301,38,39071,339,108,1
10/10/2021,DOUGLAS,5,82,0,1,87,1,35063,4095,302,38,39158,340,87,1
10/11/2021,DOUGLAS,21,66,1,1,87,2,35129,4116,303,39,39245,342,87,2
10/12/2021,DOUGLAS,18,48,0,0,66,0,35177,4134,303,39,39311,342,66,0
10/13/2021,DOUGLAS,17,122,0,0,139,0,35299,4151,303,39,39450,342,139,0
10/14/2021,DOUGLAS,21,105,0,1,126,1,35404,4172,304,39,39576,343,126,1
10/15/2021,DOUGLAS,20,73,0,0,93,0,35477,4192,304,39,39669,343,93,0
10/16/2021,DOUGLAS,5,105,0,0,110,0,35582,4197,304,39,39779,343,110,0
10/17/2021,DOUGLAS,7,60,0,1,67,1,35642,4204,305,39,39846,344,67,1
10/18/2021,DOUGLAS,22,76,0,0,98,0,35718,4226,305,39,39944,344,98,0
10/19/2021,DOUGLAS,20,68,0,0,88,0,35786,4246,305,39,40032,344,88,0
10/20/2021,DOUGLAS,24,129,0,2,153,2,35915,4270,307,39,40185,346,153,2
10/21/2021,DOUGLAS,17,120,0,0,137,0,36035,4287,307,39,40322,346,137,0
10/22/2021,DOUGLAS,16,120,0,2,136,2,36155,4303,309,39,40458,348,136,2
10/23/2021,DOUGLAS,24,109,0,0,133,0,36264,4327,309,39,40591,348,133,0
10/24/2021,DOUGLAS,12,95,0,1,107,1,36359,4339,310,39,40698,349,107,1
10/25/2021,DOUGLAS,27,101,0,2,128,2,36460,4366,312,39,40826,351,128,2
10/26/2021,DOUGLAS,16,146,0,0,162,0,36606,4382,312,39,40988,351,162,0
10/27/2021,DOUGLAS,25,176,0,0,201,0,36782,4407,312,39,41189,351,201,0
10/28/2021,DOUGLAS,27,144,1,0,171,1,36926,4434,312,40,41360,352,171,1
10/29/2021,DOUGLAS,23,107,0,1,130,1,37033,4457,313,40,41490,353,130,1
10/30/2021,DOUGLAS,10,87,0,2,97,2,37120,4467,315,40,41587,355,97,2
10/31/2021,DOUGLAS,8,138,0,3,146,3,37258,4475,318,40,41733,358,146,3
11/01/2021,DOUGLAS,33,101,0,1,134,1,37359,4508,319,40,41867,359,134,1
11/02/2021,DOUGLAS,31,118,0,1,149,1,37477,4539,320,40,42016,360,149,1
11/03/2021,DOUGLAS,23,156,0,0,179,0,37633,4562,320,40,42195,360,179,0
11/04/2021,DOUGLAS,27,149,0,0,176,0,37782,4589,320,40,42371,360,176,0
11/05/2021,DOUGLAS,28,163,0,0,191,0,37945,4617,320,40,42562,360,191,0
11/06/2021,DOUGLAS,14,173,0,1,187,1,38118,4631,321,40,42749,361,187,1
11/07/2021,DOUGLAS,8,123,0,0,131,0,38241,4639,321,40,42880,361,131,0
11/08/2021,DOUGLAS,16,71,1,0,87,1,38312,4655,321,41,42967,362,87,1
11/09/2021,DOUGLAS,18,196,0,0,214,0,38508,4673,321,41,43181,362,214,0
11/10/2021,DOUGLAS,27,173,0,0,200,0,38681,4700,321,41,43381,362,200,0
11/11/2021,DOUGLAS,32,166,0,0,198,0,38847,4732,321,41,43579,362,198,0
11/12/2021,DOUGLAS,23,143,0,0,166,0,38990,4755,321,41,43745,362,166,0
11/13/2021,DOUGLAS,16,151,0,0,167,0,39141,4771,321,41,43912,362,167,0
11/14/2021,DOUGLAS,11,101,0,0,112,0,39242,4782,321,41,44024,362,112,0
11/15/2021,DOUGLAS,32,119,1,3,151,4,39361,4814,324,42,44175,366,151,4
11/16/2021,DOUGLAS,31,179,0,0,210,0,39540,4845,324,42,44385,366,210,0
11/17/2021,DOUGLAS,19,193,1,0,212,1,39733,4864,324,43,44597,367,212,1
11/18/2021,DOUGLAS,13,196,0,0,209,0,39929,4877,324,43,44806,367,209,0
11/19/2021,DOUGLAS,13,167,0,3,180,3,40096,4890,327,43,44986,370,180,3
11/20/2021,DOUGLAS,4,159,0,1,163,1,40255,4894,328,43,45149,371,163,1
11/21/2021,DOUGLAS,5,104,0,2,109,2,40359,4899,330,43,45258,373,109,2
11/22/2021,DOUGLAS,18,101,0,0,119,0,40460,4917,330,43,45377,373,119,0
11/23/2021,DOUGLAS,25,135,0,0,160,0,40595,4942,330,43,45537,373,160,0
11/24/2021,DOUGLAS,9,163,0,1,172,1,40758,4951,331,43,45709,374,172,1
11/25/2021,DOUGLAS,4,99,0,1,103,1,40857,4955,332,43,45812,375,103,1
11/26/2021,DOUGLAS,21,58,0,0,79,0,40915,4976,332,43,45891,375,79,0
11/27/2021,DOUGLAS,6,138,0,0,144,0,41053,4982,332,43,46035,375,144,0
11/28/2021,DOUGLAS,6,66,0,2,72,2,41119,4988,334,43,46107,377,72,2
11/29/2021,DOUGLAS,28,168,0,1,196,1,41287,5016,335,43,46303,378,196,1
11/30/2021,DOUGLAS,25,182,0,0,207,0,41469,5041,335,43,46510,378,207,0
12/01/2021,DOUGLAS,17,160,0,1,177,1,41629,5058,336,43,46687,379,177,1
12/02/2021,DOUGLAS,18,135,0,1,153,1,41764,5076,337,43,46840,380,153,1
12/03/2021,DOUGLAS,8,115,0,0,123,0,41879,5084,337,43,46963,380,123,0
12/04/2021,DOUGLAS,7,95,0,0,102,0,41974,5091,337,43,47065,380,102,0
12/05/2021,DOUGLAS,7,52,0,1,59,1,42026,5098,338,43,47124,381,59,1
12/06/2021,DOUGLAS,14,169,0,1,183,1,42195,5112,339,43,47307,382,183,1
12/07/2021,DOUGLAS,10,106,0,0,116,0,42301,5122,339,43,47423,382,116,0
12/08/2021,DOUGLAS,6,124,0,1,130,1,42425,5128,340,43,47553,383,130,1
12/09/2021,DOUGLAS,11,113,1,2,124,3,42538,5139,342,44,47677,386,124,3
12/10/2021,DOUGLAS,4,83,0,0,87,0,42621,5143,342,44,47764,386,87,0
12/11/2021,DOUGLAS,4,48,0,1,52,1,42669,5147,343,44,47816,387,52,1
12/12/2021,DOUGLAS,2,53,0,0,55,0,42722,5149,343,44,47871,387,55,0
12/13/2021,DOUGLAS,14,69,0,1,83,1,42791,5163,344,44,47954,388,83,1
12/14/2021,DOUGLAS,12,68,0,0,80,0,42859,5175,344,44,48034,388,80,0
12/15/2021,DOUGLAS,11,112,0,1,123,1,42971,5186,345,44,48157,389,123,1
12/16/2021,DOUGLAS,8,97,1,1,105,2,43068,5194,346,45,48262,391,105,2
12/17/2021,DOUGLAS,12,105,0,0,117,0,43173,5206,346,45,48379,391,117,0
12/18/2021,DOUGLAS,14,87,0,0,101,0,43260,5220,346,45,48480,391,101,0
12/19/2021,DOUGLAS,11,97,0,0,108,0,43357,5231,346,45,48588,391,108,0
12/20/2021,DOUGLAS,22,89,0,1,111,1,43446,5253,347,45,48699,392,111,1
12/21/2021,DOUGLAS,23,230,0,1,253,1,43676,5276,348,45,48952,393,253,1
12/22/2021,DOUGLAS,24,197,0,1,221,1,43873,5300,349,45,49173,394,221,1
12/23/2021,DOUGLAS,50,293,0,1,343,1,44166,5350,350,45,49516,395,343,1
12/24/2021,DOUGLAS,42,349,0,1,391,1,44515,5392,351,45,49907,396,391,1
12/25/2021,DOUGLAS,11,368,0,0,379,0,44883,5403,351,45,50286,396,379,0
12/26/2021,DOUGLAS,47,159,0,0,206,0,45042,5450,351,45,50492,396,206,0
12/27/2021,DOUGLAS,76,322,1,1,398,2,45364,5526,352,46,50890,398,398,2
12/28/2021,DOUGLAS,91,397,0,1,488,1,45761,5617,353,46,51378,399,488,1
12/29/2021,DOUGLAS,89,631,0,0,720,0,46392,5706,353,46,52098,399,720,0
12/30/2021,DOUGLAS,90,625,0,0,715,0,47017,5796,353,46,52813,399,715,0
12/31/2021,DOUGLAS,66,816,0,0,882,0,47833,5862,353,46,53695,399,882,0
01/01/2022,DOUGLAS,34,313,0,0,347,0,48146,5896,353,46,54042,399,347,0
01/02/2022,DOUGLAS,66,417,0,0,483,0,48563,5962,353,46,54525,399,483,0
01/03/2022,DOUGLAS,87,335,0,0,422,0,48898,6049,353,46,54947,399,422,0
01/04/2022,DOUGLAS,164,923,0,2,1087,2,49821,6213,355,46,56034,401,1087,2
01/05/2022,DOUGLAS,161,1081,2,4,1242,6,50902,6374,359,48,57276,407,1242,6
01/06/2022,DOUGLAS,117,922,0,2,1039,2,51824,6491,361,48,58315,409,1039,2
01/07/2022,DOUGLAS,108,742,0,1,850,1,52566,6599,362,48,59165,410,850,1
01/08/2022,DOUGLAS,81,765,1,1,846,2,53331,6680,363,49,60011,412,846,2
01/09/2022,DOUGLAS,73,431,0,2,504,2,53762,6753,365,49,60515,414,504,2
01/10/2022,DOUGLAS,108,963,2,2,1071,4,54725,6861,367,51,61586,418,1071,4
01/11/2022,DOUGLAS,139,698,0,2,837,2,55423,7000,369,51,62423,420,837,2
01/12/2022,DOUGLAS,135,723,0,0,858,0,56146,7135,369,51,63281,420,858,0
01/13/2022,DOUGLAS,86,662,0,1,748,1,56808,7221,370,51,64029,421,748,1
01/14/2022,DOUGLAS,88,1051,0,2,1139,2,57859,7309,372,51,65168,423,1139,2
01/15/2022,DOUGLAS,54,557,1,0,611,1,58416,7363,372,52,65779,424,611,1
01/16/2022,DOUGLAS,47,434,0,0,481,0,58850,7410,372,52,66260,424,481,0
01/17/2022,DOUGLAS,78,725,0,1,803,1,59575,7488,373,52,67063,425,803,1
01/18/2022,DOUGLAS,114,615,0,0,729,0,60190,7602,373,52,67792,425,729,0
01/19/2022,DOUGLAS,90,734,0,1,824,1,60924,7692,374,52,68616,426,824,1
01/20/2022,DOUGLAS,76,701,0,0,777,0,61625,7768,374,52,69393,426,777,0
01/21/2022,DOUGLAS,67,615,0,0,682,0,62240,7835,374,52,70075,426,682,0
01/22/2022,DOUGLAS,38,553,0,0,591,0,62793,7873,374,52,70666,426,591,0
01/23/2022,DOUGLAS,24,434,0,0,458,0,63227,7897,374,52,71124,426,458,0
01/24/2022,DOUGLAS,88,440,1,2,528,3,63667,7985,376,53,71652,429,528,3
01/25/2022,DOUGLAS,61,226,0,0,287,0,63893,8046,376,53,71939,429,287,0
01/26/2022,DOUGLAS,36,536,0,1,572,1,64429,8082,377,53,72511,430,572,1
01/27/2022,DOUGLAS,49,371,0,0,420,0,64800,8131,377,53,72931,430,420,0
01/28/2022,DOUGLAS,35,276,0,0,311,0,65076,8166,377,53,73242,430,311,0
01/29/2022,DOUGLAS,16,260,0,0,276,0,65336,8182,377,53,73518,430,276,0
01/30/2022,DOUGLAS,14,196,0,0,210,0,65532,8196,377,53,73728,430,210,0
01/31/2022,DOUGLAS,30,140,0,2,170,2,65672,8226,379,53,73898,432,170,2
02/01/2022,DOUGLAS,25,190,0,0,215,0,65862,8251,379,53,74113,432,215,0
02/02/2022,DOUGLAS,18,240,0,0,258,0,66102,8269,379,53,74371,432,258,0
02/03/2022,DOUGLAS,8,103,0,1,111,1,66205,8277,380,53,74482,433,111,1
02/04/2022,DOUGLAS,16,136,0,0,152,0,66341,8293,380,53,74634,433,152,0
02/05/2022,DOUGLAS,15,109,0,0,124,0,66450,8308,380,53,74758,433,124,0
02/06/2022,DOUGLAS,14,86,0,0,100,0,66536,8322,380,53,74858,433,100,0
02/07/2022,DOUGLAS,17,70,0,2,87,2,66606,8339,382,53,74945,435,87,2
02/08/2022,DOUGLAS,15,116,0,0,131,0,66722,8354,382,53,75076,435,131,0
02/09/2022,DOUGLAS,19,115,0,1,134,1,66837,8373,383,53,75210,436,134,1
02/10/2022,DOUGLAS,17,86,0,0,103,0,66923,8390,383,53,75313,436,103,0
02/11/2022,DOUGLAS,9,77,0,1,86,1,67000,8399,384,53,75399,437,86,1
02/12/2022,DOUGLAS,1,43,0,0,44,0,67043,8400,384,53,75443,437,44,0
02/13/2022,DOUGLAS,7,23,0,0,30,0,67066,8407,384,53,75473,437,30,0
02/14/2022,DOUGLAS,4,38,0,0,42,0,67104,8411,384,53,75515,437,42,0
02/15/2022,DOUGLAS,7,65,0,0,72,0,67169,8418,384,53,75587,437,72,0
02/16/2022,DOUGLAS,7,56,1,0,63,1,67225,8425,384,54,75650,438,63,1
02/17/2022,DOUGLAS,8,35,0,0,43,0,67260,8433,384,54,75693,438,43,0
02/18/2022,DOUGLAS,1,50,0,0,51,0,67310,8434,384,54,75744,438,51,0
02/19/2022,DOUGLAS,3,33,0,0,36,0,67343,8437,384,54,75780,438,36,0
02/20/2022,DOUGLAS,2,22,0,1,24,1,67365,8439,385,54,75804,439,24,1
02/21/2022,DOUGLAS,2,29,0,0,31,0,67394,8441,385,54,75835,439,31,0
02/22/2022,DOUGLAS,3,23,0,0,26,0,67417,8444,385,54,75861,439,26,0
02/23/2022,DOUGLAS,1,27,0,0,28,0,67444,8445,385,54,75889,439,28,0
02/24/2022,DOUGLAS,7,21,0,0,28,0,67465,8452,385,54,75917,439,28,0
02/25/2022,DOUGLAS,8,31,0,0,39,0,67496,8460,385,54,75956,439,39,0
02/26/2022,DOUGLAS,1,18,0,0,19,0,67514,8461,385,54,75975,439,19,0
02/27/2022,DOUGLAS,2,22,0,0,24,0,67536,8463,385,54,75999,439,24,0
02/28/2022,DOUGLAS,9,15,0,0,24,0,67551,8472,385,54,76023,439,24,0
03/01/2022,DOUGLAS,4,22,0,0,26,0,67573,8476,385,54,76049,439,26,0
03/02/2022,DOUGLAS,5,38,1,0,43,1,67611,8481,385,55,76092,440,43,1
03/03/2022,DOUGLAS,1,19,0,0,20,0,67630,8482,385,55,76112,440,20,0
03/04/2022,DOUGLAS,0,14,0,0,14,0,67644,8482,385,55,76126,440,14,0
03/05/2022,DOUGLAS,1,3,0,0,4,0,67647,8483,385,55,76130,440,4,0
03/06/2022,DOUGLAS,0,7,0,0,7,0,67654,8483,385,55,76137,440,7,0
03/07/2022,DOUGLAS,1,5,0,0,6,0,67659,8484,385,55,76143,440,6,0
03/08/2022,DOUGLAS,6,14,1,0,20,1,67673,8490,385,56,76163,441,20,1
03/09/2022,DOUGLAS,2,6,0,0,8,0,67679,8492,385,56,76171,441,8,0
03/10/2022,DOUGLAS,5,7,0,0,12,0,67686,8497,385,56,76183,441,12,0
03/11/2022,DOUGLAS,0,2,0,0,2,0,67688,8497,385,56,76185,441,2,0
03/12/2022,DOUGLAS,0,7,0,0,7,0,67695,8497,385,56,76192,441,7,0
03/13/2022,DOUGLAS,0,7,0,0,7,0,67702,8497,385,56,76199,441,7,0
03/14/2022,DOUGLAS,1,10,0,0,11,0,67712,8498,385,56,76210,441,11,0
03/15/2022,DOUGLAS,6,10,0,0,16,0,67722,8504,385,56,76226,441,16,0
03/16/2022,DOUGLAS,0,8,0,0,8,0,67730,8504,385,56,76234,441,8,0
03/17/2022,DOUGLAS,4,14,0,0,18,0,67744,8508,385,56,76252,441,18,0
03/18/2022,DOUGLAS,6,18,0,0,24,0,67762,8514,385,56,76276,441,24,0
03/19/2022,DOUGLAS,12,7,0,0,19,0,67769,8526,385,56,76295,441,19,0
03/20/2022,DOUGLAS,4,2,0,0,6,0,67771,8530,385,56,76301,441,6,0
03/09/2020,EAGLE,0,1,0,0,1,0,1,0,0,0,1,0,-76300,-441
03/10/2020,EAGLE,0,1,0,0,1,0,2,0,0,0,2,0,1,0
03/11/2020,EAGLE,0,2,0,0,2,0,4,0,0,0,4,0,2,0
03/12/2020,EAGLE,1,4,0,0,5,0,8,1,0,0,9,0,5,0
03/13/2020,EAGLE,1,7,0,1,8,1,15,2,1,0,17,1,8,1
03/14/2020,EAGLE,1,4,0,0,5,0,19,3,1,0,22,1,5,0
03/15/2020,EAGLE,0,5,0,0,5,0,24,3,1,0,27,1,5,0
03/16/2020,EAGLE,0,8,0,0,8,0,32,3,1,0,35,1,8,0
03/17/2020,EAGLE,0,3,0,0,3,0,35,3,1,0,38,1,3,0
03/18/2020,EAGLE,2,17,0,0,19,0,52,5,1,0,57,1,19,0
03/19/2020,EAGLE,0,10,0,0,10,0,62,5,1,0,67,1,10,0
03/20/2020,EAGLE,1,2,0,0,3,0,64,6,1,0,70,1,3,0
03/21/2020,EAGLE,2,4,0,1,6,1,68,8,2,0,76,2,6,1
03/22/2020,EAGLE,1,14,0,0,15,0,82,9,2,0,91,2,15,0
03/23/2020,EAGLE,1,3,0,0,4,0,85,10,2,0,95,2,4,0
03/24/2020,EAGLE,1,18,0,0,19,0,103,11,2,0,114,2,19,0
03/25/2020,EAGLE,1,52,0,2,53,2,155,12,4,0,167,4,53,2
03/26/2020,EAGLE,0,24,0,1,24,1,179,12,5,0,191,5,24,1
03/27/2020,EAGLE,6,9,0,1,15,1,188,18,6,0,206,6,15,1
03/28/2020,EAGLE,0,11,0,1,11,1,199,18,7,0,217,7,11,1
03/29/2020,EAGLE,4,10,0,0,14,0,209,22,7,0,231,7,14,0
03/30/2020,EAGLE,0,19,0,0,19,0,228,22,7,0,250,7,19,0
03/31/2020,EAGLE,2,57,0,0,59,0,285,24,7,0,309,7,59,0
04/01/2020,EAGLE,2,16,0,0,18,0,301,26,7,0,327,7,18,0
04/02/2020,EAGLE,3,1,0,0,4,0,302,29,7,0,331,7,4,0
04/04/2020,EAGLE,0,17,0,0,17,0,319,29,7,0,348,7,17,0
04/05/2020,EAGLE,0,6,0,0,6,0,325,29,7,0,354,7,6,0
04/06/2020,EAGLE,6,13,0,0,19,0,338,35,7,0,373,7,19,0
04/07/2020,EAGLE,0,8,0,0,8,0,346,35,7,0,381,7,8,0
04/08/2020,EAGLE,0,19,0,0,19,0,365,35,7,0,400,7,19,0
04/09/2020,EAGLE,0,26,0,0,26,0,391,35,7,0,426,7,26,0
04/10/2020,EAGLE,0,26,0,0,26,0,417,35,7,0,452,7,26,0
04/11/2020,EAGLE,0,11,0,0,11,0,428,35,7,0,463,7,11,0
04/12/2020,EAGLE,0,3,0,0,3,0,431,35,7,0,466,7,3,0
04/13/2020,EAGLE,0,6,0,0,6,0,437,35,7,0,472,7,6,0
04/14/2020,EAGLE,0,1,0,0,1,0,438,35,7,0,473,7,1,0
04/15/2020,EAGLE,0,2,0,0,2,0,440,35,7,0,475,7,2,0
04/16/2020,EAGLE,0,2,0,0,2,0,442,35,7,0,477,7,2,0
04/18/2020,EAGLE,0,3,0,0,3,0,445,35,7,0,480,7,3,0
04/19/2020,EAGLE,0,1,0,0,1,0,446,35,7,0,481,7,1,0
04/20/2020,EAGLE,0,1,0,0,1,0,447,35,7,0,482,7,1,0
04/22/2020,EAGLE,0,1,0,0,1,0,448,35,7,0,483,7,1,0
04/23/2020,EAGLE,0,16,0,0,16,0,464,35,7,0,499,7,16,0
04/24/2020,EAGLE,3,3,0,0,6,0,467,38,7,0,505,7,6,0
04/25/2020,EAGLE,17,8,0,0,25,0,475,55,7,0,530,7,25,0
04/26/2020,EAGLE,0,3,0,0,3,0,478,55,7,0,533,7,3,0
04/27/2020,EAGLE,0,4,0,0,4,0,482,55,7,0,537,7,4,0
04/28/2020,EAGLE,0,4,0,0,4,0,486,55,7,0,541,7,4,0
04/29/2020,EAGLE,1,7,0,0,8,0,493,56,7,0,549,7,8,0
04/30/2020,EAGLE,0,4,0,0,4,0,497,56,7,0,553,7,4,0
05/01/2020,EAGLE,0,5,0,0,5,0,502,56,7,0,558,7,5,0
05/02/2020,EAGLE,0,4,0,0,4,0,506,56,7,0,562,7,4,0
05/04/2020,EAGLE,0,2,0,0,2,0,508,56,7,0,564,7,2,0
05/05/2020,EAGLE,0,5,0,0,5,0,513,56,7,0,569,7,5,0
05/06/2020,EAGLE,1,4,0,0,5,0,517,57,7,0,574,7,5,0
05/07/2020,EAGLE,0,3,0,1,3,1,520,57,8,0,577,8,3,1
05/08/2020,EAGLE,0,7,0,0,7,0,527,57,8,0,584,8,7,0
05/09/2020,EAGLE,0,1,0,0,1,0,528,57,8,0,585,8,1,0
05/10/2020,EAGLE,0,2,0,0,2,0,530,57,8,0,587,8,2,0
05/11/2020,EAGLE,0,2,0,0,2,0,532,57,8,0,589,8,2,0
05/12/2020,EAGLE,0,1,0,0,1,0,533,57,8,0,590,8,1,0
05/13/2020,EAGLE,1,2,0,0,3,0,535,58,8,0,593,8,3,0
05/14/2020,EAGLE,0,2,0,0,2,0,537,58,8,0,595,8,2,0
05/15/2020,EAGLE,1,4,0,0,5,0,541,59,8,0,600,8,5,0
05/16/2020,EAGLE,0,4,0,0,4,0,545,59,8,0,604,8,4,0
05/17/2020,EAGLE,0,1,0,0,1,0,546,59,8,0,605,8,1,0
05/18/2020,EAGLE,0,2,0,0,2,0,548,59,8,0,607,8,2,0
05/20/2020,EAGLE,0,4,0,0,4,0,552,59,8,0,611,8,4,0
05/22/2020,EAGLE,0,5,0,0,5,0,557,59,8,0,616,8,5,0
05/24/2020,EAGLE,0,1,0,0,1,0,558,59,8,0,617,8,1,0
05/25/2020,EAGLE,0,4,0,0,4,0,562,59,8,0,621,8,4,0
05/26/2020,EAGLE,0,2,0,0,2,0,564,59,8,0,623,8,2,0
05/27/2020,EAGLE,0,3,0,0,3,0,567,59,8,0,626,8,3,0
05/28/2020,EAGLE,0,1,0,0,1,0,568,59,8,0,627,8,1,0
05/29/2020,EAGLE,0,2,0,0,2,0,570,59,8,0,629,8,2,0
05/31/2020,EAGLE,0,1,0,0,1,0,571,59,8,0,630,8,1,0
06/01/2020,EAGLE,1,3,0,0,4,0,574,60,8,0,634,8,4,0
06/02/2020,EAGLE,0,6,0,0,6,0,580,60,8,0,640,8,6,0
06/03/2020,EAGLE,0,1,0,0,1,0,581,60,8,0,641,8,1,0
06/04/2020,EAGLE,2,2,0,0,4,0,583,62,8,0,645,8,4,0
06/05/2020,EAGLE,0,5,0,0,5,0,588,62,8,0,650,8,5,0
06/06/2020,EAGLE,0,1,0,0,1,0,589,62,8,0,651,8,1,0
06/07/2020,EAGLE,0,2,0,0,2,0,591,62,8,0,653,8,2,0
06/08/2020,EAGLE,0,1,0,0,1,0,592,62,8,0,654,8,1,0
06/09/2020,EAGLE,0,3,0,0,3,0,595,62,8,0,657,8,3,0
06/10/2020,EAGLE,0,1,0,0,1,0,596,62,8,0,658,8,1,0
06/11/2020,EAGLE,0,4,0,0,4,0,600,62,8,0,662,8,4,0
06/12/2020,EAGLE,1,3,0,0,4,0,603,63,8,0,666,8,4,0
06/13/2020,EAGLE,0,1,0,0,1,0,604,63,8,0,667,8,1,0
06/14/2020,EAGLE,0,1,0,0,1,0,605,63,8,0,668,8,1,0
06/15/2020,EAGLE,0,1,0,0,1,0,606,63,8,0,669,8,1,0
06/16/2020,EAGLE,2,5,0,0,7,0,611,65,8,0,676,8,7,0
06/17/2020,EAGLE,1,0,0,0,1,0,611,66,8,0,677,8,1,0
06/18/2020,EAGLE,0,7,0,0,7,0,618,66,8,0,684,8,7,0
06/19/2020,EAGLE,0,2,0,0,2,0,620,66,8,0,686,8,2,0
06/20/2020,EAGLE,0,9,0,0,9,0,629,66,8,0,695,8,9,0
06/21/2020,EAGLE,0,4,0,0,4,0,633,66,8,0,699,8,4,0
06/22/2020,EAGLE,0,3,0,0,3,0,636,66,8,0,702,8,3,0
06/23/2020,EAGLE,0,8,0,0,8,0,644,66,8,0,710,8,8,0
06/24/2020,EAGLE,0,3,0,0,3,0,647,66,8,0,713,8,3,0
06/25/2020,EAGLE,0,10,0,0,10,0,657,66,8,0,723,8,10,0
06/26/2020,EAGLE,0,6,0,0,6,0,663,66,8,0,729,8,6,0
06/27/2020,EAGLE,0,1,0,0,1,0,664,66,8,0,730,8,1,0
06/28/2020,EAGLE,0,2,0,0,2,0,666,66,8,0,732,8,2,0
06/29/2020,EAGLE,0,4,0,0,4,0,670,66,8,0,736,8,4,0
06/30/2020,EAGLE,0,3,0,0,3,0,673,66,8,0,739,8,3,0
07/01/2020,EAGLE,0,3,0,0,3,0,676,66,8,0,742,8,3,0
07/02/2020,EAGLE,0,10,0,0,10,0,686,66,8,0,752,8,10,0
07/03/2020,EAGLE,0,1,0,0,1,0,687,66,8,0,753,8,1,0
07/04/2020,EAGLE,0,4,0,0,4,0,691,66,8,0,757,8,4,0
07/05/2020,EAGLE,0,3,0,0,3,0,694,66,8,0,760,8,3,0
07/06/2020,EAGLE,0,7,0,0,7,0,701,66,8,0,767,8,7,0
07/07/2020,EAGLE,0,10,0,0,10,0,711,66,8,0,777,8,10,0
07/08/2020,EAGLE,0,8,0,0,8,0,719,66,8,0,785,8,8,0
07/09/2020,EAGLE,0,17,0,0,17,0,736,66,8,0,802,8,17,0
07/10/2020,EAGLE,0,6,0,0,6,0,742,66,8,0,808,8,6,0
07/11/2020,EAGLE,0,12,0,0,12,0,754,66,8,0,820,8,12,0
07/12/2020,EAGLE,0,6,0,0,6,0,760,66,8,0,826,8,6,0
07/13/2020,EAGLE,0,5,0,0,5,0,765,66,8,0,831,8,5,0
07/14/2020,EAGLE,0,14,0,1,14,1,779,66,9,0,845,9,14,1
07/15/2020,EAGLE,0,13,0,0,13,0,792,66,9,0,858,9,13,0
07/16/2020,EAGLE,0,12,0,0,12,0,804,66,9,0,870,9,12,0
07/17/2020,EAGLE,0,12,0,0,12,0,816,66,9,0,882,9,12,0
07/18/2020,EAGLE,0,14,0,0,14,0,830,66,9,0,896,9,14,0
07/19/2020,EAGLE,0,4,0,0,4,0,834,66,9,0,900,9,4,0
07/20/2020,EAGLE,0,19,0,0,19,0,853,66,9,0,919,9,19,0
07/21/2020,EAGLE,0,21,0,0,21,0,874,66,9,0,940,9,21,0
07/22/2020,EAGLE,0,24,0,0,24,0,898,66,9,0,964,9,24,0
07/23/2020,EAGLE,0,14,0,0,14,0,912,66,9,0,978,9,14,0
07/24/2020,EAGLE,0,16,0,0,16,0,928,66,9,0,994,9,16,0
07/25/2020,EAGLE,0,22,0,0,22,0,950,66,9,0,1016,9,22,0
07/26/2020,EAGLE,0,5,0,0,5,0,955,66,9,0,1021,9,5,0
07/27/2020,EAGLE,0,22,0,0,22,0,977,66,9,0,1043,9,22,0
07/28/2020,EAGLE,0,12,0,0,12,0,989,66,9,0,1055,9,12,0
07/29/2020,EAGLE,0,5,0,0,5,0,994,66,9,0,1060,9,5,0
07/30/2020,EAGLE,0,14,0,0,14,0,1008,66,9,0,1074,9,14,0
07/31/2020,EAGLE,0,25,0,0,25,0,1033,66,9,0,1099,9,25,0
08/01/2020,EAGLE,0,8,0,0,8,0,1041,66,9,0,1107,9,8,0
08/02/2020,EAGLE,0,18,0,0,18,0,1059,66,9,0,1125,9,18,0
08/03/2020,EAGLE,0,19,0,0,19,0,1078,66,9,0,1144,9,19,0
08/04/2020,EAGLE,0,6,0,0,6,0,1084,66,9,0,1150,9,6,0
08/05/2020,EAGLE,0,12,0,0,12,0,1096,66,9,0,1162,9,12,0
08/06/2020,EAGLE,0,3,0,0,3,0,1099,66,9,0,1165,9,3,0
08/07/2020,EAGLE,0,5,0,0,5,0,1104,66,9,0,1170,9,5,0
08/08/2020,EAGLE,0,2,0,0,2,0,1106,66,9,0,1172,9,2,0
08/09/2020,EAGLE,0,2,0,0,2,0,1108,66,9,0,1174,9,2,0
08/10/2020,EAGLE,0,1,0,0,1,0,1109,66,9,0,1175,9,1,0
08/11/2020,EAGLE,0,1,0,0,1,0,1110,66,9,0,1176,9,1,0
08/12/2020,EAGLE,0,3,0,0,3,0,1113,66,9,0,1179,9,3,0
08/13/2020,EAGLE,0,6,0,0,6,0,1119,66,9,0,1185,9,6,0
08/14/2020,EAGLE,0,3,0,0,3,0,1122,66,9,0,1188,9,3,0
08/15/2020,EAGLE,0,4,0,0,4,0,1126,66,9,0,1192,9,4,0
08/16/2020,EAGLE,0,2,0,0,2,0,1128,66,9,0,1194,9,2,0
08/17/2020,EAGLE,0,2,0,0,2,0,1130,66,9,0,1196,9,2,0
08/18/2020,EAGLE,0,1,0,0,1,0,1131,66,9,0,1197,9,1,0
08/19/2020,EAGLE,0,2,0,0,2,0,1133,66,9,0,1199,9,2,0
08/20/2020,EAGLE,0,2,0,0,2,0,1135,66,9,0,1201,9,2,0
08/21/2020,EAGLE,0,4,0,0,4,0,1139,66,9,0,1205,9,4,0
08/22/2020,EAGLE,0,1,0,0,1,0,1140,66,9,0,1206,9,1,0
08/25/2020,EAGLE,0,3,0,0,3,0,1143,66,9,0,1209,9,3,0
08/26/2020,EAGLE,0,4,0,0,4,0,1147,66,9,0,1213,9,4,0
08/27/2020,EAGLE,0,5,0,0,5,0,1152,66,9,0,1218,9,5,0
08/28/2020,EAGLE,0,2,0,0,2,0,1154,66,9,0,1220,9,2,0
08/29/2020,EAGLE,0,2,0,0,2,0,1156,66,9,0,1222,9,2,0
08/30/2020,EAGLE,0,1,0,0,1,0,1157,66,9,0,1223,9,1,0
08/31/2020,EAGLE,0,2,0,0,2,0,1159,66,9,0,1225,9,2,0
09/01/2020,EAGLE,0,1,0,0,1,0,1160,66,9,0,1226,9,1,0
09/02/2020,EAGLE,0,2,0,0,2,0,1162,66,9,0,1228,9,2,0
09/03/2020,EAGLE,0,3,0,0,3,0,1165,66,9,0,1231,9,3,0
09/04/2020,EAGLE,0,3,0,0,3,0,1168,66,9,0,1234,9,3,0
09/05/2020,EAGLE,0,2,0,0,2,0,1170,66,9,0,1236,9,2,0
09/07/2020,EAGLE,0,1,0,1,1,1,1171,66,10,0,1237,10,1,1
09/08/2020,EAGLE,0,4,0,0,4,0,1175,66,10,0,1241,10,4,0
09/09/2020,EAGLE,0,1,0,0,1,0,1176,66,10,0,1242,10,1,0
09/10/2020,EAGLE,1,5,0,0,6,0,1181,67,10,0,1248,10,6,0
09/11/2020,EAGLE,0,4,0,0,4,0,1185,67,10,0,1252,10,4,0
09/12/2020,EAGLE,0,1,0,0,1,0,1186,67,10,0,1253,10,1,0
09/13/2020,EAGLE,0,1,0,0,1,0,1187,67,10,0,1254,10,1,0
09/14/2020,EAGLE,0,5,0,0,5,0,1192,67,10,0,1259,10,5,0
09/15/2020,EAGLE,1,6,0,0,7,0,1198,68,10,0,1266,10,7,0
09/16/2020,EAGLE,0,2,0,0,2,0,1200,68,10,0,1268,10,2,0
09/17/2020,EAGLE,1,5,0,0,6,0,1205,69,10,0,1274,10,6,0
09/18/2020,EAGLE,0,4,0,0,4,0,1209,69,10,0,1278,10,4,0
09/20/2020,EAGLE,0,4,0,0,4,0,1213,69,10,0,1282,10,4,0
09/21/2020,EAGLE,0,6,0,0,6,0,1219,69,10,0,1288,10,6,0
09/22/2020,EAGLE,0,2,0,0,2,0,1221,69,10,0,1290,10,2,0
09/23/2020,EAGLE,1,1,0,0,2,0,1222,70,10,0,1292,10,2,0
09/24/2020,EAGLE,0,2,0,0,2,0,1224,70,10,0,1294,10,2,0
09/25/2020,EAGLE,0,5,0,0,5,0,1229,70,10,0,1299,10,5,0
09/26/2020,EAGLE,0,5,0,0,5,0,1234,70,10,0,1304,10,5,0
09/27/2020,EAGLE,0,2,0,0,2,0,1236,70,10,0,1306,10,2,0
09/28/2020,EAGLE,0,2,0,0,2,0,1238,70,10,0,1308,10,2,0
09/29/2020,EAGLE,1,4,0,0,5,0,1242,71,10,0,1313,10,5,0
09/30/2020,EAGLE,0,2,0,0,2,0,1244,71,10,0,1315,10,2,0
10/01/2020,EAGLE,0,4,0,0,4,0,1248,71,10,0,1319,10,4,0
10/02/2020,EAGLE,0,2,0,0,2,0,1250,71,10,0,1321,10,2,0
10/03/2020,EAGLE,2,3,0,0,5,0,1253,73,10,0,1326,10,5,0
10/04/2020,EAGLE,0,1,0,0,1,0,1254,73,10,0,1327,10,1,0
10/05/2020,EAGLE,0,10,0,0,10,0,1264,73,10,0,1337,10,10,0
10/06/2020,EAGLE,1,10,0,0,11,0,1274,74,10,0,1348,10,11,0
10/07/2020,EAGLE,0,7,0,0,7,0,1281,74,10,0,1355,10,7,0
10/08/2020,EAGLE,0,13,0,0,13,0,1294,74,10,0,1368,10,13,0
10/09/2020,EAGLE,0,5,0,0,5,0,1299,74,10,0,1373,10,5,0
10/10/2020,EAGLE,0,3,0,0,3,0,1302,74,10,0,1376,10,3,0
10/11/2020,EAGLE,0,3,0,0,3,0,1305,74,10,0,1379,10,3,0
10/12/2020,EAGLE,0,6,0,0,6,0,1311,74,10,0,1385,10,6,0
10/13/2020,EAGLE,0,12,0,0,12,0,1323,74,10,0,1397,10,12,0
10/14/2020,EAGLE,0,10,0,0,10,0,1333,74,10,0,1407,10,10,0
10/15/2020,EAGLE,0,7,0,0,7,0,1340,74,10,0,1414,10,7,0
10/16/2020,EAGLE,1,4,0,0,5,0,1344,75,10,0,1419,10,5,0
10/17/2020,EAGLE,0,3,0,0,3,0,1347,75,10,0,1422,10,3,0
10/18/2020,EAGLE,0,2,0,0,2,0,1349,75,10,0,1424,10,2,0
10/19/2020,EAGLE,0,11,0,0,11,0,1360,75,10,0,1435,10,11,0
10/20/2020,EAGLE,0,9,0,0,9,0,1369,75,10,0,1444,10,9,0
10/21/2020,EAGLE,0,16,0,0,16,0,1385,75,10,0,1460,10,16,0
10/22/2020,EAGLE,0,23,0,0,23,0,1408,75,10,0,1483,10,23,0
10/23/2020,EAGLE,1,7,0,0,8,0,1415,76,10,0,1491,10,8,0
10/24/2020,EAGLE,0,3,0,0,3,0,1418,76,10,0,1494,10,3,0
10/25/2020,EAGLE,0,2,0,0,2,0,1420,76,10,0,1496,10,2,0
10/26/2020,EAGLE,0,13,0,0,13,0,1433,76,10,0,1509,10,13,0
10/27/2020,EAGLE,0,14,0,0,14,0,1447,76,10,0,1523,10,14,0
10/28/2020,EAGLE,0,11,0,0,11,0,1458,76,10,0,1534,10,11,0
10/29/2020,EAGLE,0,20,0,1,20,1,1478,76,11,0,1554,11,20,1
10/30/2020,EAGLE,1,14,0,0,15,0,1492,77,11,0,1569,11,15,0
10/31/2020,EAGLE,0,14,0,0,14,0,1506,77,11,0,1583,11,14,0
11/01/2020,EAGLE,0,5,0,0,5,0,1511,77,11,0,1588,11,5,0
11/02/2020,EAGLE,0,18,0,0,18,0,1529,77,11,0,1606,11,18,0
11/03/2020,EAGLE,0,21,0,0,21,0,1550,77,11,0,1627,11,21,0
11/04/2020,EAGLE,5,20,0,0,25,0,1570,82,11,0,1652,11,25,0
11/05/2020,EAGLE,1,25,0,0,26,0,1595,83,11,0,1678,11,26,0
11/06/2020,EAGLE,0,39,0,0,39,0,1634,83,11,0,1717,11,39,0
11/07/2020,EAGLE,0,24,0,0,24,0,1658,83,11,0,1741,11,24,0
11/08/2020,EAGLE,0,9,0,0,9,0,1667,83,11,0,1750,11,9,0
11/09/2020,EAGLE,1,35,0,0,36,0,1702,84,11,0,1786,11,36,0
11/10/2020,EAGLE,0,21,0,0,21,0,1723,84,11,0,1807,11,21,0
11/11/2020,EAGLE,0,41,0,0,41,0,1764,84,11,0,1848,11,41,0
11/12/2020,EAGLE,1,50,0,0,51,0,1814,85,11,0,1899,11,51,0
11/13/2020,EAGLE,2,22,0,0,24,0,1836,87,11,0,1923,11,24,0
11/14/2020,EAGLE,0,34,0,0,34,0,1870,87,11,0,1957,11,34,0
11/15/2020,EAGLE,0,20,0,0,20,0,1890,87,11,0,1977,11,20,0
11/16/2020,EAGLE,3,27,0,0,30,0,1917,90,11,0,2007,11,30,0
11/17/2020,EAGLE,7,34,0,0,41,0,1951,97,11,0,2048,11,41,0
11/18/2020,EAGLE,1,29,0,0,30,0,1980,98,11,0,2078,11,30,0
11/19/2020,EAGLE,1,32,0,0,33,0,2012,99,11,0,2111,11,33,0
11/20/2020,EAGLE,0,52,0,1,52,1,2064,99,12,0,2163,12,52,1
11/21/2020,EAGLE,1,41,0,1,42,1,2105,100,13,0,2205,13,42,1
11/22/2020,EAGLE,0,26,0,0,26,0,2131,100,13,0,2231,13,26,0
11/23/2020,EAGLE,1,52,0,0,53,0,2183,101,13,0,2284,13,53,0
11/24/2020,EAGLE,0,19,0,0,19,0,2202,101,13,0,2303,13,19,0
11/25/2020,EAGLE,1,37,0,0,38,0,2239,102,13,0,2341,13,38,0
11/26/2020,EAGLE,5,15,0,0,20,0,2254,107,13,0,2361,13,20,0
11/27/2020,EAGLE,2,49,0,0,51,0,2303,109,13,0,2412,13,51,0
11/28/2020,EAGLE,0,30,0,0,30,0,2333,109,13,0,2442,13,30,0
11/29/2020,EAGLE,0,36,0,0,36,0,2369,109,13,0,2478,13,36,0
11/30/2020,EAGLE,5,17,0,0,22,0,2386,114,13,0,2500,13,22,0
12/01/2020,EAGLE,2,38,0,0,40,0,2424,116,13,0,2540,13,40,0
12/02/2020,EAGLE,5,37,0,0,42,0,2461,121,13,0,2582,13,42,0
12/03/2020,EAGLE,5,50,0,0,55,0,2511,126,13,0,2637,13,55,0
12/04/2020,EAGLE,5,38,0,0,43,0,2549,131,13,0,2680,13,43,0
12/05/2020,EAGLE,7,32,0,2,39,2,2581,138,15,0,2719,15,39,2
12/06/2020,EAGLE,6,31,0,0,37,0,2612,144,15,0,2756,15,37,0
12/07/2020,EAGLE,2,10,0,0,12,0,2622,146,15,0,2768,15,12,0
12/08/2020,EAGLE,12,16,0,0,28,0,2638,158,15,0,2796,15,28,0
12/09/2020,EAGLE,9,23,0,0,32,0,2661,167,15,0,2828,15,32,0
12/10/2020,EAGLE,9,43,0,0,52,0,2704,176,15,0,2880,15,52,0
12/11/2020,EAGLE,1,29,0,0,30,0,2733,177,15,0,2910,15,30,0
12/12/2020,EAGLE,5,47,0,0,52,0,2780,182,15,0,2962,15,52,0
12/13/2020,EAGLE,0,24,0,0,24,0,2804,182,15,0,2986,15,24,0
12/14/2020,EAGLE,3,25,0,0,28,0,2829,185,15,0,3014,15,28,0
12/15/2020,EAGLE,3,39,0,0,42,0,2868,188,15,0,3056,15,42,0
12/16/2020,EAGLE,4,14,0,0,18,0,2882,192,15,0,3074,15,18,0
12/17/2020,EAGLE,4,37,0,0,41,0,2919,196,15,0,3115,15,41,0
12/18/2020,EAGLE,4,29,0,0,33,0,2948,200,15,0,3148,15,33,0
12/19/2020,EAGLE,1,16,0,0,17,0,2964,201,15,0,3165,15,17,0
12/20/2020,EAGLE,4,12,0,0,16,0,2976,205,15,0,3181,15,16,0
12/21/2020,EAGLE,4,16,0,0,20,0,2992,209,15,0,3201,15,20,0
12/22/2020,EAGLE,1,34,0,0,35,0,3026,210,15,0,3236,15,35,0
12/23/2020,EAGLE,3,16,0,1,19,1,3042,213,16,0,3255,16,19,1
12/24/2020,EAGLE,4,23,0,0,27,0,3065,217,16,0,3282,16,27,0
12/25/2020,EAGLE,0,7,0,0,7,0,3072,217,16,0,3289,16,7,0
12/26/2020,EAGLE,5,17,0,0,22,0,3089,222,16,0,3311,16,22,0
12/27/2020,EAGLE,0,39,0,0,39,0,3128,222,16,0,3350,16,39,0
12/28/2020,EAGLE,4,26,0,0,30,0,3154,226,16,0,3380,16,30,0
12/29/2020,EAGLE,6,7,0,0,13,0,3161,232,16,0,3393,16,13,0
12/30/2020,EAGLE,9,50,0,0,59,0,3211,241,16,0,3452,16,59,0
12/31/2020,EAGLE,5,30,0,0,35,0,3241,246,16,0,3487,16,35,0
01/01/2021,EAGLE,3,10,0,0,13,0,3251,249,16,0,3500,16,13,0
01/02/2021,EAGLE,4,31,0,0,35,0,3282,253,16,0,3535,16,35,0
01/03/2021,EAGLE,4,40,0,0,44,0,3322,257,16,0,3579,16,44,0
01/04/2021,EAGLE,10,25,0,0,35,0,3347,267,16,0,3614,16,35,0
01/05/2021,EAGLE,9,23,0,0,32,0,3370,276,16,0,3646,16,32,0
01/06/2021,EAGLE,13,59,0,0,72,0,3429,289,16,0,3718,16,72,0
01/07/2021,EAGLE,8,33,0,0,41,0,3462,297,16,0,3759,16,41,0
01/08/2021,EAGLE,12,44,0,0,56,0,3506,309,16,0,3815,16,56,0
01/09/2021,EAGLE,11,23,0,0,34,0,3529,320,16,0,3849,16,34,0
01/10/2021,EAGLE,2,26,0,0,28,0,3555,322,16,0,3877,16,28,0
01/11/2021,EAGLE,6,12,0,0,18,0,3567,328,16,0,3895,16,18,0
01/12/2021,EAGLE,6,33,0,0,39,0,3600,334,16,0,3934,16,39,0
01/13/2021,EAGLE,7,57,0,0,64,0,3657,341,16,0,3998,16,64,0
01/14/2021,EAGLE,12,29,0,0,41,0,3686,353,16,0,4039,16,41,0
01/15/2021,EAGLE,7,23,0,1,30,1,3709,360,17,0,4069,17,30,1
01/16/2021,EAGLE,4,25,0,0,29,0,3734,364,17,0,4098,17,29,0
01/17/2021,EAGLE,1,22,0,0,23,0,3756,365,17,0,4121,17,23,0
01/18/2021,EAGLE,2,19,0,1,21,1,3775,367,18,0,4142,18,21,1
01/19/2021,EAGLE,8,35,0,0,43,0,3810,375,18,0,4185,18,43,0
01/20/2021,EAGLE,8,31,0,0,39,0,3841,383,18,0,4224,18,39,0
01/21/2021,EAGLE,9,28,0,1,37,1,3869,392,19,0,4261,19,37,1
01/22/2021,EAGLE,6,33,0,0,39,0,3902,398,19,0,4300,19,39,0
01/23/2021,EAGLE,10,13,0,0,23,0,3915,408,19,0,4323,19,23,0
01/24/2021,EAGLE,2,12,0,0,14,0,3927,410,19,0,4337,19,14,0
01/25/2021,EAGLE,3,24,0,1,27,1,3951,413,20,0,4364,20,27,1
01/26/2021,EAGLE,3,22,0,0,25,0,3973,416,20,0,4389,20,25,0
01/27/2021,EAGLE,7,30,0,0,37,0,4003,423,20,0,4426,20,37,0
01/28/2021,EAGLE,2,19,0,0,21,0,4022,425,20,0,4447,20,21,0
01/29/2021,EAGLE,12,18,0,0,30,0,4040,437,20,0,4477,20,30,0
01/30/2021,EAGLE,4,14,0,0,18,0,4054,441,20,0,4495,20,18,0
01/31/2021,EAGLE,0,14,0,0,14,0,4068,441,20,0,4509,20,14,0
02/01/2021,EAGLE,8,22,0,0,30,0,4090,449,20,0,4539,20,30,0
02/02/2021,EAGLE,6,15,0,0,21,0,4105,455,20,0,4560,20,21,0
02/03/2021,EAGLE,2,38,0,0,40,0,4143,457,20,0,4600,20,40,0
02/04/2021,EAGLE,7,28,0,0,35,0,4171,464,20,0,4635,20,35,0
02/05/2021,EAGLE,3,21,0,0,24,0,4192,467,20,0,4659,20,24,0
02/06/2021,EAGLE,2,18,0,0,20,0,4210,469,20,0,4679,20,20,0
02/07/2021,EAGLE,6,20,0,0,26,0,4230,475,20,0,4705,20,26,0
02/08/2021,EAGLE,3,5,0,0,8,0,4235,478,20,0,4713,20,8,0
02/09/2021,EAGLE,0,15,0,0,15,0,4250,478,20,0,4728,20,15,0
02/10/2021,EAGLE,8,21,0,0,29,0,4271,486,20,0,4757,20,29,0
02/11/2021,EAGLE,3,28,0,0,31,0,4299,489,20,0,4788,20,31,0
02/12/2021,EAGLE,2,19,0,0,21,0,4318,491,20,0,4809,20,21,0
02/13/2021,EAGLE,2,15,0,0,17,0,4333,493,20,0,4826,20,17,0
02/14/2021,EAGLE,0,15,0,0,15,0,4348,493,20,0,4841,20,15,0
02/15/2021,EAGLE,4,22,0,0,26,0,4370,497,20,0,4867,20,26,0
02/16/2021,EAGLE,2,15,0,0,17,0,4385,499,20,0,4884,20,17,0
02/17/2021,EAGLE,0,20,0,0,20,0,4405,499,20,0,4904,20,20,0
02/18/2021,EAGLE,3,27,0,0,30,0,4432,502,20,0,4934,20,30,0
02/19/2021,EAGLE,2,15,0,1,17,1,4447,504,21,0,4951,21,17,1
02/20/2021,EAGLE,3,16,0,0,19,0,4463,507,21,0,4970,21,19,0
02/21/2021,EAGLE,2,9,0,0,11,0,4472,509,21,0,4981,21,11,0
02/22/2021,EAGLE,7,29,0,0,36,0,4501,516,21,0,5017,21,36,0
02/23/2021,EAGLE,11,25,0,0,36,0,4526,527,21,0,5053,21,36,0
02/24/2021,EAGLE,1,23,0,0,24,0,4549,528,21,0,5077,21,24,0
02/25/2021,EAGLE,3,18,0,0,21,0,4567,531,21,0,5098,21,21,0
02/26/2021,EAGLE,7,21,0,0,28,0,4588,538,21,0,5126,21,28,0
02/27/2021,EAGLE,7,12,0,0,19,0,4600,545,21,0,5145,21,19,0
02/28/2021,EAGLE,4,8,0,0,12,0,4608,549,21,0,5157,21,12,0
03/01/2021,EAGLE,3,29,0,0,32,0,4637,552,21,0,5189,21,32,0
03/02/2021,EAGLE,4,20,0,1,24,1,4657,556,22,0,5213,22,24,1
03/03/2021,EAGLE,3,20,0,0,23,0,4677,559,22,0,5236,22,23,0
03/04/2021,EAGLE,1,25,0,0,26,0,4702,560,22,0,5262,22,26,0
03/05/2021,EAGLE,3,24,0,0,27,0,4726,563,22,0,5289,22,27,0
03/06/2021,EAGLE,7,13,0,0,20,0,4739,570,22,0,5309,22,20,0
03/07/2021,EAGLE,7,17,0,0,24,0,4756,577,22,0,5333,22,24,0
03/08/2021,EAGLE,6,24,0,0,30,0,4780,583,22,0,5363,22,30,0
03/09/2021,EAGLE,6,8,0,0,14,0,4788,589,22,0,5377,22,14,0
03/10/2021,EAGLE,5,9,0,0,14,0,4797,594,22,0,5391,22,14,0
03/11/2021,EAGLE,5,12,0,0,17,0,4809,599,22,0,5408,22,17,0
03/12/2021,EAGLE,3,18,0,0,21,0,4827,602,22,0,5429,22,21,0
03/13/2021,EAGLE,8,12,0,0,20,0,4839,610,22,0,5449,22,20,0
03/14/2021,EAGLE,1,9,0,0,10,0,4848,611,22,0,5459,22,10,0
03/15/2021,EAGLE,1,14,0,0,15,0,4862,612,22,0,5474,22,15,0
03/16/2021,EAGLE,4,22,0,0,26,0,4884,616,22,0,5500,22,26,0
03/17/2021,EAGLE,7,20,0,0,27,0,4904,623,22,0,5527,22,27,0
03/18/2021,EAGLE,2,15,0,1,17,1,4919,625,23,0,5544,23,17,1
03/19/2021,EAGLE,1,8,0,0,9,0,4927,626,23,0,5553,23,9,0
03/20/2021,EAGLE,8,31,0,0,39,0,4958,634,23,0,5592,23,39,0
03/21/2021,EAGLE,0,9,0,0,9,0,4967,634,23,0,5601,23,9,0
03/22/2021,EAGLE,8,18,0,0,26,0,4985,642,23,0,5627,23,26,0
03/23/2021,EAGLE,6,16,0,0,22,0,5001,648,23,0,5649,23,22,0
03/24/2021,EAGLE,3,19,0,0,22,0,5020,651,23,0,5671,23,22,0
03/25/2021,EAGLE,3,27,0,0,30,0,5047,654,23,0,5701,23,30,0
03/26/2021,EAGLE,3,18,0,0,21,0,5065,657,23,0,5722,23,21,0
03/27/2021,EAGLE,4,17,0,0,21,0,5082,661,23,0,5743,23,21,0
03/28/2021,EAGLE,4,4,0,0,8,0,5086,665,23,0,5751,23,8,0
03/29/2021,EAGLE,1,20,0,0,21,0,5106,666,23,0,5772,23,21,0
03/30/2021,EAGLE,4,15,0,0,19,0,5121,670,23,0,5791,23,19,0
03/31/2021,EAGLE,7,15,0,0,22,0,5136,677,23,0,5813,23,22,0
04/01/2021,EAGLE,3,13,0,0,16,0,5149,680,23,0,5829,23,16,0
04/02/2021,EAGLE,5,7,0,0,12,0,5156,685,23,0,5841,23,12,0
04/03/2021,EAGLE,4,21,0,0,25,0,5177,689,23,0,5866,23,25,0
04/04/2021,EAGLE,6,7,0,0,13,0,5184,695,23,0,5879,23,13,0
04/05/2021,EAGLE,5,14,0,0,19,0,5198,700,23,0,5898,23,19,0
04/06/2021,EAGLE,2,19,0,0,21,0,5217,702,23,0,5919,23,21,0
04/07/2021,EAGLE,9,13,0,0,22,0,5230,711,23,0,5941,23,22,0
04/08/2021,EAGLE,3,16,0,0,19,0,5246,714,23,0,5960,23,19,0
04/09/2021,EAGLE,4,24,0,0,28,0,5270,718,23,0,5988,23,28,0
04/10/2021,EAGLE,1,13,0,0,14,0,5283,719,23,0,6002,23,14,0
04/11/2021,EAGLE,2,11,0,0,13,0,5294,721,23,0,6015,23,13,0
04/12/2021,EAGLE,3,24,0,0,27,0,5318,724,23,0,6042,23,27,0
04/13/2021,EAGLE,7,16,0,0,23,0,5334,731,23,0,6065,23,23,0
04/14/2021,EAGLE,2,16,0,0,18,0,5350,733,23,0,6083,23,18,0
04/15/2021,EAGLE,2,11,0,0,13,0,5361,735,23,0,6096,23,13,0
04/16/2021,EAGLE,3,8,0,0,11,0,5369,738,23,0,6107,23,11,0
04/17/2021,EAGLE,1,8,0,0,9,0,5377,739,23,0,6116,23,9,0
04/18/2021,EAGLE,5,7,0,0,12,0,5384,744,23,0,6128,23,12,0
04/19/2021,EAGLE,2,7,0,0,9,0,5391,746,23,0,6137,23,9,0
04/20/2021,EAGLE,1,18,0,0,19,0,5409,747,23,0,6156,23,19,0
04/21/2021,EAGLE,0,14,0,0,14,0,5423,747,23,0,6170,23,14,0
04/22/2021,EAGLE,3,12,0,0,15,0,5435,750,23,0,6185,23,15,0
04/23/2021,EAGLE,2,4,0,0,6,0,5439,752,23,0,6191,23,6,0
04/24/2021,EAGLE,4,8,0,0,12,0,5447,756,23,0,6203,23,12,0
04/25/2021,EAGLE,2,8,0,0,10,0,5455,758,23,0,6213,23,10,0
04/26/2021,EAGLE,1,8,0,0,9,0,5463,759,23,0,6222,23,9,0
04/27/2021,EAGLE,1,13,0,0,14,0,5476,760,23,0,6236,23,14,0
04/28/2021,EAGLE,3,21,0,0,24,0,5497,763,23,0,6260,23,24,0
04/29/2021,EAGLE,7,8,0,0,15,0,5505,770,23,0,6275,23,15,0
04/30/2021,EAGLE,2,10,0,0,12,0,5515,772,23,0,6287,23,12,0
05/02/2021,EAGLE,0,3,0,0,3,0,5518,772,23,0,6290,23,3,0
05/03/2021,EAGLE,4,1,0,0,5,0,5519,776,23,0,6295,23,5,0
05/04/2021,EAGLE,3,4,0,0,7,0,5523,779,23,0,6302,23,7,0
05/05/2021,EAGLE,2,6,0,0,8,0,5529,781,23,0,6310,23,8,0
05/06/2021,EAGLE,0,4,0,0,4,0,5533,781,23,0,6314,23,4,0
05/10/2021,EAGLE,2,9,0,0,11,0,5542,783,23,0,6325,23,11,0
05/11/2021,EAGLE,0,2,0,0,2,0,5544,783,23,0,6327,23,2,0
05/12/2021,EAGLE,0,4,0,0,4,0,5548,783,23,0,6331,23,4,0
05/13/2021,EAGLE,0,7,0,0,7,0,5555,783,23,0,6338,23,7,0
05/14/2021,EAGLE,0,1,0,0,1,0,5556,783,23,0,6339,23,1,0
05/16/2021,EAGLE,0,2,0,0,2,0,5558,783,23,0,6341,23,2,0
05/17/2021,EAGLE,0,2,0,0,2,0,5560,783,23,0,6343,23,2,0
05/18/2021,EAGLE,0,7,0,0,7,0,5567,783,23,0,6350,23,7,0
05/19/2021,EAGLE,0,1,0,0,1,0,5568,783,23,0,6351,23,1,0
05/20/2021,EAGLE,3,1,0,1,4,1,5569,786,24,0,6355,24,4,1
05/21/2021,EAGLE,4,2,0,0,6,0,5571,790,24,0,6361,24,6,0
05/22/2021,EAGLE,0,4,0,0,4,0,5575,790,24,0,6365,24,4,0
05/23/2021,EAGLE,0,4,0,0,4,0,5579,790,24,0,6369,24,4,0
05/24/2021,EAGLE,0,1,0,0,1,0,5580,790,24,0,6370,24,1,0
05/25/2021,EAGLE,1,1,0,0,2,0,5581,791,24,0,6372,24,2,0
05/26/2021,EAGLE,0,3,0,0,3,0,5584,791,24,0,6375,24,3,0
05/27/2021,EAGLE,0,1,0,0,1,0,5585,791,24,0,6376,24,1,0
05/28/2021,EAGLE,0,1,0,0,1,0,5586,791,24,0,6377,24,1,0
05/29/2021,EAGLE,0,2,0,0,2,0,5588,791,24,0,6379,24,2,0
05/30/2021,EAGLE,0,1,0,0,1,0,5589,791,24,0,6380,24,1,0
06/01/2021,EAGLE,0,2,0,0,2,0,5591,791,24,0,6382,24,2,0
06/03/2021,EAGLE,0,1,0,0,1,0,5592,791,24,0,6383,24,1,0
06/04/2021,EAGLE,1,3,0,0,4,0,5595,792,24,0,6387,24,4,0
06/06/2021,EAGLE,0,1,0,0,1,0,5596,792,24,0,6388,24,1,0
06/08/2021,EAGLE,0,3,0,0,3,0,5599,792,24,0,6391,24,3,0
06/09/2021,EAGLE,1,2,0,0,3,0,5601,793,24,0,6394,24,3,0
06/10/2021,EAGLE,0,2,0,0,2,0,5603,793,24,0,6396,24,2,0
06/11/2021,EAGLE,0,1,0,0,1,0,5604,793,24,0,6397,24,1,0
06/14/2021,EAGLE,0,1,0,0,1,0,5605,793,24,0,6398,24,1,0
06/16/2021,EAGLE,0,3,0,0,3,0,5608,793,24,0,6401,24,3,0
06/18/2021,EAGLE,0,1,0,0,1,0,5609,793,24,0,6402,24,1,0
06/21/2021,EAGLE,0,2,0,0,2,0,5611,793,24,0,6404,24,2,0
06/22/2021,EAGLE,3,0,0,0,3,0,5611,796,24,0,6407,24,3,0
06/23/2021,EAGLE,0,2,0,0,2,0,5613,796,24,0,6409,24,2,0
06/24/2021,EAGLE,0,5,0,0,5,0,5618,796,24,0,6414,24,5,0
06/25/2021,EAGLE,0,2,0,0,2,0,5620,796,24,0,6416,24,2,0
06/26/2021,EAGLE,1,0,0,0,1,0,5620,797,24,0,6417,24,1,0
06/27/2021,EAGLE,0,3,0,0,3,0,5623,797,24,0,6420,24,3,0
06/28/2021,EAGLE,1,4,0,0,5,0,5627,798,24,0,6425,24,5,0
06/29/2021,EAGLE,0,8,0,0,8,0,5635,798,24,0,6433,24,8,0
06/30/2021,EAGLE,1,0,0,0,1,0,5635,799,24,0,6434,24,1,0
07/01/2021,EAGLE,0,2,0,0,2,0,5637,799,24,0,6436,24,2,0
07/02/2021,EAGLE,0,1,0,0,1,0,5638,799,24,0,6437,24,1,0
07/03/2021,EAGLE,0,2,0,0,2,0,5640,799,24,0,6439,24,2,0
07/05/2021,EAGLE,0,3,0,0,3,0,5643,799,24,0,6442,24,3,0
07/06/2021,EAGLE,0,3,0,0,3,0,5646,799,24,0,6445,24,3,0
07/07/2021,EAGLE,0,5,0,0,5,0,5651,799,24,0,6450,24,5,0
07/08/2021,EAGLE,1,11,0,0,12,0,5662,800,24,0,6462,24,12,0
07/09/2021,EAGLE,0,2,0,0,2,0,5664,800,24,0,6464,24,2,0
07/10/2021,EAGLE,0,1,0,0,1,0,5665,800,24,0,6465,24,1,0
07/12/2021,EAGLE,1,4,0,0,5,0,5669,801,24,0,6470,24,5,0
07/13/2021,EAGLE,1,8,0,0,9,0,5677,802,24,0,6479,24,9,0
07/14/2021,EAGLE,0,5,0,0,5,0,5682,802,24,0,6484,24,5,0
07/15/2021,EAGLE,0,3,0,0,3,0,5685,802,24,0,6487,24,3,0
07/16/2021,EAGLE,1,8,0,0,9,0,5693,803,24,0,6496,24,9,0
07/17/2021,EAGLE,0,3,0,0,3,0,5696,803,24,0,6499,24,3,0
07/18/2021,EAGLE,0,1,0,0,1,0,5697,803,24,0,6500,24,1,0
07/19/2021,EAGLE,1,16,0,0,17,0,5713,804,24,0,6517,24,17,0
07/20/2021,EAGLE,0,8,0,0,8,0,5721,804,24,0,6525,24,8,0
07/21/2021,EAGLE,0,12,0,0,12,0,5733,804,24,0,6537,24,12,0
07/22/2021,EAGLE,0,4,0,0,4,0,5737,804,24,0,6541,24,4,0
07/23/2021,EAGLE,1,9,0,0,10,0,5746,805,24,0,6551,24,10,0
07/24/2021,EAGLE,0,3,0,1,3,1,5749,805,25,0,6554,25,3,1
07/25/2021,EAGLE,0,4,0,0,4,0,5753,805,25,0,6558,25,4,0
07/26/2021,EAGLE,0,10,0,0,10,0,5763,805,25,0,6568,25,10,0
07/27/2021,EAGLE,0,5,0,0,5,0,5768,805,25,0,6573,25,5,0
07/28/2021,EAGLE,0,8,0,0,8,0,5776,805,25,0,6581,25,8,0
07/29/2021,EAGLE,0,17,0,0,17,0,5793,805,25,0,6598,25,17,0
07/30/2021,EAGLE,0,15,0,0,15,0,5808,805,25,0,6613,25,15,0
07/31/2021,EAGLE,0,5,0,0,5,0,5813,805,25,0,6618,25,5,0
08/01/2021,EAGLE,0,4,0,0,4,0,5817,805,25,0,6622,25,4,0
08/02/2021,EAGLE,0,12,0,0,12,0,5829,805,25,0,6634,25,12,0
08/03/2021,EAGLE,0,27,0,1,27,1,5856,805,26,0,6661,26,27,1
08/04/2021,EAGLE,0,11,0,0,11,0,5867,805,26,0,6672,26,11,0
08/05/2021,EAGLE,0,17,0,0,17,0,5884,805,26,0,6689,26,17,0
08/06/2021,EAGLE,1,15,0,0,16,0,5899,806,26,0,6705,26,16,0
08/07/2021,EAGLE,1,14,0,0,15,0,5913,807,26,0,6720,26,15,0
08/08/2021,EAGLE,0,3,0,0,3,0,5916,807,26,0,6723,26,3,0
08/09/2021,EAGLE,0,23,0,0,23,0,5939,807,26,0,6746,26,23,0
08/10/2021,EAGLE,0,34,0,0,34,0,5973,807,26,0,6780,26,34,0
08/11/2021,EAGLE,2,19,1,0,21,1,5992,809,26,1,6801,27,21,1
08/12/2021,EAGLE,4,16,0,0,20,0,6008,813,26,1,6821,27,20,0
08/13/2021,EAGLE,3,58,0,0,61,0,6066,816,26,1,6882,27,61,0
08/14/2021,EAGLE,0,12,0,0,12,0,6078,816,26,1,6894,27,12,0
08/15/2021,EAGLE,0,5,0,0,5,0,6083,816,26,1,6899,27,5,0
08/16/2021,EAGLE,1,41,0,0,42,0,6124,817,26,1,6941,27,42,0
08/17/2021,EAGLE,0,30,0,0,30,0,6154,817,26,1,6971,27,30,0
08/18/2021,EAGLE,4,10,0,0,14,0,6164,821,26,1,6985,27,14,0
08/19/2021,EAGLE,2,43,0,1,45,1,6207,823,27,1,7030,28,45,1
08/20/2021,EAGLE,0,10,0,0,10,0,6217,823,27,1,7040,28,10,0
08/21/2021,EAGLE,0,5,0,1,5,1,6222,823,28,1,7045,29,5,1
08/22/2021,EAGLE,0,5,0,0,5,0,6227,823,28,1,7050,29,5,0
08/23/2021,EAGLE,1,38,0,0,39,0,6265,824,28,1,7089,29,39,0
08/24/2021,EAGLE,1,21,0,0,22,0,6286,825,28,1,7111,29,22,0
08/25/2021,EAGLE,3,42,0,0,45,0,6328,828,28,1,7156,29,45,0
08/26/2021,EAGLE,1,21,0,0,22,0,6349,829,28,1,7178,29,22,0
08/27/2021,EAGLE,0,43,0,1,43,1,6392,829,29,1,7221,30,43,1
08/28/2021,EAGLE,0,1,0,0,1,0,6393,829,29,1,7222,30,1,0
08/29/2021,EAGLE,0,10,0,0,10,0,6403,829,29,1,7232,30,10,0
08/30/2021,EAGLE,5,59,0,0,64,0,6462,834,29,1,7296,30,64,0
08/31/2021,EAGLE,1,41,0,0,42,0,6503,835,29,1,7338,30,42,0
09/01/2021,EAGLE,10,30,0,0,40,0,6533,845,29,1,7378,30,40,0
09/02/2021,EAGLE,1,53,0,0,54,0,6586,846,29,1,7432,30,54,0
09/03/2021,EAGLE,4,46,0,0,50,0,6632,850,29,1,7482,30,50,0
09/04/2021,EAGLE,1,19,0,0,20,0,6651,851,29,1,7502,30,20,0
09/05/2021,EAGLE,0,13,0,1,13,1,6664,851,30,1,7515,31,13,1
09/06/2021,EAGLE,0,12,0,0,12,0,6676,851,30,1,7527,31,12,0
09/07/2021,EAGLE,1,30,0,0,31,0,6706,852,30,1,7558,31,31,0
09/08/2021,EAGLE,2,38,0,0,40,0,6744,854,30,1,7598,31,40,0
09/09/2021,EAGLE,0,33,0,0,33,0,6777,854,30,1,7631,31,33,0
09/10/2021,EAGLE,6,24,0,0,30,0,6801,860,30,1,7661,31,30,0
09/11/2021,EAGLE,0,19,0,0,19,0,6820,860,30,1,7680,31,19,0
09/12/2021,EAGLE,1,17,0,0,18,0,6837,861,30,1,7698,31,18,0
09/13/2021,EAGLE,1,20,0,0,21,0,6857,862,30,1,7719,31,21,0
09/14/2021,EAGLE,4,14,0,0,18,0,6871,866,30,1,7737,31,18,0
09/15/2021,EAGLE,1,22,0,0,23,0,6893,867,30,1,7760,31,23,0
09/16/2021,EAGLE,3,29,0,0,32,0,6922,870,30,1,7792,31,32,0
09/17/2021,EAGLE,0,14,0,0,14,0,6936,870,30,1,7806,31,14,0
09/18/2021,EAGLE,0,9,0,0,9,0,6945,870,30,1,7815,31,9,0
09/19/2021,EAGLE,0,14,0,0,14,0,6959,870,30,1,7829,31,14,0
09/20/2021,EAGLE,2,19,0,0,21,0,6978,872,30,1,7850,31,21,0
09/21/2021,EAGLE,1,12,0,0,13,0,6990,873,30,1,7863,31,13,0
09/22/2021,EAGLE,4,19,0,0,23,0,7009,877,30,1,7886,31,23,0
09/23/2021,EAGLE,1,17,0,0,18,0,7026,878,30,1,7904,31,18,0
09/24/2021,EAGLE,1,19,0,0,20,0,7045,879,30,1,7924,31,20,0
09/25/2021,EAGLE,0,5,0,0,5,0,7050,879,30,1,7929,31,5,0
09/26/2021,EAGLE,0,2,0,0,2,0,7052,879,30,1,7931,31,2,0
09/27/2021,EAGLE,2,19,0,0,21,0,7071,881,30,1,7952,31,21,0
09/28/2021,EAGLE,0,11,0,0,11,0,7082,881,30,1,7963,31,11,0
09/29/2021,EAGLE,0,22,0,0,22,0,7104,881,30,1,7985,31,22,0
09/30/2021,EAGLE,2,18,0,0,20,0,7122,883,30,1,8005,31,20,0
10/01/2021,EAGLE,2,11,0,0,13,0,7133,885,30,1,8018,31,13,0
10/02/2021,EAGLE,0,8,0,0,8,0,7141,885,30,1,8026,31,8,0
10/03/2021,EAGLE,0,17,0,0,17,0,7158,885,30,1,8043,31,17,0
10/04/2021,EAGLE,1,13,0,0,14,0,7171,886,30,1,8057,31,14,0
10/05/2021,EAGLE,1,8,0,0,9,0,7179,887,30,1,8066,31,9,0
10/06/2021,EAGLE,1,17,0,0,18,0,7196,888,30,1,8084,31,18,0
10/07/2021,EAGLE,0,23,0,0,23,0,7219,888,30,1,8107,31,23,0
10/08/2021,EAGLE,1,15,0,0,16,0,7234,889,30,1,8123,31,16,0
10/09/2021,EAGLE,1,4,0,0,5,0,7238,890,30,1,8128,31,5,0
10/10/2021,EAGLE,0,10,0,0,10,0,7248,890,30,1,8138,31,10,0
10/11/2021,EAGLE,1,14,0,0,15,0,7262,891,30,1,8153,31,15,0
10/12/2021,EAGLE,4,12,0,0,16,0,7274,895,30,1,8169,31,16,0
10/13/2021,EAGLE,3,40,0,0,43,0,7314,898,30,1,8212,31,43,0
10/14/2021,EAGLE,1,13,0,0,14,0,7327,899,30,1,8226,31,14,0
10/15/2021,EAGLE,1,17,0,0,18,0,7344,900,30,1,8244,31,18,0
10/16/2021,EAGLE,0,14,0,0,14,0,7358,900,30,1,8258,31,14,0
10/17/2021,EAGLE,2,6,0,0,8,0,7364,902,30,1,8266,31,8,0
10/18/2021,EAGLE,0,15,0,0,15,0,7379,902,30,1,8281,31,15,0
10/19/2021,EAGLE,2,17,0,0,19,0,7396,904,30,1,8300,31,19,0
10/20/2021,EAGLE,0,15,0,0,15,0,7411,904,30,1,8315,31,15,0
10/21/2021,EAGLE,1,23,0,0,24,0,7434,905,30,1,8339,31,24,0
10/22/2021,EAGLE,0,26,0,0,26,0,7460,905,30,1,8365,31,26,0
10/23/2021,EAGLE,0,19,0,1,19,1,7479,905,31,1,8384,32,19,1
10/24/2021,EAGLE,0,16,0,0,16,0,7495,905,31,1,8400,32,16,0
10/25/2021,EAGLE,0,39,0,0,39,0,7534,905,31,1,8439,32,39,0
10/26/2021,EAGLE,0,19,0,0,19,0,7553,905,31,1,8458,32,19,0
10/27/2021,EAGLE,1,24,0,0,25,0,7577,906,31,1,8483,32,25,0
10/28/2021,EAGLE,0,31,0,0,31,0,7608,906,31,1,8514,32,31,0
10/29/2021,EAGLE,1,13,0,0,14,0,7621,907,31,1,8528,32,14,0
10/30/2021,EAGLE,2,6,0,0,8,0,7627,909,31,1,8536,32,8,0
10/31/2021,EAGLE,1,13,0,0,14,0,7640,910,31,1,8550,32,14,0
11/01/2021,EAGLE,11,27,0,0,38,0,7667,921,31,1,8588,32,38,0
11/02/2021,EAGLE,2,36,0,0,38,0,7703,923,31,1,8626,32,38,0
11/03/2021,EAGLE,11,40,0,0,51,0,7743,934,31,1,8677,32,51,0
11/04/2021,EAGLE,1,22,0,0,23,0,7765,935,31,1,8700,32,23,0
11/05/2021,EAGLE,2,32,0,0,34,0,7797,937,31,1,8734,32,34,0
11/06/2021,EAGLE,0,15,0,0,15,0,7812,937,31,1,8749,32,15,0
11/07/2021,EAGLE,0,16,0,0,16,0,7828,937,31,1,8765,32,16,0
11/08/2021,EAGLE,18,35,0,0,53,0,7863,955,31,1,8818,32,53,0
11/09/2021,EAGLE,11,32,0,0,43,0,7895,966,31,1,8861,32,43,0
11/10/2021,EAGLE,5,24,0,0,29,0,7919,971,31,1,8890,32,29,0
11/11/2021,EAGLE,5,23,0,0,28,0,7942,976,31,1,8918,32,28,0
11/12/2021,EAGLE,0,30,0,0,30,0,7972,976,31,1,8948,32,30,0
11/13/2021,EAGLE,0,11,0,0,11,0,7983,976,31,1,8959,32,11,0
11/14/2021,EAGLE,1,11,0,0,12,0,7994,977,31,1,8971,32,12,0
11/15/2021,EAGLE,6,27,0,0,33,0,8021,983,31,1,9004,32,33,0
11/16/2021,EAGLE,10,43,0,0,53,0,8064,993,31,1,9057,32,53,0
11/17/2021,EAGLE,8,15,0,0,23,0,8079,1001,31,1,9080,32,23,0
11/18/2021,EAGLE,7,17,0,0,24,0,8096,1008,31,1,9104,32,24,0
11/19/2021,EAGLE,4,17,0,0,21,0,8113,1012,31,1,9125,32,21,0
11/20/2021,EAGLE,1,14,0,0,15,0,8127,1013,31,1,9140,32,15,0
11/21/2021,EAGLE,0,5,0,0,5,0,8132,1013,31,1,9145,32,5,0
11/22/2021,EAGLE,0,33,0,0,33,0,8165,1013,31,1,9178,32,33,0
11/23/2021,EAGLE,0,27,0,0,27,0,8192,1013,31,1,9205,32,27,0
11/24/2021,EAGLE,0,14,0,0,14,0,8206,1013,31,1,9219,32,14,0
11/25/2021,EAGLE,0,3,0,0,3,0,8209,1013,31,1,9222,32,3,0
11/26/2021,EAGLE,1,18,0,0,19,0,8227,1014,31,1,9241,32,19,0
11/27/2021,EAGLE,0,10,0,0,10,0,8237,1014,31,1,9251,32,10,0
11/28/2021,EAGLE,0,13,0,0,13,0,8250,1014,31,1,9264,32,13,0
11/29/2021,EAGLE,0,27,0,0,27,0,8277,1014,31,1,9291,32,27,0
11/30/2021,EAGLE,3,17,0,0,20,0,8294,1017,31,1,9311,32,20,0
12/01/2021,EAGLE,0,14,0,0,14,0,8308,1017,31,1,9325,32,14,0
12/02/2021,EAGLE,4,15,0,0,19,0,8323,1021,31,1,9344,32,19,0
12/03/2021,EAGLE,0,17,0,0,17,0,8340,1021,31,1,9361,32,17,0
12/04/2021,EAGLE,1,12,0,0,13,0,8352,1022,31,1,9374,32,13,0
12/05/2021,EAGLE,0,6,0,0,6,0,8358,1022,31,1,9380,32,6,0
12/06/2021,EAGLE,5,26,0,0,31,0,8384,1027,31,1,9411,32,31,0
12/07/2021,EAGLE,1,17,0,0,18,0,8401,1028,31,1,9429,32,18,0
12/08/2021,EAGLE,2,17,0,0,19,0,8418,1030,31,1,9448,32,19,0
12/09/2021,EAGLE,3,11,0,0,14,0,8429,1033,31,1,9462,32,14,0
12/10/2021,EAGLE,0,15,0,0,15,0,8444,1033,31,1,9477,32,15,0
12/11/2021,EAGLE,0,7,0,0,7,0,8451,1033,31,1,9484,32,7,0
12/12/2021,EAGLE,0,5,0,0,5,0,8456,1033,31,1,9489,32,5,0
12/13/2021,EAGLE,0,31,0,0,31,0,8487,1033,31,1,9520,32,31,0
12/14/2021,EAGLE,0,24,0,0,24,0,8511,1033,31,1,9544,32,24,0
12/15/2021,EAGLE,0,44,0,0,44,0,8555,1033,31,1,9588,32,44,0
12/16/2021,EAGLE,3,58,0,0,61,0,8613,1036,31,1,9649,32,61,0
12/17/2021,EAGLE,1,63,0,0,64,0,8676,1037,31,1,9713,32,64,0
12/18/2021,EAGLE,0,50,0,0,50,0,8726,1037,31,1,9763,32,50,0
12/19/2021,EAGLE,1,49,0,0,50,0,8775,1038,31,1,9813,32,50,0
12/20/2021,EAGLE,12,99,0,0,111,0,8874,1050,31,1,9924,32,111,0
12/21/2021,EAGLE,8,222,0,0,230,0,9096,1058,31,1,10154,32,230,0
12/22/2021,EAGLE,9,143,0,0,152,0,9239,1067,31,1,10306,32,152,0
12/23/2021,EAGLE,5,212,0,0,217,0,9451,1072,31,1,10523,32,217,0
12/24/2021,EAGLE,5,258,0,0,263,0,9709,1077,31,1,10786,32,263,0
12/25/2021,EAGLE,1,143,0,0,144,0,9852,1078,31,1,10930,32,144,0
12/26/2021,EAGLE,6,97,0,0,103,0,9949,1084,31,1,11033,32,103,0
12/27/2021,EAGLE,4,84,0,1,88,1,10033,1088,32,1,11121,33,88,1
12/28/2021,EAGLE,7,232,0,0,239,0,10265,1095,32,1,11360,33,239,0
12/29/2021,EAGLE,16,311,0,0,327,0,10576,1111,32,1,11687,33,327,0
12/30/2021,EAGLE,3,148,0,0,151,0,10724,1114,32,1,11838,33,151,0
12/31/2021,EAGLE,3,265,0,0,268,0,10989,1117,32,1,12106,33,268,0
01/01/2022,EAGLE,1,78,0,0,79,0,11067,1118,32,1,12185,33,79,0
01/02/2022,EAGLE,1,279,0,0,280,0,11346,1119,32,1,12465,33,280,0
01/03/2022,EAGLE,8,78,0,0,86,0,11424,1127,32,1,12551,33,86,0
01/04/2022,EAGLE,6,69,0,1,75,1,11493,1133,33,1,12626,34,75,1
01/05/2022,EAGLE,4,336,0,0,340,0,11829,1137,33,1,12966,34,340,0
01/06/2022,EAGLE,5,141,0,0,146,0,11970,1142,33,1,13112,34,146,0
01/07/2022,EAGLE,8,131,0,0,139,0,12101,1150,33,1,13251,34,139,0
01/08/2022,EAGLE,2,112,0,0,114,0,12213,1152,33,1,13365,34,114,0
01/09/2022,EAGLE,2,164,0,0,166,0,12377,1154,33,1,13531,34,166,0
01/10/2022,EAGLE,5,103,0,0,108,0,12480,1159,33,1,13639,34,108,0
01/11/2022,EAGLE,3,94,0,0,97,0,12574,1162,33,1,13736,34,97,0
01/12/2022,EAGLE,3,126,0,0,129,0,12700,1165,33,1,13865,34,129,0
01/13/2022,EAGLE,6,118,0,0,124,0,12818,1171,33,1,13989,34,124,0
01/14/2022,EAGLE,61,74,0,1,135,1,12892,1232,34,1,14124,35,135,1
01/15/2022,EAGLE,0,44,0,0,44,0,12936,1232,34,1,14168,35,44,0
01/16/2022,EAGLE,1,104,0,0,105,0,13040,1233,34,1,14273,35,105,0
01/17/2022,EAGLE,8,71,0,0,79,0,13111,1241,34,1,14352,35,79,0
01/18/2022,EAGLE,21,77,0,0,98,0,13188,1262,34,1,14450,35,98,0
01/19/2022,EAGLE,6,96,0,0,102,0,13284,1268,34,1,14552,35,102,0
01/20/2022,EAGLE,3,55,0,0,58,0,13339,1271,34,1,14610,35,58,0
01/21/2022,EAGLE,67,64,0,0,131,0,13403,1338,34,1,14741,35,131,0
01/22/2022,EAGLE,9,38,0,0,47,0,13441,1347,34,1,14788,35,47,0
01/23/2022,EAGLE,0,39,0,0,39,0,13480,1347,34,1,14827,35,39,0
01/24/2022,EAGLE,6,53,0,0,59,0,13533,1353,34,1,14886,35,59,0
01/25/2022,EAGLE,16,46,0,0,62,0,13579,1369,34,1,14948,35,62,0
01/26/2022,EAGLE,15,69,0,0,84,0,13648,1384,34,1,15032,35,84,0
01/27/2022,EAGLE,31,47,0,0,78,0,13695,1415,34,1,15110,35,78,0
01/28/2022,EAGLE,8,30,0,0,38,0,13725,1423,34,1,15148,35,38,0
01/29/2022,EAGLE,0,10,0,0,10,0,13735,1423,34,1,15158,35,10,0
01/30/2022,EAGLE,2,31,0,0,33,0,13766,1425,34,1,15191,35,33,0
01/31/2022,EAGLE,3,28,0,0,31,0,13794,1428,34,1,15222,35,31,0
02/01/2022,EAGLE,11,39,0,0,50,0,13833,1439,34,1,15272,35,50,0
02/02/2022,EAGLE,18,49,0,0,67,0,13882,1457,34,1,15339,35,67,0
02/03/2022,EAGLE,6,26,0,0,32,0,13908,1463,34,1,15371,35,32,0
02/04/2022,EAGLE,26,18,0,0,44,0,13926,1489,34,1,15415,35,44,0
02/05/2022,EAGLE,0,9,0,0,9,0,13935,1489,34,1,15424,35,9,0
02/06/2022,EAGLE,1,8,0,0,9,0,13943,1490,34,1,15433,35,9,0
02/07/2022,EAGLE,4,16,0,0,20,0,13959,1494,34,1,15453,35,20,0
02/08/2022,EAGLE,15,17,0,0,32,0,13976,1509,34,1,15485,35,32,0
02/09/2022,EAGLE,1,22,0,0,23,0,13998,1510,34,1,15508,35,23,0
02/10/2022,EAGLE,12,10,0,0,22,0,14008,1522,34,1,15530,35,22,0
02/11/2022,EAGLE,5,12,0,0,17,0,14020,1527,34,1,15547,35,17,0
02/12/2022,EAGLE,0,5,0,0,5,0,14025,1527,34,1,15552,35,5,0
02/13/2022,EAGLE,0,3,0,0,3,0,14028,1527,34,1,15555,35,3,0
02/14/2022,EAGLE,1,5,0,0,6,0,14033,1528,34,1,15561,35,6,0
02/15/2022,EAGLE,10,24,0,0,34,0,14057,1538,34,1,15595,35,34,0
02/16/2022,EAGLE,2,20,0,0,22,0,14077,1540,34,1,15617,35,22,0
02/17/2022,EAGLE,0,9,0,0,9,0,14086,1540,34,1,15626,35,9,0
02/18/2022,EAGLE,2,7,0,0,9,0,14093,1542,34,1,15635,35,9,0
02/19/2022,EAGLE,0,5,0,0,5,0,14098,1542,34,1,15640,35,5,0
02/20/2022,EAGLE,0,2,0,0,2,0,14100,1542,34,1,15642,35,2,0
02/21/2022,EAGLE,0,12,0,0,12,0,14112,1542,34,1,15654,35,12,0
02/22/2022,EAGLE,2,15,0,0,17,0,14127,1544,34,1,15671,35,17,0
02/23/2022,EAGLE,1,4,0,0,5,0,14131,1545,34,1,15676,35,5,0
02/24/2022,EAGLE,0,5,0,0,5,0,14136,1545,34,1,15681,35,5,0
02/25/2022,EAGLE,1,3,0,0,4,0,14139,1546,34,1,15685,35,4,0
02/26/2022,EAGLE,0,2,0,0,2,0,14141,1546,34,1,15687,35,2,0
02/27/2022,EAGLE,0,3,0,0,3,0,14144,1546,34,1,15690,35,3,0
02/28/2022,EAGLE,1,2,0,0,3,0,14146,1547,34,1,15693,35,3,0
03/01/2022,EAGLE,1,4,0,0,5,0,14150,1548,34,1,15698,35,5,0
03/02/2022,EAGLE,0,6,0,0,6,0,14156,1548,34,1,15704,35,6,0
03/03/2022,EAGLE,0,6,0,0,6,0,14162,1548,34,1,15710,35,6,0
03/04/2022,EAGLE,1,4,0,0,5,0,14166,1549,34,1,15715,35,5,0
03/05/2022,EAGLE,0,2,0,0,2,0,14168,1549,34,1,15717,35,2,0
03/06/2022,EAGLE,0,2,0,0,2,0,14170,1549,34,1,15719,35,2,0
03/07/2022,EAGLE,0,1,0,0,1,0,14171,1549,34,1,15720,35,1,0
03/08/2022,EAGLE,0,4,0,0,4,0,14175,1549,34,1,15724,35,4,0
03/09/2022,EAGLE,0,1,0,0,1,0,14176,1549,34,1,15725,35,1,0
03/10/2022,EAGLE,0,2,0,0,2,0,14178,1549,34,1,15727,35,2,0
03/14/2022,EAGLE,2,4,0,0,6,0,14182,1551,34,1,15733,35,6,0
03/15/2022,EAGLE,0,10,0,0,10,0,14192,1551,34,1,15743,35,10,0
03/16/2022,EAGLE,0,7,0,0,7,0,14199,1551,34,1,15750,35,7,0
03/17/2022,EAGLE,3,3,0,0,6,0,14202,1554,34,1,15756,35,6,0
03/18/2022,EAGLE,0,5,0,0,5,0,14207,1554,34,1,15761,35,5,0
03/20/2022,EAGLE,1,0,0,0,1,0,14207,1555,34,1,15762,35,1,0
03/05/2020,EL PASO,0,1,0,0,1,0,1,0,0,0,1,0,-15761,-35
03/13/2020,EL PASO,0,1,0,1,1,1,2,0,1,0,2,1,1,1
03/14/2020,EL PASO,0,1,0,1,1,1,3,0,2,0,3,2,1,1
03/16/2020,EL PASO,0,3,0,0,3,0,6,0,2,0,6,2,3,0
03/17/2020,EL PASO,1,1,0,0,2,0,7,1,2,0,8,2,2,0
03/18/2020,EL PASO,1,6,0,2,7,2,13,2,4,0,15,4,7,2
03/19/2020,EL PASO,7,5,0,1,12,1,18,9,5,0,27,5,12,1
03/20/2020,EL PASO,10,6,1,0,16,1,24,19,5,1,43,6,16,1
03/21/2020,EL PASO,4,9,0,1,13,1,33,23,6,1,56,7,13,1
03/22/2020,EL PASO,8,7,0,0,15,0,40,31,6,1,71,7,15,0
03/23/2020,EL PASO,11,37,0,6,48,6,77,42,12,1,119,13,48,6
03/24/2020,EL PASO,3,12,0,0,15,0,89,45,12,1,134,13,15,0
03/25/2020,EL PASO,5,12,0,1,17,1,101,50,13,1,151,14,17,1
03/26/2020,EL PASO,6,18,0,3,24,3,119,56,16,1,175,17,24,3
03/27/2020,EL PASO,10,22,0,2,32,2,141,66,18,1,207,19,32,2
03/28/2020,EL PASO,2,30,0,5,32,5,171,68,23,1,239,24,32,5
03/29/2020,EL PASO,2,22,0,2,24,2,193,70,25,1,263,26,24,2
03/30/2020,EL PASO,6,34,0,5,40,5,227,76,30,1,303,31,40,5
03/31/2020,EL PASO,1,28,0,3,29,3,255,77,33,1,332,34,29,3
04/01/2020,EL PASO,6,22,1,5,28,6,277,83,38,2,360,40,28,6
04/02/2020,EL PASO,7,27,0,2,34,2,304,90,40,2,394,42,34,2
04/03/2020,EL PASO,4,28,0,5,32,5,332,94,45,2,426,47,32,5
04/04/2020,EL PASO,1,27,1,4,28,5,359,95,49,3,454,52,28,5
04/05/2020,EL PASO,2,6,1,0,8,1,365,97,49,4,462,53,8,1
04/06/2020,EL PASO,2,12,0,0,14,0,377,99,49,4,476,53,14,0
04/07/2020,EL PASO,4,9,0,2,13,2,386,103,51,4,489,55,13,2
04/08/2020,EL PASO,23,34,0,5,57,5,420,126,56,4,546,60,57,5
04/09/2020,EL PASO,3,18,0,4,21,4,438,129,60,4,567,64,21,4
04/10/2020,EL PASO,0,25,0,1,25,1,463,129,61,4,592,65,25,1
04/11/2020,EL PASO,3,31,1,3,34,4,494,132,64,5,626,69,34,4
04/12/2020,EL PASO,2,26,0,1,28,1,520,134,65,5,654,70,28,1
04/13/2020,EL PASO,0,23,0,2,23,2,543,134,67,5,677,72,23,2
04/14/2020,EL PASO,1,14,0,0,15,0,557,135,67,5,692,72,15,0
04/15/2020,EL PASO,5,25,0,6,30,6,582,140,73,5,722,78,30,6
04/16/2020,EL PASO,2,13,0,1,15,1,595,142,74,5,737,79,15,1
04/17/2020,EL PASO,0,16,0,2,16,2,611,142,76,5,753,81,16,2
04/18/2020,EL PASO,0,10,0,0,10,0,621,142,76,5,763,81,10,0
04/19/2020,EL PASO,0,3,0,0,3,0,624,142,76,5,766,81,3,0
04/20/2020,EL PASO,0,10,0,0,10,0,634,142,76,5,776,81,10,0
04/21/2020,EL PASO,9,19,0,1,28,1,653,151,77,5,804,82,28,1
04/22/2020,EL PASO,10,9,1,1,19,2,662,161,78,6,823,84,19,2
04/23/2020,EL PASO,23,25,11,5,48,16,687,184,83,17,871,100,48,16
04/24/2020,EL PASO,7,10,3,1,17,4,697,191,84,20,888,104,17,4
04/25/2020,EL PASO,0,9,0,1,9,1,706,191,85,20,897,105,9,1
04/26/2020,EL PASO,3,7,1,2,10,3,713,194,87,21,907,108,10,3
04/27/2020,EL PASO,2,5,0,0,7,0,718,196,87,21,914,108,7,0
04/28/2020,EL PASO,4,14,0,1,18,1,732,200,88,21,932,109,18,1
04/29/2020,EL PASO,1,19,1,1,20,2,751,201,89,22,952,111,20,2
04/30/2020,EL PASO,14,14,0,0,28,0,765,215,89,22,980,111,28,0
05/01/2020,EL PASO,9,20,0,4,29,4,785,224,93,22,1009,115,29,4
05/02/2020,EL PASO,2,8,1,0,10,1,793,226,93,23,1019,116,10,1
05/03/2020,EL PASO,0,5,0,0,5,0,798,226,93,23,1024,116,5,0
05/04/2020,EL PASO,2,24,0,1,26,1,822,228,94,23,1050,117,26,1
05/05/2020,EL PASO,10,14,0,0,24,0,836,238,94,23,1074,117,24,0
05/06/2020,EL PASO,5,15,0,0,20,0,851,243,94,23,1094,117,20,0
05/07/2020,EL PASO,5,18,0,3,23,3,869,248,97,23,1117,120,23,3
05/08/2020,EL PASO,2,12,0,0,14,0,881,250,97,23,1131,120,14,0
05/09/2020,EL PASO,0,16,0,0,16,0,897,250,97,23,1147,120,16,0
05/10/2020,EL PASO,5,6,0,0,11,0,903,255,97,23,1158,120,11,0
05/11/2020,EL PASO,2,12,2,1,14,3,915,257,98,25,1172,123,14,3
05/12/2020,EL PASO,4,20,0,0,24,0,935,261,98,25,1196,123,24,0
05/13/2020,EL PASO,0,35,0,0,35,0,970,261,98,25,1231,123,35,0
05/14/2020,EL PASO,21,20,1,1,41,2,990,282,99,26,1272,125,41,2
05/15/2020,EL PASO,12,30,0,0,42,0,1020,294,99,26,1314,125,42,0
05/16/2020,EL PASO,8,17,0,2,25,2,1037,302,101,26,1339,127,25,2
05/17/2020,EL PASO,0,5,0,0,5,0,1042,302,101,26,1344,127,5,0
05/18/2020,EL PASO,5,21,0,1,26,1,1063,307,102,26,1370,128,26,1
05/19/2020,EL PASO,1,18,0,0,19,0,1081,308,102,26,1389,128,19,0
05/20/2020,EL PASO,4,43,0,2,47,2,1124,312,104,26,1436,130,47,2
05/21/2020,EL PASO,11,23,0,0,34,0,1147,323,104,26,1470,130,34,0
05/22/2020,EL PASO,11,25,0,1,36,1,1172,334,105,26,1506,131,36,1
05/23/2020,EL PASO,4,7,0,0,11,0,1179,338,105,26,1517,131,11,0
05/24/2020,EL PASO,2,33,0,8,35,8,1212,340,113,26,1552,139,35,8
05/25/2020,EL PASO,3,33,0,11,36,11,1245,343,124,26,1588,150,36,11
05/26/2020,EL PASO,2,21,0,1,23,1,1266,345,125,26,1611,151,23,1
05/27/2020,EL PASO,12,24,0,1,36,1,1290,357,126,26,1647,152,36,1
05/28/2020,EL PASO,7,20,0,1,27,1,1310,364,127,26,1674,153,27,1
05/29/2020,EL PASO,7,38,0,1,45,1,1348,371,128,26,1719,154,45,1
05/30/2020,EL PASO,4,21,0,0,25,0,1369,375,128,26,1744,154,25,0
05/31/2020,EL PASO,0,4,0,0,4,0,1373,375,128,26,1748,154,4,0
06/01/2020,EL PASO,1,15,1,1,16,2,1388,376,129,27,1764,156,16,2
06/02/2020,EL PASO,4,13,0,0,17,0,1401,380,129,27,1781,156,17,0
06/03/2020,EL PASO,0,10,0,1,10,1,1411,380,130,27,1791,157,10,1
06/04/2020,EL PASO,3,15,0,0,18,0,1426,383,130,27,1809,157,18,0
06/05/2020,EL PASO,0,16,0,0,16,0,1442,383,130,27,1825,157,16,0
06/06/2020,EL PASO,7,8,0,0,15,0,1450,390,130,27,1840,157,15,0
06/07/2020,EL PASO,0,13,0,1,13,1,1463,390,131,27,1853,158,13,1
06/08/2020,EL PASO,6,22,0,0,28,0,1485,396,131,27,1881,158,28,0
06/09/2020,EL PASO,3,9,0,1,12,1,1494,399,132,27,1893,159,12,1
06/10/2020,EL PASO,1,10,0,0,11,0,1504,400,132,27,1904,159,11,0
06/11/2020,EL PASO,0,13,0,2,13,2,1517,400,134,27,1917,161,13,2
06/12/2020,EL PASO,2,6,0,0,8,0,1523,402,134,27,1925,161,8,0
06/13/2020,EL PASO,0,6,0,0,6,0,1529,402,134,27,1931,161,6,0
06/14/2020,EL PASO,0,4,0,0,4,0,1533,402,134,27,1935,161,4,0
06/15/2020,EL PASO,9,10,0,2,19,2,1543,411,136,27,1954,163,19,2
06/16/2020,EL PASO,10,35,1,13,45,14,1578,421,149,28,1999,177,45,14
06/17/2020,EL PASO,10,16,1,1,26,2,1594,431,150,29,2025,179,26,2
06/18/2020,EL PASO,6,51,0,9,57,9,1645,437,159,29,2082,188,57,9
06/19/2020,EL PASO,2,22,0,1,24,1,1667,439,160,29,2106,189,24,1
06/20/2020,EL PASO,0,22,0,0,22,0,1689,439,160,29,2128,189,22,0
06/21/2020,EL PASO,0,7,0,0,7,0,1696,439,160,29,2135,189,7,0
06/22/2020,EL PASO,2,8,0,2,10,2,1704,441,162,29,2145,191,10,2
06/23/2020,EL PASO,13,30,0,1,43,1,1734,454,163,29,2188,192,43,1
06/24/2020,EL PASO,0,24,0,2,24,2,1758,454,165,29,2212,194,24,2
06/25/2020,EL PASO,3,53,0,0,56,0,1811,457,165,29,2268,194,56,0
06/26/2020,EL PASO,1,34,0,1,35,1,1845,458,166,29,2303,195,35,1
06/27/2020,EL PASO,6,32,0,0,38,0,1877,464,166,29,2341,195,38,0
06/28/2020,EL PASO,0,26,0,0,26,0,1903,464,166,29,2367,195,26,0
06/29/2020,EL PASO,0,16,0,0,16,0,1919,464,166,29,2383,195,16,0
06/30/2020,EL PASO,2,48,0,0,50,0,1967,466,166,29,2433,195,50,0
07/01/2020,EL PASO,0,46,0,1,46,1,2013,466,167,29,2479,196,46,1
07/02/2020,EL PASO,10,65,0,3,75,3,2078,476,170,29,2554,199,75,3
07/03/2020,EL PASO,1,54,0,3,55,3,2132,477,173,29,2609,202,55,3
07/04/2020,EL PASO,5,34,0,0,39,0,2166,482,173,29,2648,202,39,0
07/05/2020,EL PASO,1,43,0,1,44,1,2209,483,174,29,2692,203,44,1
07/06/2020,EL PASO,8,47,0,0,55,0,2256,491,174,29,2747,203,55,0
07/07/2020,EL PASO,1,33,0,2,34,2,2289,492,176,29,2781,205,34,2
07/08/2020,EL PASO,0,56,0,1,56,1,2345,492,177,29,2837,206,56,1
07/09/2020,EL PASO,0,124,0,1,124,1,2469,492,178,29,2961,207,124,1
07/10/2020,EL PASO,2,77,0,1,79,1,2546,494,179,29,3040,208,79,1
07/11/2020,EL PASO,0,63,0,0,63,0,2609,494,179,29,3103,208,63,0
07/12/2020,EL PASO,0,49,0,0,49,0,2658,494,179,29,3152,208,49,0
07/13/2020,EL PASO,9,58,0,1,67,1,2716,503,180,29,3219,209,67,1
07/14/2020,EL PASO,3,48,0,1,51,1,2764,506,181,29,3270,210,51,1
07/15/2020,EL PASO,0,98,0,0,98,0,2862,506,181,29,3368,210,98,0
07/16/2020,EL PASO,0,66,0,0,66,0,2928,506,181,29,3434,210,66,0
07/17/2020,EL PASO,1,89,0,11,90,11,3017,507,192,29,3524,221,90,11
07/18/2020,EL PASO,0,34,0,1,34,1,3051,507,193,29,3558,222,34,1
07/19/2020,EL PASO,0,90,0,2,90,2,3141,507,195,29,3648,224,90,2
07/20/2020,EL PASO,1,87,0,1,88,1,3228,508,196,29,3736,225,88,1
07/21/2020,EL PASO,0,83,0,4,83,4,3311,508,200,29,3819,229,83,4
07/22/2020,EL PASO,0,81,0,2,81,2,3392,508,202,29,3900,231,81,2
07/23/2020,EL PASO,0,106,0,2,106,2,3498,508,204,29,4006,233,106,2
07/24/2020,EL PASO,0,74,0,1,74,1,3572,508,205,29,4080,234,74,1
07/25/2020,EL PASO,0,89,0,2,89,2,3661,508,207,29,4169,236,89,2
07/26/2020,EL PASO,0,16,0,0,16,0,3677,508,207,29,4185,236,16,0
07/27/2020,EL PASO,23,117,0,0,140,0,3794,531,207,29,4325,236,140,0
07/28/2020,EL PASO,4,63,0,1,67,1,3857,535,208,29,4392,237,67,1
07/29/2020,EL PASO,1,71,0,0,72,0,3928,536,208,29,4464,237,72,0
07/30/2020,EL PASO,1,87,0,0,88,0,4015,537,208,29,4552,237,88,0
07/31/2020,EL PASO,3,73,0,0,76,0,4088,540,208,29,4628,237,76,0
08/01/2020,EL PASO,1,38,0,0,39,0,4126,541,208,29,4667,237,39,0
08/02/2020,EL PASO,0,40,0,0,40,0,4166,541,208,29,4707,237,40,0
08/03/2020,EL PASO,5,79,0,1,84,1,4245,546,209,29,4791,238,84,1
08/04/2020,EL PASO,17,74,0,0,91,0,4319,563,209,29,4882,238,91,0
08/05/2020,EL PASO,13,72,0,0,85,0,4391,576,209,29,4967,238,85,0
08/06/2020,EL PASO,10,72,0,0,82,0,4463,586,209,29,5049,238,82,0
08/07/2020,EL PASO,1,46,0,0,47,0,4509,587,209,29,5096,238,47,0
08/08/2020,EL PASO,0,43,0,0,43,0,4552,587,209,29,5139,238,43,0
08/09/2020,EL PASO,0,42,0,0,42,0,4594,587,209,29,5181,238,42,0
08/10/2020,EL PASO,10,33,0,0,43,0,4627,597,209,29,5224,238,43,0
08/11/2020,EL PASO,3,40,0,1,43,1,4667,600,210,29,5267,239,43,1
08/12/2020,EL PASO,16,80,0,0,96,0,4747,616,210,29,5363,239,96,0
08/13/2020,EL PASO,9,51,0,0,60,0,4798,625,210,29,5423,239,60,0
08/14/2020,EL PASO,0,48,0,1,48,1,4846,625,211,29,5471,240,48,1
08/15/2020,EL PASO,0,45,0,0,45,0,4891,625,211,29,5516,240,45,0
08/16/2020,EL PASO,0,29,0,0,29,0,4920,625,211,29,5545,240,29,0
08/17/2020,EL PASO,9,19,0,1,28,1,4939,634,212,29,5573,241,28,1
08/18/2020,EL PASO,15,33,0,1,48,1,4972,649,213,29,5621,242,48,1
08/19/2020,EL PASO,11,58,0,0,69,0,5030,660,213,29,5690,242,69,0
08/20/2020,EL PASO,8,40,0,0,48,0,5070,668,213,29,5738,242,48,0
08/21/2020,EL PASO,0,32,0,0,32,0,5102,668,213,29,5770,242,32,0
08/22/2020,EL PASO,1,25,0,1,26,1,5127,669,214,29,5796,243,26,1
08/23/2020,EL PASO,0,11,0,0,11,0,5138,669,214,29,5807,243,11,0
08/24/2020,EL PASO,14,21,0,0,35,0,5159,683,214,29,5842,243,35,0
08/25/2020,EL PASO,5,21,0,1,26,1,5180,688,215,29,5868,244,26,1
08/26/2020,EL PASO,1,50,0,2,51,2,5230,689,217,29,5919,246,51,2
08/27/2020,EL PASO,6,45,0,4,51,4,5275,695,221,29,5970,250,51,4
08/28/2020,EL PASO,1,40,0,2,41,2,5315,696,223,29,6011,252,41,2
08/29/2020,EL PASO,1,20,0,1,21,1,5335,697,224,29,6032,253,21,1
08/30/2020,EL PASO,0,25,0,0,25,0,5360,697,224,29,6057,253,25,0
08/31/2020,EL PASO,22,23,0,0,45,0,5383,719,224,29,6102,253,45,0
09/01/2020,EL PASO,2,20,0,0,22,0,5403,721,224,29,6124,253,22,0
09/02/2020,EL PASO,1,26,0,0,27,0,5429,722,224,29,6151,253,27,0
09/03/2020,EL PASO,10,49,1,1,59,2,5478,732,225,30,6210,255,59,2
09/04/2020,EL PASO,2,20,0,0,22,0,5498,734,225,30,6232,255,22,0
09/05/2020,EL PASO,0,20,0,0,20,0,5518,734,225,30,6252,255,20,0
09/06/2020,EL PASO,9,20,1,0,29,1,5538,743,225,31,6281,256,29,1
09/07/2020,EL PASO,3,7,0,0,10,0,5545,746,225,31,6291,256,10,0
09/08/2020,EL PASO,11,13,0,1,24,1,5558,757,226,31,6315,257,24,1
09/09/2020,EL PASO,1,27,0,1,28,1,5585,758,227,31,6343,258,28,1
09/10/2020,EL PASO,2,23,0,0,25,0,5608,760,227,31,6368,258,25,0
09/11/2020,EL PASO,1,29,0,5,30,5,5637,761,232,31,6398,263,30,5
09/12/2020,EL PASO,2,36,0,0,38,0,5673,763,232,31,6436,263,38,0
09/13/2020,EL PASO,0,30,0,0,30,0,5703,763,232,31,6466,263,30,0
09/14/2020,EL PASO,15,26,0,1,41,1,5729,778,233,31,6507,264,41,1
09/15/2020,EL PASO,21,43,0,5,64,5,5772,799,238,31,6571,269,64,5
09/16/2020,EL PASO,4,36,0,1,40,1,5808,803,239,31,6611,270,40,1
09/17/2020,EL PASO,7,33,0,0,40,0,5841,810,239,31,6651,270,40,0
09/18/2020,EL PASO,6,40,0,0,46,0,5881,816,239,31,6697,270,46,0
09/19/2020,EL PASO,0,19,0,0,19,0,5900,816,239,31,6716,270,19,0
09/20/2020,EL PASO,0,29,0,0,29,0,5929,816,239,31,6745,270,29,0
09/21/2020,EL PASO,16,28,0,0,44,0,5957,832,239,31,6789,270,44,0
09/22/2020,EL PASO,4,29,0,0,33,0,5986,836,239,31,6822,270,33,0
09/23/2020,EL PASO,10,25,0,2,35,2,6011,846,241,31,6857,272,35,2
09/24/2020,EL PASO,2,39,0,0,41,0,6050,848,241,31,6898,272,41,0
09/25/2020,EL PASO,1,45,0,1,46,1,6095,849,242,31,6944,273,46,1
09/26/2020,EL PASO,0,25,0,1,25,1,6120,849,243,31,6969,274,25,1
09/27/2020,EL PASO,0,23,0,0,23,0,6143,849,243,31,6992,274,23,0
09/28/2020,EL PASO,27,33,0,1,60,1,6176,876,244,31,7052,275,60,1
09/29/2020,EL PASO,4,31,0,1,35,1,6207,880,245,31,7087,276,35,1
09/30/2020,EL PASO,5,71,0,0,76,0,6278,885,245,31,7163,276,76,0
10/01/2020,EL PASO,15,61,0,1,76,1,6339,900,246,31,7239,277,76,1
10/02/2020,EL PASO,11,56,0,1,67,1,6395,911,247,31,7306,278,67,1
10/03/2020,EL PASO,11,46,0,0,57,0,6441,922,247,31,7363,278,57,0
10/04/2020,EL PASO,0,57,0,0,57,0,6498,922,247,31,7420,278,57,0
10/05/2020,EL PASO,10,58,0,3,68,3,6556,932,250,31,7488,281,68,3
10/06/2020,EL PASO,15,59,0,0,74,0,6615,947,250,31,7562,281,74,0
10/07/2020,EL PASO,9,128,0,1,137,1,6743,956,251,31,7699,282,137,1
10/08/2020,EL PASO,12,88,1,2,100,3,6831,968,253,32,7799,285,100,3
10/09/2020,EL PASO,0,86,0,1,86,1,6917,968,254,32,7885,286,86,1
10/10/2020,EL PASO,1,81,0,0,82,0,6998,969,254,32,7967,286,82,0
10/11/2020,EL PASO,7,45,0,0,52,0,7043,976,254,32,8019,286,52,0
10/12/2020,EL PASO,27,107,0,0,134,0,7150,1003,254,32,8153,286,134,0
10/13/2020,EL PASO,41,80,0,0,121,0,7230,1044,254,32,8274,286,121,0
10/14/2020,EL PASO,37,171,1,0,208,1,7401,1081,254,33,8482,287,208,1
10/15/2020,EL PASO,14,125,0,0,139,0,7526,1095,254,33,8621,287,139,0
10/16/2020,EL PASO,5,107,0,0,112,0,7633,1100,254,33,8733,287,112,0
10/17/2020,EL PASO,5,118,0,2,123,2,7751,1105,256,33,8856,289,123,2
10/18/2020,EL PASO,27,127,0,0,154,0,7878,1132,256,33,9010,289,154,0
10/19/2020,EL PASO,16,93,0,3,109,3,7971,1148,259,33,9119,292,109,3
10/20/2020,EL PASO,24,112,0,2,136,2,8083,1172,261,33,9255,294,136,2
10/21/2020,EL PASO,11,111,0,0,122,0,8194,1183,261,33,9377,294,122,0
10/22/2020,EL PASO,19,132,0,2,151,2,8326,1202,263,33,9528,296,151,2
10/23/2020,EL PASO,7,224,0,1,231,1,8550,1209,264,33,9759,297,231,1
10/24/2020,EL PASO,5,148,0,1,153,1,8698,1214,265,33,9912,298,153,1
10/25/2020,EL PASO,45,162,0,2,207,2,8860,1259,267,33,10119,300,207,2
10/26/2020,EL PASO,10,167,0,2,177,2,9027,1269,269,33,10296,302,177,2
10/27/2020,EL PASO,17,110,0,1,127,1,9137,1286,270,33,10423,303,127,1
10/28/2020,EL PASO,14,261,1,2,275,3,9398,1300,272,34,10698,306,275,3
10/29/2020,EL PASO,14,205,0,3,219,3,9603,1314,275,34,10917,309,219,3
10/30/2020,EL PASO,6,287,0,0,293,0,9890,1320,275,34,11210,309,293,0
10/31/2020,EL PASO,21,343,0,3,364,3,10233,1341,278,34,11574,312,364,3
11/01/2020,EL PASO,19,232,0,0,251,0,10465,1360,278,34,11825,312,251,0
11/02/2020,EL PASO,20,479,0,2,499,2,10944,1380,280,34,12324,314,499,2
11/03/2020,EL PASO,14,737,1,3,751,4,11681,1394,283,35,13075,318,751,4
11/04/2020,EL PASO,25,400,0,1,425,1,12081,1419,284,35,13500,319,425,1
11/05/2020,EL PASO,40,411,0,1,451,1,12492,1459,285,35,13951,320,451,1
11/06/2020,EL PASO,35,439,0,5,474,5,12931,1494,290,35,14425,325,474,5
11/07/2020,EL PASO,16,331,0,5,347,5,13262,1510,295,35,14772,330,347,5
11/08/2020,EL PASO,8,578,0,4,586,4,13840,1518,299,35,15358,334,586,4
11/09/2020,EL PASO,21,658,0,7,679,7,14498,1539,306,35,16037,341,679,7
11/10/2020,EL PASO,30,430,0,7,460,7,14928,1569,313,35,16497,348,460,7
11/11/2020,EL PASO,43,616,0,8,659,8,15544,1612,321,35,17156,356,659,8
11/12/2020,EL PASO,37,883,0,3,920,3,16427,1649,324,35,18076,359,920,3
11/13/2020,EL PASO,35,671,1,8,706,9,17098,1684,332,36,18782,368,706,9
11/14/2020,EL PASO,5,411,0,3,416,3,17509,1689,335,36,19198,371,416,3
11/15/2020,EL PASO,18,567,0,6,585,6,18076,1707,341,36,19783,377,585,6
11/16/2020,EL PASO,32,557,1,6,589,7,18633,1739,347,37,20372,384,589,7
11/17/2020,EL PASO,21,670,0,6,691,6,19303,1760,353,37,21063,390,691,6
11/18/2020,EL PASO,55,564,0,4,619,4,19867,1815,357,37,21682,394,619,4
11/19/2020,EL PASO,25,1024,0,10,1049,10,20891,1840,367,37,22731,404,1049,10
11/20/2020,EL PASO,20,743,0,7,763,7,21634,1860,374,37,23494,411,763,7
11/21/2020,EL PASO,8,581,0,4,589,4,22215,1868,378,37,24083,415,589,4
11/22/2020,EL PASO,11,532,0,6,543,6,22747,1879,384,37,24626,421,543,6
11/23/2020,EL PASO,42,534,0,10,576,10,23281,1921,394,37,25202,431,576,10
11/24/2020,EL PASO,21,559,0,14,580,14,23840,1942,408,37,25782,445,580,14
11/25/2020,EL PASO,12,659,0,4,671,4,24499,1954,412,37,26453,449,671,4
11/26/2020,EL PASO,15,768,1,12,783,13,25267,1969,424,38,27236,462,783,13
11/27/2020,EL PASO,3,669,0,15,672,15,25936,1972,439,38,27908,477,672,15
11/28/2020,EL PASO,3,708,0,11,711,11,26644,1975,450,38,28619,488,711,11
11/29/2020,EL PASO,4,600,0,9,604,9,27244,1979,459,38,29223,497,604,9
11/30/2020,EL PASO,33,677,0,15,710,15,27921,2012,474,38,29933,512,710,15
12/01/2020,EL PASO,33,552,0,18,585,18,28473,2045,492,38,30518,530,585,18
12/02/2020,EL PASO,15,1088,1,14,1103,15,29561,2060,506,39,31621,545,1103,15
12/03/2020,EL PASO,19,824,1,19,843,20,30385,2079,525,40,32464,565,843,20
12/04/2020,EL PASO,23,498,1,9,521,10,30883,2102,534,41,32985,575,521,10
12/05/2020,EL PASO,17,450,0,7,467,7,31333,2119,541,41,33452,582,467,7
12/06/2020,EL PASO,21,585,0,8,606,8,31918,2140,549,41,34058,590,606,8
12/07/2020,EL PASO,24,567,0,8,591,8,32485,2164,557,41,34649,598,591,8
12/08/2020,EL PASO,24,671,1,16,695,17,33156,2188,573,42,35344,615,695,17
12/09/2020,EL PASO,18,515,1,7,533,8,33671,2206,580,43,35877,623,533,8
12/10/2020,EL PASO,16,550,2,13,566,15,34221,2222,593,45,36443,638,566,15
12/11/2020,EL PASO,15,500,0,4,515,4,34721,2237,597,45,36958,642,515,4
12/12/2020,EL PASO,5,363,0,6,368,6,35084,2242,603,45,37326,648,368,6
12/13/2020,EL PASO,10,399,0,4,409,4,35483,2252,607,45,37735,652,409,4
12/14/2020,EL PASO,19,211,0,3,230,3,35694,2271,610,45,37965,655,230,3
12/15/2020,EL PASO,32,501,0,5,533,5,36195,2303,615,45,38498,660,533,5
12/16/2020,EL PASO,26,390,1,5,416,6,36585,2329,620,46,38914,666,416,6
12/17/2020,EL PASO,24,394,0,5,418,5,36979,2353,625,46,39332,671,418,5
12/18/2020,EL PASO,29,293,0,10,322,10,37272,2382,635,46,39654,681,322,10
12/19/2020,EL PASO,15,221,0,5,236,5,37493,2397,640,46,39890,686,236,5
12/20/2020,EL PASO,1,248,0,0,249,0,37741,2398,640,46,40139,686,249,0
12/21/2020,EL PASO,29,308,2,6,337,8,38049,2427,646,48,40476,694,337,8
12/22/2020,EL PASO,21,490,1,8,511,9,38539,2448,654,49,40987,703,511,9
12/23/2020,EL PASO,19,246,0,2,265,2,38785,2467,656,49,41252,705,265,2
12/24/2020,EL PASO,13,290,0,8,303,8,39075,2480,664,49,41555,713,303,8
12/25/2020,EL PASO,6,124,0,3,130,3,39199,2486,667,49,41685,716,130,3
12/26/2020,EL PASO,8,77,0,3,85,3,39276,2494,670,49,41770,719,85,3
12/27/2020,EL PASO,12,196,0,9,208,9,39472,2506,679,49,41978,728,208,9
12/28/2020,EL PASO,43,170,0,7,213,7,39642,2549,686,49,42191,735,213,7
12/29/2020,EL PASO,27,283,1,2,310,3,39925,2576,688,50,42501,738,310,3
12/30/2020,EL PASO,32,346,0,4,378,4,40271,2608,692,50,42879,742,378,4
12/31/2020,EL PASO,29,285,0,9,314,9,40556,2637,701,50,43193,751,314,9
01/01/2021,EL PASO,23,233,0,8,256,8,40789,2660,709,50,43449,759,256,8
01/02/2021,EL PASO,8,168,0,4,176,4,40957,2668,713,50,43625,763,176,4
01/03/2021,EL PASO,19,262,0,1,281,1,41219,2687,714,50,43906,764,281,1
01/04/2021,EL PASO,20,144,0,2,164,2,41363,2707,716,50,44070,766,164,2
01/05/2021,EL PASO,32,279,0,3,311,3,41642,2739,719,50,44381,769,311,3
01/06/2021,EL PASO,39,371,2,2,410,4,42013,2778,721,52,44791,773,410,4
01/07/2021,EL PASO,27,323,0,3,350,3,42336,2805,724,52,45141,776,350,3
01/08/2021,EL PASO,27,401,0,6,428,6,42737,2832,730,52,45569,782,428,6
01/09/2021,EL PASO,29,218,0,2,247,2,42955,2861,732,52,45816,784,247,2
01/10/2021,EL PASO,9,157,0,3,166,3,43112,2870,735,52,45982,787,166,3
01/11/2021,EL PASO,40,150,1,4,190,5,43262,2910,739,53,46172,792,190,5
01/12/2021,EL PASO,29,268,0,4,297,4,43530,2939,743,53,46469,796,297,4
01/13/2021,EL PASO,22,227,0,2,249,2,43757,2961,745,53,46718,798,249,2
01/14/2021,EL PASO,19,208,0,0,227,0,43965,2980,745,53,46945,798,227,0
01/15/2021,EL PASO,38,189,0,1,227,1,44154,3018,746,53,47172,799,227,1
01/16/2021,EL PASO,19,127,0,1,146,1,44281,3037,747,53,47318,800,146,1
01/17/2021,EL PASO,6,53,0,1,59,1,44334,3043,748,53,47377,801,59,1
01/18/2021,EL PASO,15,157,0,3,172,3,44491,3058,751,53,47549,804,172,3
01/19/2021,EL PASO,30,162,0,2,192,2,44653,3088,753,53,47741,806,192,2
01/20/2021,EL PASO,35,169,1,3,204,4,44822,3123,756,54,47945,810,204,4
01/21/2021,EL PASO,17,138,0,0,155,0,44960,3140,756,54,48100,810,155,0
01/22/2021,EL PASO,9,138,0,2,147,2,45098,3149,758,54,48247,812,147,2
01/23/2021,EL PASO,17,119,0,0,136,0,45217,3166,758,54,48383,812,136,0
01/24/2021,EL PASO,15,91,0,0,106,0,45308,3181,758,54,48489,812,106,0
01/25/2021,EL PASO,23,109,0,1,132,1,45417,3204,759,54,48621,813,132,1
01/26/2021,EL PASO,24,158,0,1,182,1,45575,3228,760,54,48803,814,182,1
01/27/2021,EL PASO,7,93,0,2,100,2,45668,3235,762,54,48903,816,100,2
01/28/2021,EL PASO,21,127,1,1,148,2,45795,3256,763,55,49051,818,148,2
01/29/2021,EL PASO,31,137,0,1,168,1,45932,3287,764,55,49219,819,168,1
01/30/2021,EL PASO,9,101,0,1,110,1,46033,3296,765,55,49329,820,110,1
01/31/2021,EL PASO,9,67,0,0,76,0,46100,3305,765,55,49405,820,76,0
02/01/2021,EL PASO,17,83,1,1,100,2,46183,3322,766,56,49505,822,100,2
02/02/2021,EL PASO,22,115,0,1,137,1,46298,3344,767,56,49642,823,137,1
02/03/2021,EL PASO,18,159,0,4,177,4,46457,3362,771,56,49819,827,177,4
02/04/2021,EL PASO,25,158,0,0,183,0,46615,3387,771,56,50002,827,183,0
02/05/2021,EL PASO,29,134,0,0,163,0,46749,3416,771,56,50165,827,163,0
02/06/2021,EL PASO,11,94,0,0,105,0,46843,3427,771,56,50270,827,105,0
02/07/2021,EL PASO,8,75,0,1,83,1,46918,3435,772,56,50353,828,83,1
02/08/2021,EL PASO,10,79,1,1,89,2,46997,3445,773,57,50442,830,89,2
02/09/2021,EL PASO,15,123,0,0,138,0,47120,3460,773,57,50580,830,138,0
02/10/2021,EL PASO,15,192,0,2,207,2,47312,3475,775,57,50787,832,207,2
02/11/2021,EL PASO,21,160,0,0,181,0,47472,3496,775,57,50968,832,181,0
02/12/2021,EL PASO,17,138,0,0,155,0,47610,3513,775,57,51123,832,155,0
02/13/2021,EL PASO,6,108,0,1,114,1,47718,3519,776,57,51237,833,114,1
02/14/2021,EL PASO,24,52,0,1,76,1,47770,3543,777,57,51313,834,76,1
02/15/2021,EL PASO,3,66,0,1,69,1,47836,3546,778,57,51382,835,69,1
02/16/2021,EL PASO,18,173,1,1,191,2,48009,3564,779,58,51573,837,191,2
02/17/2021,EL PASO,20,177,0,0,197,0,48186,3584,779,58,51770,837,197,0
02/18/2021,EL PASO,12,173,0,1,185,1,48359,3596,780,58,51955,838,185,1
02/19/2021,EL PASO,19,116,0,0,135,0,48475,3615,780,58,52090,838,135,0
02/20/2021,EL PASO,6,149,0,1,155,1,48624,3621,781,58,52245,839,155,1
02/21/2021,EL PASO,4,87,0,0,91,0,48711,3625,781,58,52336,839,91,0
02/22/2021,EL PASO,36,116,0,0,152,0,48827,3661,781,58,52488,839,152,0
02/23/2021,EL PASO,18,159,1,0,177,1,48986,3679,781,59,52665,840,177,1
02/24/2021,EL PASO,25,158,0,1,183,1,49144,3704,782,59,52848,841,183,1
02/25/2021,EL PASO,39,129,0,0,168,0,49273,3743,782,59,53016,841,168,0
02/26/2021,EL PASO,27,129,0,0,156,0,49402,3770,782,59,53172,841,156,0
02/27/2021,EL PASO,2,125,0,0,127,0,49527,3772,782,59,53299,841,127,0
02/28/2021,EL PASO,3,66,0,0,69,0,49593,3775,782,59,53368,841,69,0
03/01/2021,EL PASO,22,98,0,1,120,1,49691,3797,783,59,53488,842,120,1
03/02/2021,EL PASO,33,154,0,0,187,0,49845,3830,783,59,53675,842,187,0
03/03/2021,EL PASO,23,162,0,1,185,1,50007,3853,784,59,53860,843,185,1
03/04/2021,EL PASO,12,144,0,1,156,1,50151,3865,785,59,54016,844,156,1
03/05/2021,EL PASO,13,140,0,1,153,1,50291,3878,786,59,54169,845,153,1
03/06/2021,EL PASO,6,102,0,1,108,1,50393,3884,787,59,54277,846,108,1
03/07/2021,EL PASO,3,73,0,0,76,0,50466,3887,787,59,54353,846,76,0
03/08/2021,EL PASO,28,89,0,0,117,0,50555,3915,787,59,54470,846,117,0
03/09/2021,EL PASO,8,98,0,1,106,1,50653,3923,788,59,54576,847,106,1
03/10/2021,EL PASO,25,125,0,2,150,2,50778,3948,790,59,54726,849,150,2
03/11/2021,EL PASO,10,132,0,0,142,0,50910,3958,790,59,54868,849,142,0
03/12/2021,EL PASO,13,185,0,0,198,0,51095,3971,790,59,55066,849,198,0
03/13/2021,EL PASO,2,157,0,1,159,1,51252,3973,791,59,55225,850,159,1
03/14/2021,EL PASO,10,32,0,1,42,1,51284,3983,792,59,55267,851,42,1
03/15/2021,EL PASO,17,43,0,0,60,0,51327,4000,792,59,55327,851,60,0
03/16/2021,EL PASO,15,120,0,0,135,0,51447,4015,792,59,55462,851,135,0
03/17/2021,EL PASO,10,189,0,0,199,0,51636,4025,792,59,55661,851,199,0
03/18/2021,EL PASO,22,243,0,1,265,1,51879,4047,793,59,55926,852,265,1
03/19/2021,EL PASO,18,152,0,1,170,1,52031,4065,794,59,56096,853,170,1
03/20/2021,EL PASO,3,98,0,0,101,0,52129,4068,794,59,56197,853,101,0
03/21/2021,EL PASO,3,18,0,0,21,0,52147,4071,794,59,56218,853,21,0
03/22/2021,EL PASO,21,203,0,1,224,1,52350,4092,795,59,56442,854,224,1
03/23/2021,EL PASO,9,139,0,0,148,0,52489,4101,795,59,56590,854,148,0
03/24/2021,EL PASO,10,172,0,1,182,1,52661,4111,796,59,56772,855,182,1
03/25/2021,EL PASO,15,184,0,0,199,0,52845,4126,796,59,56971,855,199,0
03/26/2021,EL PASO,6,164,0,0,170,0,53009,4132,796,59,57141,855,170,0
03/27/2021,EL PASO,3,162,0,1,165,1,53171,4135,797,59,57306,856,165,1
03/28/2021,EL PASO,2,113,0,0,115,0,53284,4137,797,59,57421,856,115,0
03/29/2021,EL PASO,33,189,0,3,222,3,53473,4170,800,59,57643,859,222,3
03/30/2021,EL PASO,12,164,0,0,176,0,53637,4182,800,59,57819,859,176,0
03/31/2021,EL PASO,16,284,0,0,300,0,53921,4198,800,59,58119,859,300,0
04/01/2021,EL PASO,17,238,0,1,255,1,54159,4215,801,59,58374,860,255,1
04/02/2021,EL PASO,15,218,0,2,233,2,54377,4230,803,59,58607,862,233,2
04/03/2021,EL PASO,8,214,0,1,222,1,54591,4238,804,59,58829,863,222,1
04/04/2021,EL PASO,1,136,0,0,137,0,54727,4239,804,59,58966,863,137,0
04/05/2021,EL PASO,21,124,0,1,145,1,54851,4260,805,59,59111,864,145,1
04/06/2021,EL PASO,23,287,0,1,310,1,55138,4283,806,59,59421,865,310,1
04/07/2021,EL PASO,18,225,0,2,243,2,55363,4301,808,59,59664,867,243,2
04/08/2021,EL PASO,13,202,0,1,215,1,55565,4314,809,59,59879,868,215,1
04/09/2021,EL PASO,10,170,0,1,180,1,55735,4324,810,59,60059,869,180,1
04/10/2021,EL PASO,8,149,0,0,157,0,55884,4332,810,59,60216,869,157,0
04/11/2021,EL PASO,18,149,0,0,167,0,56033,4350,810,59,60383,869,167,0
04/12/2021,EL PASO,31,264,0,0,295,0,56297,4381,810,59,60678,869,295,0
04/13/2021,EL PASO,41,266,0,4,307,4,56563,4422,814,59,60985,873,307,4
04/14/2021,EL PASO,27,194,1,3,221,4,56757,4449,817,60,61206,877,221,4
04/15/2021,EL PASO,33,283,0,0,316,0,57040,4482,817,60,61522,877,316,0
04/16/2021,EL PASO,12,155,0,1,167,1,57195,4494,818,60,61689,878,167,1
04/17/2021,EL PASO,10,161,0,3,171,3,57356,4504,821,60,61860,881,171,3
04/18/2021,EL PASO,13,106,0,1,119,1,57462,4517,822,60,61979,882,119,1
04/19/2021,EL PASO,58,323,0,3,381,3,57785,4575,825,60,62360,885,381,3
04/20/2021,EL PASO,26,196,0,0,222,0,57981,4601,825,60,62582,885,222,0
04/21/2021,EL PASO,22,350,2,0,372,2,58331,4623,825,62,62954,887,372,2
04/22/2021,EL PASO,23,242,0,2,265,2,58573,4646,827,62,63219,889,265,2
04/23/2021,EL PASO,20,211,1,1,231,2,58784,4666,828,63,63450,891,231,2
04/24/2021,EL PASO,8,272,0,1,280,1,59056,4674,829,63,63730,892,280,1
04/25/2021,EL PASO,15,192,0,2,207,2,59248,4689,831,63,63937,894,207,2
04/26/2021,EL PASO,33,221,0,2,254,2,59469,4722,833,63,64191,896,254,2
04/27/2021,EL PASO,25,271,0,0,296,0,59740,4747,833,63,64487,896,296,0
04/28/2021,EL PASO,37,311,1,0,348,1,60051,4784,833,64,64835,897,348,1
04/29/2021,EL PASO,24,287,0,3,311,3,60338,4808,836,64,65146,900,311,3
04/30/2021,EL PASO,21,270,0,1,291,1,60608,4829,837,64,65437,901,291,1
05/01/2021,EL PASO,38,215,0,1,253,1,60823,4867,838,64,65690,902,253,1
05/02/2021,EL PASO,16,170,0,2,186,2,60993,4883,840,64,65876,904,186,2
05/03/2021,EL PASO,41,223,0,3,264,3,61216,4924,843,64,66140,907,264,3
05/04/2021,EL PASO,27,259,0,1,286,1,61475,4951,844,64,66426,908,286,1
05/05/2021,EL PASO,18,218,1,2,236,3,61693,4969,846,65,66662,911,236,3
05/06/2021,EL PASO,15,248,0,0,263,0,61941,4984,846,65,66925,911,263,0
05/07/2021,EL PASO,17,245,0,1,262,1,62186,5001,847,65,67187,912,262,1
05/08/2021,EL PASO,21,230,0,5,251,5,62416,5022,852,65,67438,917,251,5
05/09/2021,EL PASO,3,205,0,1,208,1,62621,5025,853,65,67646,918,208,1
05/10/2021,EL PASO,17,154,0,1,171,1,62775,5042,854,65,67817,919,171,1
05/11/2021,EL PASO,35,236,1,1,271,2,63011,5077,855,66,68088,921,271,2
05/12/2021,EL PASO,21,345,0,3,366,3,63356,5098,858,66,68454,924,366,3
05/13/2021,EL PASO,15,227,0,2,242,2,63583,5113,860,66,68696,926,242,2
05/14/2021,EL PASO,10,160,0,1,170,1,63743,5123,861,66,68866,927,170,1
05/15/2021,EL PASO,8,106,0,0,114,0,63849,5131,861,66,68980,927,114,0
05/16/2021,EL PASO,17,192,0,2,209,2,64041,5148,863,66,69189,929,209,2
05/17/2021,EL PASO,26,113,0,1,139,1,64154,5174,864,66,69328,930,139,1
05/18/2021,EL PASO,21,211,0,6,232,6,64365,5195,870,66,69560,936,232,6
05/19/2021,EL PASO,41,133,0,0,174,0,64498,5236,870,66,69734,936,174,0
05/20/2021,EL PASO,30,131,0,0,161,0,64629,5266,870,66,69895,936,161,0
05/21/2021,EL PASO,39,143,0,1,182,1,64772,5305,871,66,70077,937,182,1
05/22/2021,EL PASO,5,117,0,1,122,1,64889,5310,872,66,70199,938,122,1
05/23/2021,EL PASO,18,68,0,1,86,1,64957,5328,873,66,70285,939,86,1
05/24/2021,EL PASO,32,483,0,2,515,2,65440,5360,875,66,70800,941,515,2
05/25/2021,EL PASO,22,154,0,1,176,1,65594,5382,876,66,70976,942,176,1
05/26/2021,EL PASO,9,176,0,1,185,1,65770,5391,877,66,71161,943,185,1
05/27/2021,EL PASO,17,154,0,0,171,0,65924,5408,877,66,71332,943,171,0
05/28/2021,EL PASO,4,112,1,3,116,4,66036,5412,880,67,71448,947,116,4
05/29/2021,EL PASO,1,93,0,1,94,1,66129,5413,881,67,71542,948,94,1
05/30/2021,EL PASO,3,55,0,0,58,0,66184,5416,881,67,71600,948,58,0
05/31/2021,EL PASO,10,61,0,2,71,2,66245,5426,883,67,71671,950,71,2
06/01/2021,EL PASO,19,71,0,1,90,1,66316,5445,884,67,71761,951,90,1
06/02/2021,EL PASO,37,151,0,2,188,2,66467,5482,886,67,71949,953,188,2
06/03/2021,EL PASO,16,130,0,2,146,2,66597,5498,888,67,72095,955,146,2
06/04/2021,EL PASO,13,110,0,0,123,0,66707,5511,888,67,72218,955,123,0
06/05/2021,EL PASO,2,75,0,2,77,2,66782,5513,890,67,72295,957,77,2
06/06/2021,EL PASO,5,86,0,1,91,1,66868,5518,891,67,72386,958,91,1
06/07/2021,EL PASO,19,100,0,0,119,0,66968,5537,891,67,72505,958,119,0
06/08/2021,EL PASO,16,80,0,2,96,2,67048,5553,893,67,72601,960,96,2
06/09/2021,EL PASO,10,93,0,0,103,0,67141,5563,893,67,72704,960,103,0
06/10/2021,EL PASO,8,85,1,0,93,1,67226,5571,893,68,72797,961,93,1
06/11/2021,EL PASO,33,68,1,0,101,1,67294,5604,893,69,72898,962,101,1
06/12/2021,EL PASO,22,76,0,0,98,0,67370,5626,893,69,72996,962,98,0
06/13/2021,EL PASO,3,38,0,0,41,0,67408,5629,893,69,73037,962,41,0
06/14/2021,EL PASO,7,65,1,1,72,2,67473,5636,894,70,73109,964,72,2
06/15/2021,EL PASO,27,65,1,3,92,4,67538,5663,897,71,73201,968,92,4
06/16/2021,EL PASO,16,63,0,1,79,1,67601,5679,898,71,73280,969,79,1
06/17/2021,EL PASO,6,74,0,1,80,1,67675,5685,899,71,73360,970,80,1
06/18/2021,EL PASO,13,49,0,0,62,0,67724,5698,899,71,73422,970,62,0
06/19/2021,EL PASO,8,50,0,0,58,0,67774,5706,899,71,73480,970,58,0
06/20/2021,EL PASO,1,34,0,0,35,0,67808,5707,899,71,73515,970,35,0
06/21/2021,EL PASO,4,50,0,0,54,0,67858,5711,899,71,73569,970,54,0
06/22/2021,EL PASO,15,50,0,0,65,0,67908,5726,899,71,73634,970,65,0
06/23/2021,EL PASO,7,75,0,1,82,1,67983,5733,900,71,73716,971,82,1
06/24/2021,EL PASO,31,58,0,1,89,1,68041,5764,901,71,73805,972,89,1
06/25/2021,EL PASO,4,59,0,1,63,1,68100,5768,902,71,73868,973,63,1
06/26/2021,EL PASO,4,35,0,0,39,0,68135,5772,902,71,73907,973,39,0
06/27/2021,EL PASO,0,52,0,1,52,1,68187,5772,903,71,73959,974,52,1
06/28/2021,EL PASO,2,52,0,0,54,0,68239,5774,903,71,74013,974,54,0
06/29/2021,EL PASO,16,53,0,1,69,1,68292,5790,904,71,74082,975,69,1
06/30/2021,EL PASO,20,71,0,1,91,1,68363,5810,905,71,74173,976,91,1
07/01/2021,EL PASO,11,56,0,2,67,2,68419,5821,907,71,74240,978,67,2
07/02/2021,EL PASO,9,65,0,1,74,1,68484,5830,908,71,74314,979,74,1
07/03/2021,EL PASO,6,46,0,0,52,0,68530,5836,908,71,74366,979,52,0
07/04/2021,EL PASO,4,28,0,1,32,1,68558,5840,909,71,74398,980,32,1
07/05/2021,EL PASO,7,45,0,1,52,1,68603,5847,910,71,74450,981,52,1
07/06/2021,EL PASO,8,79,0,1,87,1,68682,5855,911,71,74537,982,87,1
07/07/2021,EL PASO,13,80,0,1,93,1,68762,5868,912,71,74630,983,93,1
07/08/2021,EL PASO,8,90,0,1,98,1,68852,5876,913,71,74728,984,98,1
07/09/2021,EL PASO,10,66,0,1,76,1,68918,5886,914,71,74804,985,76,1
07/10/2021,EL PASO,3,61,0,0,64,0,68979,5889,914,71,74868,985,64,0
07/11/2021,EL PASO,5,44,0,1,49,1,69023,5894,915,71,74917,986,49,1
07/12/2021,EL PASO,13,92,0,2,105,2,69115,5907,917,71,75022,988,105,2
07/13/2021,EL PASO,11,67,0,1,78,1,69182,5918,918,71,75100,989,78,1
07/14/2021,EL PASO,18,66,0,2,84,2,69248,5936,920,71,75184,991,84,2
07/15/2021,EL PASO,3,78,0,0,81,0,69326,5939,920,71,75265,991,81,0
07/16/2021,EL PASO,10,73,0,1,83,1,69399,5949,921,71,75348,992,83,1
07/17/2021,EL PASO,11,47,0,0,58,0,69446,5960,921,71,75406,992,58,0
07/18/2021,EL PASO,3,94,0,1,97,1,69540,5963,922,71,75503,993,97,1
07/19/2021,EL PASO,25,82,0,1,107,1,69622,5988,923,71,75610,994,107,1
07/20/2021,EL PASO,12,94,0,3,106,3,69716,6000,926,71,75716,997,106,3
07/21/2021,EL PASO,21,112,0,1,133,1,69828,6021,927,71,75849,998,133,1
07/22/2021,EL PASO,14,90,0,1,104,1,69918,6035,928,71,75953,999,104,1
07/23/2021,EL PASO,15,120,0,3,135,3,70038,6050,931,71,76088,1002,135,3
07/24/2021,EL PASO,3,83,0,0,86,0,70121,6053,931,71,76174,1002,86,0
07/25/2021,EL PASO,7,78,0,1,85,1,70199,6060,932,71,76259,1003,85,1
07/26/2021,EL PASO,21,117,0,0,138,0,70316,6081,932,71,76397,1003,138,0
07/27/2021,EL PASO,17,113,0,2,130,2,70429,6098,934,71,76527,1005,130,2
07/28/2021,EL PASO,19,191,1,1,210,2,70620,6117,935,72,76737,1007,210,2
07/29/2021,EL PASO,13,149,0,1,162,1,70769,6130,936,72,76899,1008,162,1
07/30/2021,EL PASO,22,127,0,4,149,4,70896,6152,940,72,77048,1012,149,4
07/31/2021,EL PASO,10,96,0,0,106,0,70992,6162,940,72,77154,1012,106,0
08/01/2021,EL PASO,6,88,0,2,94,2,71080,6168,942,72,77248,1014,94,2
08/02/2021,EL PASO,18,96,0,3,114,3,71176,6186,945,72,77362,1017,114,3
08/03/2021,EL PASO,26,193,1,2,219,3,71369,6212,947,73,77581,1020,219,3
08/04/2021,EL PASO,16,156,0,0,172,0,71525,6228,947,73,77753,1020,172,0
08/05/2021,EL PASO,24,149,0,3,173,3,71674,6252,950,73,77926,1023,173,3
08/06/2021,EL PASO,14,122,0,1,136,1,71796,6266,951,73,78062,1024,136,1
08/07/2021,EL PASO,10,139,0,2,149,2,71935,6276,953,73,78211,1026,149,2
08/08/2021,EL PASO,0,99,0,0,99,0,72034,6276,953,73,78310,1026,99,0
08/09/2021,EL PASO,15,128,0,1,143,1,72162,6291,954,73,78453,1027,143,1
08/10/2021,EL PASO,18,224,0,1,242,1,72386,6309,955,73,78695,1028,242,1
08/11/2021,EL PASO,22,203,0,1,225,1,72589,6331,956,73,78920,1029,225,1
08/12/2021,EL PASO,10,173,1,0,183,1,72762,6341,956,74,79103,1030,183,1
08/13/2021,EL PASO,4,174,0,4,178,4,72936,6345,960,74,79281,1034,178,4
08/14/2021,EL PASO,11,99,0,0,110,0,73035,6356,960,74,79391,1034,110,0
08/15/2021,EL PASO,10,136,0,2,146,2,73171,6366,962,74,79537,1036,146,2
08/16/2021,EL PASO,21,161,0,3,182,3,73332,6387,965,74,79719,1039,182,3
08/17/2021,EL PASO,21,219,0,1,240,1,73551,6408,966,74,79959,1040,240,1
08/18/2021,EL PASO,17,197,0,0,214,0,73748,6425,966,74,80173,1040,214,0
08/19/2021,EL PASO,35,192,0,1,227,1,73940,6460,967,74,80400,1041,227,1
08/20/2021,EL PASO,21,234,0,5,255,5,74174,6481,972,74,80655,1046,255,5
08/21/2021,EL PASO,13,186,0,2,199,2,74360,6494,974,74,80854,1048,199,2
08/22/2021,EL PASO,10,103,0,2,113,2,74463,6504,976,74,80967,1050,113,2
08/23/2021,EL PASO,34,145,0,1,179,1,74608,6538,977,74,81146,1051,179,1
08/24/2021,EL PASO,25,261,0,1,286,1,74869,6563,978,74,81432,1052,286,1
08/25/2021,EL PASO,37,238,0,2,275,2,75107,6600,980,74,81707,1054,275,2
08/26/2021,EL PASO,25,304,0,2,329,2,75411,6625,982,74,82036,1056,329,2
08/27/2021,EL PASO,18,225,0,0,243,0,75636,6643,982,74,82279,1056,243,0
08/28/2021,EL PASO,16,55,0,0,71,0,75691,6659,982,74,82350,1056,71,0
08/29/2021,EL PASO,12,249,0,2,261,2,75940,6671,984,74,82611,1058,261,2
08/30/2021,EL PASO,42,408,0,7,450,7,76348,6713,991,74,83061,1065,450,7
08/31/2021,EL PASO,54,296,0,3,350,3,76644,6767,994,74,83411,1068,350,3
09/01/2021,EL PASO,39,286,0,2,325,2,76930,6806,996,74,83736,1070,325,2
09/02/2021,EL PASO,50,323,1,3,373,4,77253,6856,999,75,84109,1074,373,4
09/03/2021,EL PASO,43,250,0,2,293,2,77503,6899,1001,75,84402,1076,293,2
09/04/2021,EL PASO,18,275,0,0,293,0,77778,6917,1001,75,84695,1076,293,0
09/05/2021,EL PASO,18,232,1,1,250,2,78010,6935,1002,76,84945,1078,250,2
09/06/2021,EL PASO,19,173,0,2,192,2,78183,6954,1004,76,85137,1080,192,2
09/07/2021,EL PASO,36,240,0,0,276,0,78423,6990,1004,76,85413,1080,276,0
09/08/2021,EL PASO,62,294,2,4,356,6,78717,7052,1008,78,85769,1086,356,6
09/09/2021,EL PASO,57,316,0,2,373,2,79033,7109,1010,78,86142,1088,373,2
09/10/2021,EL PASO,50,381,0,3,431,3,79414,7159,1013,78,86573,1091,431,3
09/11/2021,EL PASO,19,281,0,0,300,0,79695,7178,1013,78,86873,1091,300,0
09/12/2021,EL PASO,14,250,0,1,264,1,79945,7192,1014,78,87137,1092,264,1
09/13/2021,EL PASO,39,296,0,4,335,4,80241,7231,1018,78,87472,1096,335,4
09/14/2021,EL PASO,34,300,1,4,334,5,80541,7265,1022,79,87806,1101,334,5
09/15/2021,EL PASO,41,312,0,2,353,2,80853,7306,1024,79,88159,1103,353,2
09/16/2021,EL PASO,37,328,0,3,365,3,81181,7343,1027,79,88524,1106,365,3
09/17/2021,EL PASO,39,316,0,3,355,3,81497,7382,1030,79,88879,1109,355,3
09/18/2021,EL PASO,10,281,0,0,291,0,81778,7392,1030,79,89170,1109,291,0
09/19/2021,EL PASO,16,216,0,4,232,4,81994,7408,1034,79,89402,1113,232,4
09/20/2021,EL PASO,61,280,0,5,341,5,82274,7469,1039,79,89743,1118,341,5
09/21/2021,EL PASO,53,215,0,6,268,6,82489,7522,1045,79,90011,1124,268,6
09/22/2021,EL PASO,22,350,1,3,372,4,82839,7544,1048,80,90383,1128,372,4
09/23/2021,EL PASO,43,293,0,7,336,7,83132,7587,1055,80,90719,1135,336,7
09/24/2021,EL PASO,31,303,1,8,334,9,83435,7618,1063,81,91053,1144,334,9
09/25/2021,EL PASO,30,223,0,5,253,5,83658,7648,1068,81,91306,1149,253,5
09/26/2021,EL PASO,12,171,0,3,183,3,83829,7660,1071,81,91489,1152,183,3
09/27/2021,EL PASO,45,331,0,4,376,4,84160,7705,1075,81,91865,1156,376,4
09/28/2021,EL PASO,76,238,1,1,314,2,84398,7781,1076,82,92179,1158,314,2
09/29/2021,EL PASO,40,436,1,4,476,5,84834,7821,1080,83,92655,1163,476,5
09/30/2021,EL PASO,48,304,0,3,352,3,85138,7869,1083,83,93007,1166,352,3
10/01/2021,EL PASO,27,365,0,7,392,7,85503,7896,1090,83,93399,1173,392,7
10/02/2021,EL PASO,13,284,0,4,297,4,85787,7909,1094,83,93696,1177,297,4
10/03/2021,EL PASO,12,223,0,4,235,4,86010,7921,1098,83,93931,1181,235,4
10/04/2021,EL PASO,32,298,0,2,330,2,86308,7953,1100,83,94261,1183,330,2
10/05/2021,EL PASO,68,233,0,1,301,1,86541,8021,1101,83,94562,1184,301,1
10/06/2021,EL PASO,59,441,0,6,500,6,86982,8080,1107,83,95062,1190,500,6
10/07/2021,EL PASO,41,420,0,2,461,2,87402,8121,1109,83,95523,1192,461,2
10/08/2021,EL PASO,39,362,1,4,401,5,87764,8160,1113,84,95924,1197,401,5
10/09/2021,EL PASO,12,235,0,2,247,2,87999,8172,1115,84,96171,1199,247,2
10/10/2021,EL PASO,11,278,0,3,289,3,88277,8183,1118,84,96460,1202,289,3
10/11/2021,EL PASO,36,206,1,5,242,6,88483,8219,1123,85,96702,1208,242,6
10/12/2021,EL PASO,37,219,0,3,256,3,88702,8256,1126,85,96958,1211,256,3
10/13/2021,EL PASO,54,446,0,3,500,3,89148,8310,1129,85,97458,1214,500,3
10/14/2021,EL PASO,35,303,0,5,338,5,89451,8345,1134,85,97796,1219,338,5
10/15/2021,EL PASO,58,330,0,3,388,3,89781,8403,1137,85,98184,1222,388,3
10/16/2021,EL PASO,25,256,0,5,281,5,90037,8428,1142,85,98465,1227,281,5
10/17/2021,EL PASO,8,289,0,4,297,4,90326,8436,1146,85,98762,1231,297,4
10/18/2021,EL PASO,43,269,0,7,312,7,90595,8479,1153,85,99074,1238,312,7
10/19/2021,EL PASO,51,249,3,1,300,4,90844,8530,1154,88,99374,1242,300,4
10/20/2021,EL PASO,85,442,0,4,527,4,91286,8615,1158,88,99901,1246,527,4
10/21/2021,EL PASO,43,336,0,8,379,8,91622,8658,1166,88,100280,1254,379,8
10/22/2021,EL PASO,54,349,2,6,403,8,91971,8712,1172,90,100683,1262,403,8
10/23/2021,EL PASO,5,229,0,3,234,3,92200,8717,1175,90,100917,1265,234,3
10/24/2021,EL PASO,17,282,0,4,299,4,92482,8734,1179,90,101216,1269,299,4
10/25/2021,EL PASO,98,308,0,3,406,3,92790,8832,1182,90,101622,1272,406,3
10/26/2021,EL PASO,73,410,1,6,483,7,93200,8905,1188,91,102105,1279,483,7
10/27/2021,EL PASO,57,532,0,2,589,2,93732,8962,1190,91,102694,1281,589,2
10/28/2021,EL PASO,67,423,1,4,490,5,94155,9029,1194,92,103184,1286,490,5
10/29/2021,EL PASO,38,361,0,8,399,8,94516,9067,1202,92,103583,1294,399,8
10/30/2021,EL PASO,36,319,0,3,355,3,94835,9103,1205,92,103938,1297,355,3
10/31/2021,EL PASO,7,245,0,3,252,3,95080,9110,1208,92,104190,1300,252,3
11/01/2021,EL PASO,65,317,0,3,382,3,95397,9175,1211,92,104572,1303,382,3
11/02/2021,EL PASO,82,337,0,1,419,1,95734,9257,1212,92,104991,1304,419,1
11/03/2021,EL PASO,46,546,1,7,592,8,96280,9303,1219,93,105583,1312,592,8
11/04/2021,EL PASO,60,424,1,3,484,4,96704,9363,1222,94,106067,1316,484,4
11/05/2021,EL PASO,68,376,0,5,444,5,97080,9431,1227,94,106511,1321,444,5
11/06/2021,EL PASO,34,363,0,3,397,3,97443,9465,1230,94,106908,1324,397,3
11/07/2021,EL PASO,14,310,0,1,324,1,97753,9479,1231,94,107232,1325,324,1
11/08/2021,EL PASO,50,298,0,2,348,2,98051,9529,1233,94,107580,1327,348,2
11/09/2021,EL PASO,71,527,1,7,598,8,98578,9600,1240,95,108178,1335,598,8
11/10/2021,EL PASO,45,470,0,3,515,3,99048,9645,1243,95,108693,1338,515,3
11/11/2021,EL PASO,31,403,0,4,434,4,99451,9676,1247,95,109127,1342,434,4
11/12/2021,EL PASO,62,341,0,6,403,6,99792,9738,1253,95,109530,1348,403,6
11/13/2021,EL PASO,9,352,0,8,361,8,100144,9747,1261,95,109891,1356,361,8
11/14/2021,EL PASO,7,226,0,4,233,4,100370,9754,1265,95,110124,1360,233,4
11/15/2021,EL PASO,40,410,2,3,450,5,100780,9794,1268,97,110574,1365,450,5
11/16/2021,EL PASO,87,460,1,5,547,6,101240,9881,1273,98,111121,1371,547,6
11/17/2021,EL PASO,31,499,0,3,530,3,101739,9912,1276,98,111651,1374,530,3
11/18/2021,EL PASO,79,402,0,3,481,3,102141,9991,1279,98,112132,1377,481,3
11/19/2021,EL PASO,38,312,0,3,350,3,102453,10029,1282,98,112482,1380,350,3
11/20/2021,EL PASO,17,234,0,3,251,3,102687,10046,1285,98,112733,1383,251,3
11/21/2021,EL PASO,16,273,0,2,289,2,102960,10062,1287,98,113022,1385,289,2
11/22/2021,EL PASO,36,375,1,3,411,4,103335,10098,1290,99,113433,1389,411,4
11/23/2021,EL PASO,54,320,0,7,374,7,103655,10152,1297,99,113807,1396,374,7
11/24/2021,EL PASO,45,357,2,5,402,7,104012,10197,1302,101,114209,1403,402,7
11/25/2021,EL PASO,1,182,0,1,183,1,104194,10198,1303,101,114392,1404,183,1
11/26/2021,EL PASO,19,140,0,10,159,10,104334,10217,1313,101,114551,1414,159,10
11/27/2021,EL PASO,14,337,0,7,351,7,104671,10231,1320,101,114902,1421,351,7
11/28/2021,EL PASO,14,163,0,6,177,6,104834,10245,1326,101,115079,1427,177,6
11/29/2021,EL PASO,18,384,0,5,402,5,105218,10263,1331,101,115481,1432,402,5
11/30/2021,EL PASO,78,440,1,5,518,6,105658,10341,1336,102,115999,1438,518,6
12/01/2021,EL PASO,53,385,1,2,438,3,106043,10394,1338,103,116437,1441,438,3
12/02/2021,EL PASO,34,377,1,6,411,7,106420,10428,1344,104,116848,1448,411,7
12/03/2021,EL PASO,24,298,0,6,322,6,106718,10452,1350,104,117170,1454,322,6
12/04/2021,EL PASO,18,182,0,1,200,1,106900,10470,1351,104,117370,1455,200,1
12/05/2021,EL PASO,5,167,0,1,172,1,107067,10475,1352,104,117542,1456,172,1
12/06/2021,EL PASO,39,397,1,4,436,5,107464,10514,1356,105,117978,1461,436,5
12/07/2021,EL PASO,33,268,0,8,301,8,107732,10547,1364,105,118279,1469,301,8
12/08/2021,EL PASO,32,313,0,5,345,5,108045,10579,1369,105,118624,1474,345,5
12/09/2021,EL PASO,24,259,1,3,283,4,108304,10603,1372,106,118907,1478,283,4
12/10/2021,EL PASO,27,211,0,4,238,4,108515,10630,1376,106,119145,1482,238,4
12/11/2021,EL PASO,10,157,0,1,167,1,108672,10640,1377,106,119312,1483,167,1
12/12/2021,EL PASO,8,84,0,0,92,0,108756,10648,1377,106,119404,1483,92,0
12/13/2021,EL PASO,13,263,0,3,276,3,109019,10661,1380,106,119680,1486,276,3
12/14/2021,EL PASO,40,219,2,3,259,5,109238,10701,1383,108,119939,1491,259,5
12/15/2021,EL PASO,27,282,1,6,309,7,109520,10728,1389,109,120248,1498,309,7
12/16/2021,EL PASO,38,168,0,1,206,1,109688,10766,1390,109,120454,1499,206,1
12/17/2021,EL PASO,12,177,0,6,189,6,109865,10778,1396,109,120643,1505,189,6
12/18/2021,EL PASO,7,204,0,2,211,2,110069,10785,1398,109,120854,1507,211,2
12/19/2021,EL PASO,8,147,3,5,155,8,110216,10793,1403,112,121009,1515,155,8
12/20/2021,EL PASO,22,238,1,5,260,6,110454,10815,1408,113,121269,1521,260,6
12/21/2021,EL PASO,40,405,0,2,445,2,110859,10855,1410,113,121714,1523,445,2
12/22/2021,EL PASO,21,295,1,0,316,1,111154,10876,1410,114,122030,1524,316,1
12/23/2021,EL PASO,57,366,1,5,423,6,111520,10933,1415,115,122453,1530,423,6
12/24/2021,EL PASO,16,449,0,1,465,1,111969,10949,1416,115,122918,1531,465,1
12/25/2021,EL PASO,15,451,0,1,466,1,112420,10964,1417,115,123384,1532,466,1
12/26/2021,EL PASO,18,145,0,4,163,4,112565,10982,1421,115,123547,1536,163,4
12/27/2021,EL PASO,47,408,1,1,455,2,112973,11029,1422,116,124002,1538,455,2
12/28/2021,EL PASO,160,691,0,2,851,2,113664,11189,1424,116,124853,1540,851,2
12/29/2021,EL PASO,104,1059,1,6,1163,7,114723,11293,1430,117,126016,1547,1163,7
12/30/2021,EL PASO,74,1078,3,2,1152,5,115801,11367,1432,120,127168,1552,1152,5
12/31/2021,EL PASO,57,1059,1,0,1116,1,116860,11424,1432,121,128284,1553,1116,1
01/01/2022,EL PASO,39,710,0,2,749,2,117570,11463,1434,121,129033,1555,749,2
01/02/2022,EL PASO,39,965,0,3,1004,3,118535,11502,1437,121,130037,1558,1004,3
01/03/2022,EL PASO,155,902,2,1,1057,3,119437,11657,1438,123,131094,1561,1057,3
01/04/2022,EL PASO,152,1869,1,2,2021,3,121306,11809,1440,124,133115,1564,2021,3
01/05/2022,EL PASO,147,2085,1,5,2232,6,123391,11956,1445,125,135347,1570,2232,6
01/06/2022,EL PASO,128,1550,1,5,1678,6,124941,12084,1450,126,137025,1576,1678,6
01/07/2022,EL PASO,123,1826,0,6,1949,6,126767,12207,1456,126,138974,1582,1949,6
01/08/2022,EL PASO,57,1499,0,6,1556,6,128266,12264,1462,126,140530,1588,1556,6
01/09/2022,EL PASO,31,985,0,3,1016,3,129251,12295,1465,126,141546,1591,1016,3
01/10/2022,EL PASO,195,2186,0,3,2381,3,131437,12490,1468,126,143927,1594,2381,3
01/11/2022,EL PASO,139,1794,0,7,1933,7,133231,12629,1475,126,145860,1601,1933,7
01/12/2022,EL PASO,206,1856,1,4,2062,5,135087,12835,1479,127,147922,1606,2062,5
01/13/2022,EL PASO,130,1946,0,8,2076,8,137033,12965,1487,127,149998,1614,2076,8
01/14/2022,EL PASO,158,2266,1,8,2424,9,139299,13123,1495,128,152422,1623,2424,9
01/15/2022,EL PASO,73,1087,0,4,1160,4,140386,13196,1499,128,153582,1627,1160,4
01/16/2022,EL PASO,42,947,1,0,989,1,141333,13238,1499,129,154571,1628,989,1
01/17/2022,EL PASO,79,1524,0,2,1603,2,142857,13317,1501,129,156174,1630,1603,2
01/18/2022,EL PASO,100,1323,0,3,1423,3,144180,13417,1504,129,157597,1633,1423,3
01/19/2022,EL PASO,185,2210,0,2,2395,2,146390,13602,1506,129,159992,1635,2395,2
01/20/2022,EL PASO,77,1744,1,5,1821,6,148134,13679,1511,130,161813,1641,1821,6
01/21/2022,EL PASO,250,1597,0,2,1847,2,149731,13929,1513,130,163660,1643,1847,2
01/22/2022,EL PASO,46,1185,0,5,1231,5,150916,13975,1518,130,164891,1648,1231,5
01/23/2022,EL PASO,22,1242,0,3,1264,3,152158,13997,1521,130,166155,1651,1264,3
01/24/2022,EL PASO,161,1119,2,5,1280,7,153277,14158,1526,132,167435,1658,1280,7
01/25/2022,EL PASO,106,822,0,3,928,3,154099,14264,1529,132,168363,1661,928,3
01/26/2022,EL PASO,134,1552,0,3,1686,3,155651,14398,1532,132,170049,1664,1686,3
01/27/2022,EL PASO,115,1254,0,0,1369,0,156905,14513,1532,132,171418,1664,1369,0
01/28/2022,EL PASO,108,781,0,2,889,2,157686,14621,1534,132,172307,1666,889,2
01/29/2022,EL PASO,40,562,0,1,602,1,158248,14661,1535,132,172909,1667,602,1
01/30/2022,EL PASO,23,596,0,1,619,1,158844,14684,1536,132,173528,1668,619,1
01/31/2022,EL PASO,100,553,2,3,653,5,159397,14784,1539,134,174181,1673,653,5
02/01/2022,EL PASO,94,476,0,3,570,3,159873,14878,1542,134,174751,1676,570,3
02/02/2022,EL PASO,80,642,0,1,722,1,160515,14958,1543,134,175473,1677,722,1
02/03/2022,EL PASO,79,320,0,0,399,0,160835,15037,1543,134,175872,1677,399,0
02/04/2022,EL PASO,87,400,1,1,487,2,161235,15124,1544,135,176359,1679,487,2
02/05/2022,EL PASO,18,350,2,2,368,4,161585,15142,1546,137,176727,1683,368,4
02/06/2022,EL PASO,5,209,0,0,214,0,161794,15147,1546,137,176941,1683,214,0
02/07/2022,EL PASO,76,266,0,0,342,0,162060,15223,1546,137,177283,1683,342,0
02/08/2022,EL PASO,109,393,0,0,502,0,162453,15332,1546,137,177785,1683,502,0
02/09/2022,EL PASO,38,292,1,1,330,2,162745,15370,1547,138,178115,1685,330,2
02/10/2022,EL PASO,45,258,1,0,303,1,163003,15415,1547,139,178418,1686,303,1
02/11/2022,EL PASO,95,239,0,0,334,0,163242,15510,1547,139,178752,1686,334,0
02/12/2022,EL PASO,18,120,0,0,138,0,163362,15528,1547,139,178890,1686,138,0
02/13/2022,EL PASO,5,81,0,0,86,0,163443,15533,1547,139,178976,1686,86,0
02/14/2022,EL PASO,83,125,0,0,208,0,163568,15616,1547,139,179184,1686,208,0
02/15/2022,EL PASO,42,215,0,0,257,0,163783,15658,1547,139,179441,1686,257,0
02/16/2022,EL PASO,21,173,1,0,194,1,163956,15679,1547,140,179635,1687,194,1
02/17/2022,EL PASO,19,149,0,0,168,0,164105,15698,1547,140,179803,1687,168,0
02/18/2022,EL PASO,42,135,0,1,177,1,164240,15740,1548,140,179980,1688,177,1
02/19/2022,EL PASO,13,77,0,0,90,0,164317,15753,1548,140,180070,1688,90,0
02/20/2022,EL PASO,1,45,0,0,46,0,164362,15754,1548,140,180116,1688,46,0
02/21/2022,EL PASO,8,68,0,0,76,0,164430,15762,1548,140,180192,1688,76,0
02/22/2022,EL PASO,40,112,3,1,152,4,164542,15802,1549,143,180344,1692,152,4
02/23/2022,EL PASO,13,125,0,0,138,0,164667,15815,1549,143,180482,1692,138,0
02/24/2022,EL PASO,25,77,0,1,102,1,164744,15840,1550,143,180584,1693,102,1
02/25/2022,EL PASO,21,81,0,0,102,0,164825,15861,1550,143,180686,1693,102,0
02/26/2022,EL PASO,4,55,0,0,59,0,164880,15865,1550,143,180745,1693,59,0
02/27/2022,EL PASO,7,27,0,0,34,0,164907,15872,1550,143,180779,1693,34,0
02/28/2022,EL PASO,33,38,0,0,71,0,164945,15905,1550,143,180850,1693,71,0
03/01/2022,EL PASO,16,63,0,0,79,0,165008,15921,1550,143,180929,1693,79,0
03/02/2022,EL PASO,17,60,0,0,77,0,165068,15938,1550,143,181006,1693,77,0
03/03/2022,EL PASO,22,52,0,0,74,0,165120,15960,1550,143,181080,1693,74,0
03/04/2022,EL PASO,11,39,1,0,50,1,165159,15971,1550,144,181130,1694,50,1
03/05/2022,EL PASO,7,16,0,0,23,0,165175,15978,1550,144,181153,1694,23,0
03/06/2022,EL PASO,7,4,0,0,11,0,165179,15985,1550,144,181164,1694,11,0
03/07/2022,EL PASO,12,14,0,0,26,0,165193,15997,1550,144,181190,1694,26,0
03/08/2022,EL PASO,10,33,0,0,43,0,165226,16007,1550,144,181233,1694,43,0
03/09/2022,EL PASO,2,23,0,0,25,0,165249,16009,1550,144,181258,1694,25,0
03/10/2022,EL PASO,7,39,0,1,46,1,165288,16016,1551,144,181304,1695,46,1
03/11/2022,EL PASO,17,41,0,0,58,0,165329,16033,1551,144,181362,1695,58,0
03/12/2022,EL PASO,1,5,1,0,6,1,165334,16034,1551,145,181368,1696,6,1
03/13/2022,EL PASO,2,7,0,0,9,0,165341,16036,1551,145,181377,1696,9,0
03/14/2022,EL PASO,15,24,1,0,39,1,165365,16051,1551,146,181416,1697,39,1
03/15/2022,EL PASO,5,42,0,0,47,0,165407,16056,1551,146,181463,1697,47,0
03/16/2022,EL PASO,15,33,0,0,48,0,165440,16071,1551,146,181511,1697,48,0
03/17/2022,EL PASO,3,23,0,0,26,0,165463,16074,1551,146,181537,1697,26,0
03/18/2022,EL PASO,12,22,0,0,34,0,165485,16086,1551,146,181571,1697,34,0
03/19/2022,EL PASO,0,7,0,0,7,0,165492,16086,1551,146,181578,1697,7,0
03/20/2022,EL PASO,2,6,0,0,8,0,165498,16088,1551,146,181586,1697,8,0
03/30/2020,ELBERT,0,1,0,0,1,0,1,0,0,0,1,0,-181585,-1697
03/31/2020,ELBERT,0,1,0,1,1,1,2,0,1,0,2,1,1,1
04/02/2020,ELBERT,0,2,0,0,2,0,4,0,1,0,4,1,2,0
04/03/2020,ELBERT,0,3,0,0,3,0,7,0,1,0,7,1,3,0
04/09/2020,ELBERT,0,2,0,0,2,0,9,0,1,0,9,1,2,0
04/10/2020,ELBERT,0,2,0,0,2,0,11,0,1,0,11,1,2,0
04/11/2020,ELBERT,0,2,0,0,2,0,13,0,1,0,13,1,2,0
04/15/2020,ELBERT,0,1,0,0,1,0,14,0,1,0,14,1,1,0
04/16/2020,ELBERT,0,3,0,0,3,0,17,0,1,0,17,1,3,0
04/17/2020,ELBERT,0,3,0,1,3,1,20,0,2,0,20,2,3,1
04/18/2020,ELBERT,0,1,0,0,1,0,21,0,2,0,21,2,1,0
04/19/2020,ELBERT,0,1,0,0,1,0,22,0,2,0,22,2,1,0
04/21/2020,ELBERT,0,1,0,0,1,0,23,0,2,0,23,2,1,0
04/22/2020,ELBERT,0,2,0,0,2,0,25,0,2,0,25,2,2,0
04/23/2020,ELBERT,0,1,0,0,1,0,26,0,2,0,26,2,1,0
04/28/2020,ELBERT,0,1,0,0,1,0,27,0,2,0,27,2,1,0
04/30/2020,ELBERT,0,1,0,0,1,0,28,0,2,0,28,2,1,0
05/01/2020,ELBERT,0,1,0,0,1,0,29,0,2,0,29,2,1,0
05/04/2020,ELBERT,0,4,0,0,4,0,33,0,2,0,33,2,4,0
05/06/2020,ELBERT,0,2,0,0,2,0,35,0,2,0,35,2,2,0
05/07/2020,ELBERT,0,2,0,0,2,0,37,0,2,0,37,2,2,0
05/11/2020,ELBERT,1,0,1,0,1,1,37,1,2,1,38,3,1,1
05/12/2020,ELBERT,0,1,0,1,1,1,38,1,3,1,39,4,1,1
05/13/2020,ELBERT,0,1,0,0,1,0,39,1,3,1,40,4,1,0
05/14/2020,ELBERT,0,1,0,0,1,0,40,1,3,1,41,4,1,0
05/15/2020,ELBERT,0,2,0,0,2,0,42,1,3,1,43,4,2,0
05/16/2020,ELBERT,0,1,0,0,1,0,43,1,3,1,44,4,1,0
05/17/2020,ELBERT,0,1,0,0,1,0,44,1,3,1,45,4,1,0
05/19/2020,ELBERT,0,1,0,0,1,0,45,1,3,1,46,4,1,0
05/20/2020,ELBERT,0,1,0,0,1,0,46,1,3,1,47,4,1,0
05/24/2020,ELBERT,0,1,0,0,1,0,47,1,3,1,48,4,1,0
05/26/2020,ELBERT,0,1,0,0,1,0,48,1,3,1,49,4,1,0
05/28/2020,ELBERT,0,1,0,0,1,0,49,1,3,1,50,4,1,0
05/30/2020,ELBERT,0,1,0,0,1,0,50,1,3,1,51,4,1,0
06/03/2020,ELBERT,0,1,0,0,1,0,51,1,3,1,52,4,1,0
06/05/2020,ELBERT,0,1,0,1,1,1,52,1,4,1,53,5,1,1
06/07/2020,ELBERT,0,1,0,0,1,0,53,1,4,1,54,5,1,0
06/08/2020,ELBERT,0,1,0,0,1,0,54,1,4,1,55,5,1,0
06/11/2020,ELBERT,0,1,0,0,1,0,55,1,4,1,56,5,1,0
06/25/2020,ELBERT,0,1,0,0,1,0,56,1,4,1,57,5,1,0
06/27/2020,ELBERT,0,3,0,0,3,0,59,1,4,1,60,5,3,0
06/29/2020,ELBERT,0,1,0,0,1,0,60,1,4,1,61,5,1,0
07/05/2020,ELBERT,0,1,0,0,1,0,61,1,4,1,62,5,1,0
07/06/2020,ELBERT,0,1,0,0,1,0,62,1,4,1,63,5,1,0
07/09/2020,ELBERT,0,1,0,0,1,0,63,1,4,1,64,5,1,0
07/10/2020,ELBERT,0,1,0,0,1,0,64,1,4,1,65,5,1,0
07/12/2020,ELBERT,0,2,0,0,2,0,66,1,4,1,67,5,2,0
07/13/2020,ELBERT,0,2,0,0,2,0,68,1,4,1,69,5,2,0
07/14/2020,ELBERT,0,2,0,0,2,0,70,1,4,1,71,5,2,0
07/15/2020,ELBERT,0,1,0,0,1,0,71,1,4,1,72,5,1,0
07/17/2020,ELBERT,0,1,0,0,1,0,72,1,4,1,73,5,1,0
07/18/2020,ELBERT,0,1,0,0,1,0,73,1,4,1,74,5,1,0
07/19/2020,ELBERT,0,2,0,0,2,0,75,1,4,1,76,5,2,0
07/20/2020,ELBERT,0,1,0,0,1,0,76,1,4,1,77,5,1,0
07/21/2020,ELBERT,0,2,0,0,2,0,78,1,4,1,79,5,2,0
07/22/2020,ELBERT,0,1,0,0,1,0,79,1,4,1,80,5,1,0
07/23/2020,ELBERT,0,1,0,0,1,0,80,1,4,1,81,5,1,0
07/24/2020,ELBERT,0,1,0,0,1,0,81,1,4,1,82,5,1,0
07/26/2020,ELBERT,0,1,0,0,1,0,82,1,4,1,83,5,1,0
07/27/2020,ELBERT,0,3,0,0,3,0,85,1,4,1,86,5,3,0
07/28/2020,ELBERT,0,1,0,0,1,0,86,1,4,1,87,5,1,0
07/29/2020,ELBERT,0,1,0,0,1,0,87,1,4,1,88,5,1,0
07/30/2020,ELBERT,0,2,0,0,2,0,89,1,4,1,90,5,2,0
07/31/2020,ELBERT,0,1,0,0,1,0,90,1,4,1,91,5,1,0
08/01/2020,ELBERT,0,2,0,0,2,0,92,1,4,1,93,5,2,0
08/02/2020,ELBERT,0,1,0,0,1,0,93,1,4,1,94,5,1,0
08/03/2020,ELBERT,0,5,0,0,5,0,98,1,4,1,99,5,5,0
08/04/2020,ELBERT,0,5,0,0,5,0,103,1,4,1,104,5,5,0
08/05/2020,ELBERT,0,4,0,0,4,0,107,1,4,1,108,5,4,0
08/07/2020,ELBERT,0,1,0,0,1,0,108,1,4,1,109,5,1,0
08/08/2020,ELBERT,0,1,0,0,1,0,109,1,4,1,110,5,1,0
08/10/2020,ELBERT,1,1,0,0,2,0,110,2,4,1,112,5,2,0
08/13/2020,ELBERT,0,1,0,0,1,0,111,2,4,1,113,5,1,0
08/14/2020,ELBERT,0,1,0,0,1,0,112,2,4,1,114,5,1,0
08/17/2020,ELBERT,0,3,0,0,3,0,115,2,4,1,117,5,3,0
08/18/2020,ELBERT,0,1,0,0,1,0,116,2,4,1,118,5,1,0
08/19/2020,ELBERT,0,2,0,0,2,0,118,2,4,1,120,5,2,0
08/25/2020,ELBERT,0,3,0,0,3,0,121,2,4,1,123,5,3,0
08/28/2020,ELBERT,0,1,0,0,1,0,122,2,4,1,124,5,1,0
09/01/2020,ELBERT,0,2,0,0,2,0,124,2,4,1,126,5,2,0
09/02/2020,ELBERT,0,2,0,0,2,0,126,2,4,1,128,5,2,0
09/03/2020,ELBERT,0,4,0,1,4,1,130,2,5,1,132,6,4,1
09/06/2020,ELBERT,0,1,0,0,1,0,131,2,5,1,133,6,1,0
09/08/2020,ELBERT,2,0,0,0,2,0,131,4,5,1,135,6,2,0
09/09/2020,ELBERT,0,3,0,0,3,0,134,4,5,1,138,6,3,0
09/10/2020,ELBERT,0,2,0,0,2,0,136,4,5,1,140,6,2,0
09/11/2020,ELBERT,1,0,0,0,1,0,136,5,5,1,141,6,1,0
09/12/2020,ELBERT,0,2,0,0,2,0,138,5,5,1,143,6,2,0
09/13/2020,ELBERT,0,1,0,0,1,0,139,5,5,1,144,6,1,0
09/15/2020,ELBERT,0,2,0,0,2,0,141,5,5,1,146,6,2,0
09/16/2020,ELBERT,1,0,0,0,1,0,141,6,5,1,147,6,1,0
09/17/2020,ELBERT,0,2,0,0,2,0,143,6,5,1,149,6,2,0
09/18/2020,ELBERT,0,2,0,0,2,0,145,6,5,1,151,6,2,0
09/19/2020,ELBERT,0,1,0,0,1,0,146,6,5,1,152,6,1,0
09/21/2020,ELBERT,0,3,0,0,3,0,149,6,5,1,155,6,3,0
09/23/2020,ELBERT,0,3,0,0,3,0,152,6,5,1,158,6,3,0
09/24/2020,ELBERT,0,2,0,0,2,0,154,6,5,1,160,6,2,0
09/25/2020,ELBERT,0,1,0,0,1,0,155,6,5,1,161,6,1,0
09/26/2020,ELBERT,0,1,0,0,1,0,156,6,5,1,162,6,1,0
09/27/2020,ELBERT,0,2,0,0,2,0,158,6,5,1,164,6,2,0
09/28/2020,ELBERT,0,2,0,0,2,0,160,6,5,1,166,6,2,0
09/29/2020,ELBERT,0,1,0,0,1,0,161,6,5,1,167,6,1,0
09/30/2020,ELBERT,0,1,0,0,1,0,162,6,5,1,168,6,1,0
10/02/2020,ELBERT,0,3,0,0,3,0,165,6,5,1,171,6,3,0
10/03/2020,ELBERT,0,2,0,0,2,0,167,6,5,1,173,6,2,0
10/05/2020,ELBERT,1,1,0,0,2,0,168,7,5,1,175,6,2,0
10/06/2020,ELBERT,0,1,0,0,1,0,169,7,5,1,176,6,1,0
10/07/2020,ELBERT,0,1,0,0,1,0,170,7,5,1,177,6,1,0
10/09/2020,ELBERT,0,1,0,0,1,0,171,7,5,1,178,6,1,0
10/11/2020,ELBERT,0,1,0,0,1,0,172,7,5,1,179,6,1,0
10/12/2020,ELBERT,0,1,0,0,1,0,173,7,5,1,180,6,1,0
10/13/2020,ELBERT,1,2,0,0,3,0,175,8,5,1,183,6,3,0
10/14/2020,ELBERT,0,3,0,0,3,0,178,8,5,1,186,6,3,0
10/15/2020,ELBERT,0,2,0,0,2,0,180,8,5,1,188,6,2,0
10/16/2020,ELBERT,0,4,0,0,4,0,184,8,5,1,192,6,4,0
10/18/2020,ELBERT,0,3,0,0,3,0,187,8,5,1,195,6,3,0
10/19/2020,ELBERT,0,3,0,0,3,0,190,8,5,1,198,6,3,0
10/20/2020,ELBERT,1,3,0,0,4,0,193,9,5,1,202,6,4,0
10/21/2020,ELBERT,0,1,0,0,1,0,194,9,5,1,203,6,1,0
10/22/2020,ELBERT,1,1,0,0,2,0,195,10,5,1,205,6,2,0
10/23/2020,ELBERT,0,7,0,0,7,0,202,10,5,1,212,6,7,0
10/24/2020,ELBERT,0,3,0,1,3,1,205,10,6,1,215,7,3,1
10/25/2020,ELBERT,0,10,0,0,10,0,215,10,6,1,225,7,10,0
10/26/2020,ELBERT,0,4,0,0,4,0,219,10,6,1,229,7,4,0
10/27/2020,ELBERT,0,4,0,0,4,0,223,10,6,1,233,7,4,0
10/28/2020,ELBERT,0,5,0,0,5,0,228,10,6,1,238,7,5,0
10/29/2020,ELBERT,1,7,0,0,8,0,235,11,6,1,246,7,8,0
10/30/2020,ELBERT,0,11,0,0,11,0,246,11,6,1,257,7,11,0
10/31/2020,ELBERT,0,7,0,0,7,0,253,11,6,1,264,7,7,0
11/01/2020,ELBERT,1,7,0,0,8,0,260,12,6,1,272,7,8,0
11/02/2020,ELBERT,1,7,0,1,8,1,267,13,7,1,280,8,8,1
11/03/2020,ELBERT,1,5,0,0,6,0,272,14,7,1,286,8,6,0
11/04/2020,ELBERT,0,7,0,0,7,0,279,14,7,1,293,8,7,0
11/05/2020,ELBERT,1,13,0,0,14,0,292,15,7,1,307,8,14,0
11/06/2020,ELBERT,0,11,0,0,11,0,303,15,7,1,318,8,11,0
11/07/2020,ELBERT,3,15,0,0,18,0,318,18,7,1,336,8,18,0
11/08/2020,ELBERT,0,11,0,0,11,0,329,18,7,1,347,8,11,0
11/09/2020,ELBERT,0,9,0,0,9,0,338,18,7,1,356,8,9,0
11/10/2020,ELBERT,3,6,0,0,9,0,344,21,7,1,365,8,9,0
11/11/2020,ELBERT,1,12,0,0,13,0,356,22,7,1,378,8,13,0
11/12/2020,ELBERT,0,17,0,0,17,0,373,22,7,1,395,8,17,0
11/13/2020,ELBERT,3,9,0,0,12,0,382,25,7,1,407,8,12,0
11/14/2020,ELBERT,1,22,0,0,23,0,404,26,7,1,430,8,23,0
11/15/2020,ELBERT,1,13,0,0,14,0,417,27,7,1,444,8,14,0
11/16/2020,ELBERT,0,16,0,0,16,0,433,27,7,1,460,8,16,0
11/17/2020,ELBERT,0,9,0,0,9,0,442,27,7,1,469,8,9,0
11/18/2020,ELBERT,1,13,0,0,14,0,455,28,7,1,483,8,14,0
11/19/2020,ELBERT,0,26,0,0,26,0,481,28,7,1,509,8,26,0
11/20/2020,ELBERT,1,27,0,0,28,0,508,29,7,1,537,8,28,0
11/21/2020,ELBERT,0,14,0,0,14,0,522,29,7,1,551,8,14,0
11/22/2020,ELBERT,0,14,0,0,14,0,536,29,7,1,565,8,14,0
11/23/2020,ELBERT,3,4,0,0,7,0,540,32,7,1,572,8,7,0
11/24/2020,ELBERT,1,6,0,0,7,0,546,33,7,1,579,8,7,0
11/25/2020,ELBERT,0,19,0,0,19,0,565,33,7,1,598,8,19,0
11/26/2020,ELBERT,0,15,0,0,15,0,580,33,7,1,613,8,15,0
11/27/2020,ELBERT,0,17,0,0,17,0,597,33,7,1,630,8,17,0
11/28/2020,ELBERT,0,15,0,0,15,0,612,33,7,1,645,8,15,0
11/29/2020,ELBERT,2,13,0,0,15,0,625,35,7,1,660,8,15,0
11/30/2020,ELBERT,2,18,0,1,20,1,643,37,8,1,680,9,20,1
12/01/2020,ELBERT,2,10,0,1,12,1,653,39,9,1,692,10,12,1
12/02/2020,ELBERT,3,20,0,0,23,0,673,42,9,1,715,10,23,0
12/03/2020,ELBERT,3,31,0,0,34,0,704,45,9,1,749,10,34,0
12/04/2020,ELBERT,3,19,0,0,22,0,723,48,9,1,771,10,22,0
12/05/2020,ELBERT,2,15,0,0,17,0,738,50,9,1,788,10,17,0
12/06/2020,ELBERT,0,25,0,0,25,0,763,50,9,1,813,10,25,0
12/07/2020,ELBERT,0,10,0,0,10,0,773,50,9,1,823,10,10,0
12/08/2020,ELBERT,0,12,0,0,12,0,785,50,9,1,835,10,12,0
12/09/2020,ELBERT,0,17,0,0,17,0,802,50,9,1,852,10,17,0
12/10/2020,ELBERT,2,16,0,0,18,0,818,52,9,1,870,10,18,0
12/11/2020,ELBERT,0,17,0,0,17,0,835,52,9,1,887,10,17,0
12/12/2020,ELBERT,0,11,0,0,11,0,846,52,9,1,898,10,11,0
12/13/2020,ELBERT,0,7,0,0,7,0,853,52,9,1,905,10,7,0
12/14/2020,ELBERT,0,7,0,0,7,0,860,52,9,1,912,10,7,0
12/15/2020,ELBERT,1,7,0,0,8,0,867,53,9,1,920,10,8,0
12/16/2020,ELBERT,2,9,1,0,11,1,876,55,9,2,931,11,11,1
12/17/2020,ELBERT,0,6,0,0,6,0,882,55,9,2,937,11,6,0
12/18/2020,ELBERT,2,26,0,3,28,3,908,57,12,2,965,14,28,3
12/19/2020,ELBERT,2,6,0,0,8,0,914,59,12,2,973,14,8,0
12/20/2020,ELBERT,0,8,0,0,8,0,922,59,12,2,981,14,8,0
12/21/2020,ELBERT,1,10,0,0,11,0,932,60,12,2,992,14,11,0
12/22/2020,ELBERT,5,15,0,1,20,1,947,65,13,2,1012,15,20,1
12/23/2020,ELBERT,0,7,0,0,7,0,954,65,13,2,1019,15,7,0
12/24/2020,ELBERT,0,11,0,0,11,0,965,65,13,2,1030,15,11,0
12/25/2020,ELBERT,0,4,0,0,4,0,969,65,13,2,1034,15,4,0
12/26/2020,ELBERT,0,2,0,0,2,0,971,65,13,2,1036,15,2,0
12/27/2020,ELBERT,1,4,0,0,5,0,975,66,13,2,1041,15,5,0
12/28/2020,ELBERT,1,2,0,0,3,0,977,67,13,2,1044,15,3,0
12/29/2020,ELBERT,1,3,0,0,4,0,980,68,13,2,1048,15,4,0
12/30/2020,ELBERT,0,6,0,0,6,0,986,68,13,2,1054,15,6,0
12/31/2020,ELBERT,2,8,0,0,10,0,994,70,13,2,1064,15,10,0
01/01/2021,ELBERT,2,4,0,0,6,0,998,72,13,2,1070,15,6,0
01/02/2021,ELBERT,0,3,0,0,3,0,1001,72,13,2,1073,15,3,0
01/03/2021,ELBERT,2,5,0,0,7,0,1006,74,13,2,1080,15,7,0
01/04/2021,ELBERT,2,7,0,0,9,0,1013,76,13,2,1089,15,9,0
01/05/2021,ELBERT,0,5,0,0,5,0,1018,76,13,2,1094,15,5,0
01/06/2021,ELBERT,0,10,0,0,10,0,1028,76,13,2,1104,15,10,0
01/07/2021,ELBERT,0,4,0,0,4,0,1032,76,13,2,1108,15,4,0
01/08/2021,ELBERT,0,7,0,0,7,0,1039,76,13,2,1115,15,7,0
01/09/2021,ELBERT,0,8,0,0,8,0,1047,76,13,2,1123,15,8,0
01/10/2021,ELBERT,2,5,0,0,7,0,1052,78,13,2,1130,15,7,0
01/12/2021,ELBERT,0,4,0,0,4,0,1056,78,13,2,1134,15,4,0
01/13/2021,ELBERT,1,3,0,0,4,0,1059,79,13,2,1138,15,4,0
01/14/2021,ELBERT,0,2,0,0,2,0,1061,79,13,2,1140,15,2,0
01/15/2021,ELBERT,0,3,0,0,3,0,1064,79,13,2,1143,15,3,0
01/16/2021,ELBERT,0,3,0,0,3,0,1067,79,13,2,1146,15,3,0
01/17/2021,ELBERT,0,5,0,0,5,0,1072,79,13,2,1151,15,5,0
01/18/2021,ELBERT,0,7,0,0,7,0,1079,79,13,2,1158,15,7,0
01/19/2021,ELBERT,1,4,0,0,5,0,1083,80,13,2,1163,15,5,0
01/20/2021,ELBERT,1,5,0,0,6,0,1088,81,13,2,1169,15,6,0
01/21/2021,ELBERT,0,7,0,0,7,0,1095,81,13,2,1176,15,7,0
01/22/2021,ELBERT,0,5,0,0,5,0,1100,81,13,2,1181,15,5,0
01/23/2021,ELBERT,0,5,0,0,5,0,1105,81,13,2,1186,15,5,0
01/24/2021,ELBERT,0,1,0,0,1,0,1106,81,13,2,1187,15,1,0
01/25/2021,ELBERT,1,0,0,0,1,0,1106,82,13,2,1188,15,1,0
01/26/2021,ELBERT,0,4,0,0,4,0,1110,82,13,2,1192,15,4,0
01/27/2021,ELBERT,0,4,0,0,4,0,1114,82,13,2,1196,15,4,0
01/28/2021,ELBERT,0,3,0,0,3,0,1117,82,13,2,1199,15,3,0
01/29/2021,ELBERT,1,2,0,0,3,0,1119,83,13,2,1202,15,3,0
01/30/2021,ELBERT,2,8,0,0,10,0,1127,85,13,2,1212,15,10,0
01/31/2021,ELBERT,3,5,0,0,8,0,1132,88,13,2,1220,15,8,0
02/01/2021,ELBERT,0,2,0,0,2,0,1134,88,13,2,1222,15,2,0
02/02/2021,ELBERT,1,3,0,0,4,0,1137,89,13,2,1226,15,4,0
02/03/2021,ELBERT,0,10,0,0,10,0,1147,89,13,2,1236,15,10,0
02/04/2021,ELBERT,1,10,0,0,11,0,1157,90,13,2,1247,15,11,0
02/05/2021,ELBERT,0,10,0,0,10,0,1167,90,13,2,1257,15,10,0
02/06/2021,ELBERT,0,5,0,0,5,0,1172,90,13,2,1262,15,5,0
02/07/2021,ELBERT,0,5,0,0,5,0,1177,90,13,2,1267,15,5,0
02/08/2021,ELBERT,1,6,0,0,7,0,1183,91,13,2,1274,15,7,0
02/09/2021,ELBERT,0,2,0,0,2,0,1185,91,13,2,1276,15,2,0
02/10/2021,ELBERT,0,1,0,0,1,0,1186,91,13,2,1277,15,1,0
02/11/2021,ELBERT,0,1,0,0,1,0,1187,91,13,2,1278,15,1,0
02/12/2021,ELBERT,2,2,0,0,4,0,1189,93,13,2,1282,15,4,0
02/13/2021,ELBERT,0,3,0,0,3,0,1192,93,13,2,1285,15,3,0
02/14/2021,ELBERT,0,2,0,0,2,0,1194,93,13,2,1287,15,2,0
02/15/2021,ELBERT,1,0,0,0,1,0,1194,94,13,2,1288,15,1,0
02/16/2021,ELBERT,0,6,0,0,6,0,1200,94,13,2,1294,15,6,0
02/17/2021,ELBERT,1,4,0,0,5,0,1204,95,13,2,1299,15,5,0
02/18/2021,ELBERT,1,6,0,0,7,0,1210,96,13,2,1306,15,7,0
02/19/2021,ELBERT,0,1,0,0,1,0,1211,96,13,2,1307,15,1,0
02/20/2021,ELBERT,0,3,0,0,3,0,1214,96,13,2,1310,15,3,0
02/21/2021,ELBERT,0,3,0,0,3,0,1217,96,13,2,1313,15,3,0
02/22/2021,ELBERT,1,4,0,0,5,0,1221,97,13,2,1318,15,5,0
02/23/2021,ELBERT,1,9,0,0,10,0,1230,98,13,2,1328,15,10,0
02/24/2021,ELBERT,0,2,0,0,2,0,1232,98,13,2,1330,15,2,0
02/25/2021,ELBERT,1,3,0,0,4,0,1235,99,13,2,1334,15,4,0
02/26/2021,ELBERT,0,3,0,0,3,0,1238,99,13,2,1337,15,3,0
02/27/2021,ELBERT,0,5,0,0,5,0,1243,99,13,2,1342,15,5,0
02/28/2021,ELBERT,0,2,0,0,2,0,1245,99,13,2,1344,15,2,0
03/02/2021,ELBERT,0,3,0,0,3,0,1248,99,13,2,1347,15,3,0
03/03/2021,ELBERT,2,2,0,0,4,0,1250,101,13,2,1351,15,4,0
03/04/2021,ELBERT,0,2,0,0,2,0,1252,101,13,2,1353,15,2,0
03/05/2021,ELBERT,0,2,0,0,2,0,1254,101,13,2,1355,15,2,0
03/06/2021,ELBERT,1,7,0,0,8,0,1261,102,13,2,1363,15,8,0
03/07/2021,ELBERT,0,4,0,0,4,0,1265,102,13,2,1367,15,4,0
03/08/2021,ELBERT,0,2,0,0,2,0,1267,102,13,2,1369,15,2,0
03/09/2021,ELBERT,2,2,0,0,4,0,1269,104,13,2,1373,15,4,0
03/10/2021,ELBERT,0,6,0,0,6,0,1275,104,13,2,1379,15,6,0
03/11/2021,ELBERT,1,5,0,0,6,0,1280,105,13,2,1385,15,6,0
03/13/2021,ELBERT,0,6,0,0,6,0,1286,105,13,2,1391,15,6,0
03/15/2021,ELBERT,0,3,0,0,3,0,1289,105,13,2,1394,15,3,0
03/16/2021,ELBERT,0,2,0,0,2,0,1291,105,13,2,1396,15,2,0
03/17/2021,ELBERT,0,7,0,0,7,0,1298,105,13,2,1403,15,7,0
03/18/2021,ELBERT,0,11,0,0,11,0,1309,105,13,2,1414,15,11,0
03/19/2021,ELBERT,0,8,0,0,8,0,1317,105,13,2,1422,15,8,0
03/20/2021,ELBERT,0,7,0,0,7,0,1324,105,13,2,1429,15,7,0
03/21/2021,ELBERT,0,3,0,0,3,0,1327,105,13,2,1432,15,3,0
03/22/2021,ELBERT,0,6,0,0,6,0,1333,105,13,2,1438,15,6,0
03/23/2021,ELBERT,0,2,0,0,2,0,1335,105,13,2,1440,15,2,0
03/24/2021,ELBERT,4,4,0,0,8,0,1339,109,13,2,1448,15,8,0
03/25/2021,ELBERT,1,3,0,0,4,0,1342,110,13,2,1452,15,4,0
03/26/2021,ELBERT,0,2,0,0,2,0,1344,110,13,2,1454,15,2,0
03/27/2021,ELBERT,0,5,0,0,5,0,1349,110,13,2,1459,15,5,0
03/28/2021,ELBERT,0,5,0,0,5,0,1354,110,13,2,1464,15,5,0
03/29/2021,ELBERT,0,6,0,0,6,0,1360,110,13,2,1470,15,6,0
03/30/2021,ELBERT,0,4,0,0,4,0,1364,110,13,2,1474,15,4,0
03/31/2021,ELBERT,0,6,0,0,6,0,1370,110,13,2,1480,15,6,0
04/01/2021,ELBERT,0,4,0,0,4,0,1374,110,13,2,1484,15,4,0
04/02/2021,ELBERT,0,6,0,0,6,0,1380,110,13,2,1490,15,6,0
04/03/2021,ELBERT,0,4,0,0,4,0,1384,110,13,2,1494,15,4,0
04/04/2021,ELBERT,0,4,0,0,4,0,1388,110,13,2,1498,15,4,0
04/05/2021,ELBERT,2,7,0,0,9,0,1395,112,13,2,1507,15,9,0
04/06/2021,ELBERT,1,6,0,0,7,0,1401,113,13,2,1514,15,7,0
04/07/2021,ELBERT,1,12,0,0,13,0,1413,114,13,2,1527,15,13,0
04/08/2021,ELBERT,0,5,0,0,5,0,1418,114,13,2,1532,15,5,0
04/09/2021,ELBERT,1,7,0,0,8,0,1425,115,13,2,1540,15,8,0
04/10/2021,ELBERT,1,8,0,0,9,0,1433,116,13,2,1549,15,9,0
04/11/2021,ELBERT,0,7,0,1,7,1,1440,116,14,2,1556,16,7,1
04/12/2021,ELBERT,1,5,0,0,6,0,1445,117,14,2,1562,16,6,0
04/13/2021,ELBERT,3,6,0,0,9,0,1451,120,14,2,1571,16,9,0
04/14/2021,ELBERT,4,10,0,0,14,0,1461,124,14,2,1585,16,14,0
04/15/2021,ELBERT,4,10,0,0,14,0,1471,128,14,2,1599,16,14,0
04/16/2021,ELBERT,1,6,0,0,7,0,1477,129,14,2,1606,16,7,0
04/17/2021,ELBERT,0,8,0,0,8,0,1485,129,14,2,1614,16,8,0
04/18/2021,ELBERT,1,3,0,0,4,0,1488,130,14,2,1618,16,4,0
04/19/2021,ELBERT,1,6,0,0,7,0,1494,131,14,2,1625,16,7,0
04/20/2021,ELBERT,2,8,0,0,10,0,1502,133,14,2,1635,16,10,0
04/21/2021,ELBERT,3,10,0,0,13,0,1512,136,14,2,1648,16,13,0
04/22/2021,ELBERT,0,8,0,0,8,0,1520,136,14,2,1656,16,8,0
04/23/2021,ELBERT,0,8,0,0,8,0,1528,136,14,2,1664,16,8,0
04/24/2021,ELBERT,0,11,0,0,11,0,1539,136,14,2,1675,16,11,0
04/25/2021,ELBERT,0,3,0,0,3,0,1542,136,14,2,1678,16,3,0
04/26/2021,ELBERT,1,11,0,0,12,0,1553,137,14,2,1690,16,12,0
04/27/2021,ELBERT,1,4,0,0,5,0,1557,138,14,2,1695,16,5,0
04/28/2021,ELBERT,3,6,0,0,9,0,1563,141,14,2,1704,16,9,0
04/29/2021,ELBERT,1,4,0,0,5,0,1567,142,14,2,1709,16,5,0
04/30/2021,ELBERT,6,3,0,0,9,0,1570,148,14,2,1718,16,9,0
05/01/2021,ELBERT,0,5,0,0,5,0,1575,148,14,2,1723,16,5,0
05/02/2021,ELBERT,0,6,0,0,6,0,1581,148,14,2,1729,16,6,0
05/03/2021,ELBERT,10,5,0,0,15,0,1586,158,14,2,1744,16,15,0
05/04/2021,ELBERT,1,4,0,0,5,0,1590,159,14,2,1749,16,5,0
05/05/2021,ELBERT,7,6,0,0,13,0,1596,166,14,2,1762,16,13,0
05/06/2021,ELBERT,0,6,0,0,6,0,1602,166,14,2,1768,16,6,0
05/07/2021,ELBERT,1,5,0,0,6,0,1607,167,14,2,1774,16,6,0
05/08/2021,ELBERT,3,1,0,0,4,0,1608,170,14,2,1778,16,4,0
05/10/2021,ELBERT,3,3,0,0,6,0,1611,173,14,2,1784,16,6,0
05/11/2021,ELBERT,0,2,0,0,2,0,1613,173,14,2,1786,16,2,0
05/12/2021,ELBERT,3,6,0,0,9,0,1619,176,14,2,1795,16,9,0
05/13/2021,ELBERT,0,5,0,0,5,0,1624,176,14,2,1800,16,5,0
05/14/2021,ELBERT,0,2,0,0,2,0,1626,176,14,2,1802,16,2,0
05/15/2021,ELBERT,0,2,0,0,2,0,1628,176,14,2,1804,16,2,0
05/16/2021,ELBERT,0,6,0,0,6,0,1634,176,14,2,1810,16,6,0
05/17/2021,ELBERT,2,5,0,0,7,0,1639,178,14,2,1817,16,7,0
05/18/2021,ELBERT,0,3,0,0,3,0,1642,178,14,2,1820,16,3,0
05/19/2021,ELBERT,1,4,0,0,5,0,1646,179,14,2,1825,16,5,0
05/20/2021,ELBERT,1,3,0,0,4,0,1649,180,14,2,1829,16,4,0
05/21/2021,ELBERT,0,1,0,0,1,0,1650,180,14,2,1830,16,1,0
05/22/2021,ELBERT,0,4,0,0,4,0,1654,180,14,2,1834,16,4,0
05/23/2021,ELBERT,0,1,0,0,1,0,1655,180,14,2,1835,16,1,0
05/24/2021,ELBERT,3,6,0,0,9,0,1661,183,14,2,1844,16,9,0
05/25/2021,ELBERT,0,2,0,0,2,0,1663,183,14,2,1846,16,2,0
05/26/2021,ELBERT,1,3,0,0,4,0,1666,184,14,2,1850,16,4,0
05/27/2021,ELBERT,1,2,0,0,3,0,1668,185,14,2,1853,16,3,0
05/28/2021,ELBERT,0,2,0,0,2,0,1670,185,14,2,1855,16,2,0
05/29/2021,ELBERT,0,3,0,0,3,0,1673,185,14,2,1858,16,3,0
05/30/2021,ELBERT,0,1,0,0,1,0,1674,185,14,2,1859,16,1,0
06/01/2021,ELBERT,0,2,0,1,2,1,1676,185,15,2,1861,17,2,1
06/02/2021,ELBERT,0,3,0,0,3,0,1679,185,15,2,1864,17,3,0
06/03/2021,ELBERT,0,4,0,0,4,0,1683,185,15,2,1868,17,4,0
06/04/2021,ELBERT,0,2,0,0,2,0,1685,185,15,2,1870,17,2,0
06/06/2021,ELBERT,0,1,0,0,1,0,1686,185,15,2,1871,17,1,0
06/07/2021,ELBERT,0,2,0,0,2,0,1688,185,15,2,1873,17,2,0
06/08/2021,ELBERT,0,1,0,0,1,0,1689,185,15,2,1874,17,1,0
06/09/2021,ELBERT,1,2,0,0,3,0,1691,186,15,2,1877,17,3,0
06/10/2021,ELBERT,0,2,0,0,2,0,1693,186,15,2,1879,17,2,0
06/11/2021,ELBERT,3,3,0,0,6,0,1696,189,15,2,1885,17,6,0
06/12/2021,ELBERT,7,2,0,0,9,0,1698,196,15,2,1894,17,9,0
06/14/2021,ELBERT,0,2,0,0,2,0,1700,196,15,2,1896,17,2,0
06/15/2021,ELBERT,0,1,0,0,1,0,1701,196,15,2,1897,17,1,0
06/16/2021,ELBERT,0,2,0,0,2,0,1703,196,15,2,1899,17,2,0
06/17/2021,ELBERT,0,1,0,0,1,0,1704,196,15,2,1900,17,1,0
06/18/2021,ELBERT,0,2,0,0,2,0,1706,196,15,2,1902,17,2,0
06/21/2021,ELBERT,1,1,0,0,2,0,1707,197,15,2,1904,17,2,0
06/23/2021,ELBERT,0,1,0,0,1,0,1708,197,15,2,1905,17,1,0
06/25/2021,ELBERT,2,0,1,0,2,1,1708,199,15,3,1907,18,2,1
06/27/2021,ELBERT,1,0,0,0,1,0,1708,200,15,3,1908,18,1,0
06/28/2021,ELBERT,1,1,0,0,2,0,1709,201,15,3,1910,18,2,0
06/29/2021,ELBERT,0,1,0,0,1,0,1710,201,15,3,1911,18,1,0
06/30/2021,ELBERT,0,1,0,0,1,0,1711,201,15,3,1912,18,1,0
07/01/2021,ELBERT,0,1,0,0,1,0,1712,201,15,3,1913,18,1,0
07/02/2021,ELBERT,1,1,0,0,2,0,1713,202,15,3,1915,18,2,0
07/03/2021,ELBERT,0,1,0,0,1,0,1714,202,15,3,1916,18,1,0
07/04/2021,ELBERT,1,3,0,0,4,0,1717,203,15,3,1920,18,4,0
07/05/2021,ELBERT,0,2,0,0,2,0,1719,203,15,3,1922,18,2,0
07/07/2021,ELBERT,0,2,0,0,2,0,1721,203,15,3,1924,18,2,0
07/08/2021,ELBERT,0,1,0,0,1,0,1722,203,15,3,1925,18,1,0
07/09/2021,ELBERT,0,2,0,0,2,0,1724,203,15,3,1927,18,2,0
07/10/2021,ELBERT,0,1,0,0,1,0,1725,203,15,3,1928,18,1,0
07/11/2021,ELBERT,1,1,0,0,2,0,1726,204,15,3,1930,18,2,0
07/13/2021,ELBERT,1,1,0,0,2,0,1727,205,15,3,1932,18,2,0
07/14/2021,ELBERT,0,1,0,0,1,0,1728,205,15,3,1933,18,1,0
07/15/2021,ELBERT,1,1,0,0,2,0,1729,206,15,3,1935,18,2,0
07/17/2021,ELBERT,2,1,0,0,3,0,1730,208,15,3,1938,18,3,0
07/19/2021,ELBERT,0,1,0,0,1,0,1731,208,15,3,1939,18,1,0
07/20/2021,ELBERT,0,1,0,0,1,0,1732,208,15,3,1940,18,1,0
07/21/2021,ELBERT,1,4,0,0,5,0,1736,209,15,3,1945,18,5,0
07/22/2021,ELBERT,1,1,0,0,2,0,1737,210,15,3,1947,18,2,0
07/23/2021,ELBERT,1,1,0,0,2,0,1738,211,15,3,1949,18,2,0
07/24/2021,ELBERT,0,5,0,0,5,0,1743,211,15,3,1954,18,5,0
07/25/2021,ELBERT,0,3,0,0,3,0,1746,211,15,3,1957,18,3,0
07/26/2021,ELBERT,2,6,0,0,8,0,1752,213,15,3,1965,18,8,0
07/27/2021,ELBERT,1,2,0,0,3,0,1754,214,15,3,1968,18,3,0
07/28/2021,ELBERT,0,2,0,0,2,0,1756,214,15,3,1970,18,2,0
07/29/2021,ELBERT,0,5,0,0,5,0,1761,214,15,3,1975,18,5,0
07/30/2021,ELBERT,0,2,0,0,2,0,1763,214,15,3,1977,18,2,0
07/31/2021,ELBERT,0,5,0,0,5,0,1768,214,15,3,1982,18,5,0
08/01/2021,ELBERT,1,0,0,0,1,0,1768,215,15,3,1983,18,1,0
08/02/2021,ELBERT,1,3,0,0,4,0,1771,216,15,3,1987,18,4,0
08/03/2021,ELBERT,1,0,0,0,1,0,1771,217,15,3,1988,18,1,0
08/04/2021,ELBERT,0,4,0,0,4,0,1775,217,15,3,1992,18,4,0
08/05/2021,ELBERT,1,3,0,1,4,1,1778,218,16,3,1996,19,4,1
08/06/2021,ELBERT,1,5,0,0,6,0,1783,219,16,3,2002,19,6,0
08/07/2021,ELBERT,0,4,0,0,4,0,1787,219,16,3,2006,19,4,0
08/08/2021,ELBERT,0,2,0,0,2,0,1789,219,16,3,2008,19,2,0
08/09/2021,ELBERT,0,2,0,0,2,0,1791,219,16,3,2010,19,2,0
08/10/2021,ELBERT,0,1,0,0,1,0,1792,219,16,3,2011,19,1,0
08/11/2021,ELBERT,2,3,0,0,5,0,1795,221,16,3,2016,19,5,0
08/12/2021,ELBERT,0,1,0,0,1,0,1796,221,16,3,2017,19,1,0
08/13/2021,ELBERT,0,6,0,0,6,0,1802,221,16,3,2023,19,6,0
08/14/2021,ELBERT,0,2,0,0,2,0,1804,221,16,3,2025,19,2,0
08/16/2021,ELBERT,1,2,0,0,3,0,1806,222,16,3,2028,19,3,0
08/17/2021,ELBERT,1,2,0,0,3,0,1808,223,16,3,2031,19,3,0
08/18/2021,ELBERT,1,4,0,0,5,0,1812,224,16,3,2036,19,5,0
08/19/2021,ELBERT,0,9,0,0,9,0,1821,224,16,3,2045,19,9,0
08/20/2021,ELBERT,1,5,0,0,6,0,1826,225,16,3,2051,19,6,0
08/21/2021,ELBERT,1,4,0,1,5,1,1830,226,17,3,2056,20,5,1
08/22/2021,ELBERT,0,4,0,0,4,0,1834,226,17,3,2060,20,4,0
08/23/2021,ELBERT,2,9,0,0,11,0,1843,228,17,3,2071,20,11,0
08/24/2021,ELBERT,4,7,0,0,11,0,1850,232,17,3,2082,20,11,0
08/25/2021,ELBERT,0,7,0,1,7,1,1857,232,18,3,2089,21,7,1
08/26/2021,ELBERT,0,7,0,0,7,0,1864,232,18,3,2096,21,7,0
08/27/2021,ELBERT,1,12,0,0,13,0,1876,233,18,3,2109,21,13,0
08/28/2021,ELBERT,1,11,0,0,12,0,1887,234,18,3,2121,21,12,0
08/29/2021,ELBERT,1,7,0,1,8,1,1894,235,19,3,2129,22,8,1
08/30/2021,ELBERT,0,13,0,0,13,0,1907,235,19,3,2142,22,13,0
08/31/2021,ELBERT,1,4,0,0,5,0,1911,236,19,3,2147,22,5,0
09/01/2021,ELBERT,1,12,0,1,13,1,1923,237,20,3,2160,23,13,1
09/02/2021,ELBERT,3,15,0,0,18,0,1938,240,20,3,2178,23,18,0
09/03/2021,ELBERT,2,7,0,0,9,0,1945,242,20,3,2187,23,9,0
09/04/2021,ELBERT,0,9,0,0,9,0,1954,242,20,3,2196,23,9,0
09/05/2021,ELBERT,1,5,0,0,6,0,1959,243,20,3,2202,23,6,0
09/06/2021,ELBERT,0,7,0,0,7,0,1966,243,20,3,2209,23,7,0
09/07/2021,ELBERT,3,7,0,0,10,0,1973,246,20,3,2219,23,10,0
09/08/2021,ELBERT,2,10,0,0,12,0,1983,248,20,3,2231,23,12,0
09/09/2021,ELBERT,6,16,0,0,22,0,1999,254,20,3,2253,23,22,0
09/10/2021,ELBERT,0,10,0,0,10,0,2009,254,20,3,2263,23,10,0
09/11/2021,ELBERT,2,10,0,0,12,0,2019,256,20,3,2275,23,12,0
09/12/2021,ELBERT,0,4,0,0,4,0,2023,256,20,3,2279,23,4,0
09/13/2021,ELBERT,6,7,0,0,13,0,2030,262,20,3,2292,23,13,0
09/14/2021,ELBERT,6,11,0,1,17,1,2041,268,21,3,2309,24,17,1
09/15/2021,ELBERT,1,6,0,0,7,0,2047,269,21,3,2316,24,7,0
09/16/2021,ELBERT,0,9,0,0,9,0,2056,269,21,3,2325,24,9,0
09/17/2021,ELBERT,1,7,0,1,8,1,2063,270,22,3,2333,25,8,1
09/18/2021,ELBERT,2,10,0,0,12,0,2073,272,22,3,2345,25,12,0
09/19/2021,ELBERT,3,8,0,0,11,0,2081,275,22,3,2356,25,11,0
09/20/2021,ELBERT,2,10,0,0,12,0,2091,277,22,3,2368,25,12,0
09/21/2021,ELBERT,2,6,0,0,8,0,2097,279,22,3,2376,25,8,0
09/22/2021,ELBERT,0,6,0,0,6,0,2103,279,22,3,2382,25,6,0
09/23/2021,ELBERT,0,18,0,0,18,0,2121,279,22,3,2400,25,18,0
09/24/2021,ELBERT,0,8,0,0,8,0,2129,279,22,3,2408,25,8,0
09/25/2021,ELBERT,1,6,0,0,7,0,2135,280,22,3,2415,25,7,0
09/26/2021,ELBERT,1,8,0,0,9,0,2143,281,22,3,2424,25,9,0
09/27/2021,ELBERT,2,10,0,0,12,0,2153,283,22,3,2436,25,12,0
09/28/2021,ELBERT,5,6,0,0,11,0,2159,288,22,3,2447,25,11,0
09/29/2021,ELBERT,1,13,0,0,14,0,2172,289,22,3,2461,25,14,0
09/30/2021,ELBERT,5,14,0,0,19,0,2186,294,22,3,2480,25,19,0
10/01/2021,ELBERT,3,7,0,0,10,0,2193,297,22,3,2490,25,10,0
10/02/2021,ELBERT,1,7,0,0,8,0,2200,298,22,3,2498,25,8,0
10/03/2021,ELBERT,0,5,0,0,5,0,2205,298,22,3,2503,25,5,0
10/04/2021,ELBERT,2,8,0,0,10,0,2213,300,22,3,2513,25,10,0
10/05/2021,ELBERT,4,9,0,0,13,0,2222,304,22,3,2526,25,13,0
10/06/2021,ELBERT,5,13,0,0,18,0,2235,309,22,3,2544,25,18,0
10/07/2021,ELBERT,1,17,0,0,18,0,2252,310,22,3,2562,25,18,0
10/08/2021,ELBERT,0,15,0,0,15,0,2267,310,22,3,2577,25,15,0
10/09/2021,ELBERT,0,12,0,0,12,0,2279,310,22,3,2589,25,12,0
10/10/2021,ELBERT,1,7,0,0,8,0,2286,311,22,3,2597,25,8,0
10/11/2021,ELBERT,6,3,0,0,9,0,2289,317,22,3,2606,25,9,0
10/12/2021,ELBERT,1,7,0,0,8,0,2296,318,22,3,2614,25,8,0
10/13/2021,ELBERT,0,16,0,1,16,1,2312,318,23,3,2630,26,16,1
10/14/2021,ELBERT,3,10,0,0,13,0,2322,321,23,3,2643,26,13,0
10/15/2021,ELBERT,2,8,0,0,10,0,2330,323,23,3,2653,26,10,0
10/16/2021,ELBERT,2,10,0,0,12,0,2340,325,23,3,2665,26,12,0
10/17/2021,ELBERT,0,5,0,0,5,0,2345,325,23,3,2670,26,5,0
10/18/2021,ELBERT,2,5,1,0,7,1,2350,327,23,4,2677,27,7,1
10/19/2021,ELBERT,2,9,0,0,11,0,2359,329,23,4,2688,27,11,0
10/20/2021,ELBERT,0,22,0,0,22,0,2381,329,23,4,2710,27,22,0
10/21/2021,ELBERT,2,15,0,0,17,0,2396,331,23,4,2727,27,17,0
10/22/2021,ELBERT,0,8,0,0,8,0,2404,331,23,4,2735,27,8,0
10/23/2021,ELBERT,0,9,0,0,9,0,2413,331,23,4,2744,27,9,0
10/24/2021,ELBERT,3,6,0,0,9,0,2419,334,23,4,2753,27,9,0
10/25/2021,ELBERT,4,0,0,0,4,0,2419,338,23,4,2757,27,4,0
10/26/2021,ELBERT,4,7,0,0,11,0,2426,342,23,4,2768,27,11,0
10/27/2021,ELBERT,0,13,0,0,13,0,2439,342,23,4,2781,27,13,0
10/28/2021,ELBERT,2,15,0,0,17,0,2454,344,23,4,2798,27,17,0
10/29/2021,ELBERT,2,10,0,0,12,0,2464,346,23,4,2810,27,12,0
10/30/2021,ELBERT,0,4,0,0,4,0,2468,346,23,4,2814,27,4,0
10/31/2021,ELBERT,2,5,0,0,7,0,2473,348,23,4,2821,27,7,0
11/01/2021,ELBERT,3,4,0,1,7,1,2477,351,24,4,2828,28,7,1
11/02/2021,ELBERT,7,10,0,0,17,0,2487,358,24,4,2845,28,17,0
11/03/2021,ELBERT,2,8,0,0,10,0,2495,360,24,4,2855,28,10,0
11/04/2021,ELBERT,2,3,0,0,5,0,2498,362,24,4,2860,28,5,0
11/05/2021,ELBERT,1,7,0,0,8,0,2505,363,24,4,2868,28,8,0
11/06/2021,ELBERT,0,3,0,0,3,0,2508,363,24,4,2871,28,3,0
11/07/2021,ELBERT,3,6,0,0,9,0,2514,366,24,4,2880,28,9,0
11/08/2021,ELBERT,1,6,0,0,7,0,2520,367,24,4,2887,28,7,0
11/09/2021,ELBERT,5,6,0,0,11,0,2526,372,24,4,2898,28,11,0
11/10/2021,ELBERT,4,11,0,0,15,0,2537,376,24,4,2913,28,15,0
11/11/2021,ELBERT,2,5,0,0,7,0,2542,378,24,4,2920,28,7,0
11/12/2021,ELBERT,0,8,0,1,8,1,2550,378,25,4,2928,29,8,1
11/13/2021,ELBERT,2,6,0,0,8,0,2556,380,25,4,2936,29,8,0
11/14/2021,ELBERT,3,6,0,0,9,0,2562,383,25,4,2945,29,9,0
11/15/2021,ELBERT,1,5,0,0,6,0,2567,384,25,4,2951,29,6,0
11/16/2021,ELBERT,3,9,1,0,12,1,2576,387,25,5,2963,30,12,1
11/17/2021,ELBERT,0,3,0,0,3,0,2579,387,25,5,2966,30,3,0
11/18/2021,ELBERT,0,8,0,0,8,0,2587,387,25,5,2974,30,8,0
11/19/2021,ELBERT,0,8,0,0,8,0,2595,387,25,5,2982,30,8,0
11/20/2021,ELBERT,0,7,0,0,7,0,2602,387,25,5,2989,30,7,0
11/21/2021,ELBERT,0,4,0,0,4,0,2606,387,25,5,2993,30,4,0
11/22/2021,ELBERT,1,7,0,0,8,0,2613,388,25,5,3001,30,8,0
11/23/2021,ELBERT,4,11,0,0,15,0,2624,392,25,5,3016,30,15,0
11/24/2021,ELBERT,2,3,0,0,5,0,2627,394,25,5,3021,30,5,0
11/25/2021,ELBERT,0,3,0,0,3,0,2630,394,25,5,3024,30,3,0
11/26/2021,ELBERT,0,1,0,0,1,0,2631,394,25,5,3025,30,1,0
11/27/2021,ELBERT,1,9,0,1,10,1,2640,395,26,5,3035,31,10,1
11/28/2021,ELBERT,5,1,0,0,6,0,2641,400,26,5,3041,31,6,0
11/29/2021,ELBERT,5,10,0,0,15,0,2651,405,26,5,3056,31,15,0
11/30/2021,ELBERT,3,11,0,0,14,0,2662,408,26,5,3070,31,14,0
12/01/2021,ELBERT,2,11,0,0,13,0,2673,410,26,5,3083,31,13,0
12/02/2021,ELBERT,1,10,0,0,11,0,2683,411,26,5,3094,31,11,0
12/03/2021,ELBERT,2,1,0,0,3,0,2684,413,26,5,3097,31,3,0
12/04/2021,ELBERT,0,8,0,0,8,0,2692,413,26,5,3105,31,8,0
12/06/2021,ELBERT,2,9,1,0,11,1,2701,415,26,6,3116,32,11,1
12/07/2021,ELBERT,2,6,1,0,8,1,2707,417,26,7,3124,33,8,1
12/08/2021,ELBERT,1,11,0,0,12,0,2718,418,26,7,3136,33,12,0
12/09/2021,ELBERT,0,6,0,0,6,0,2724,418,26,7,3142,33,6,0
12/10/2021,ELBERT,0,3,0,0,3,0,2727,418,26,7,3145,33,3,0
12/11/2021,ELBERT,0,5,0,0,5,0,2732,418,26,7,3150,33,5,0
12/12/2021,ELBERT,0,4,0,0,4,0,2736,418,26,7,3154,33,4,0
12/13/2021,ELBERT,0,4,0,0,4,0,2740,418,26,7,3158,33,4,0
12/14/2021,ELBERT,2,6,0,1,8,1,2746,420,27,7,3166,34,8,1
12/15/2021,ELBERT,0,11,0,0,11,0,2757,420,27,7,3177,34,11,0
12/16/2021,ELBERT,3,1,0,0,4,0,2758,423,27,7,3181,34,4,0
12/17/2021,ELBERT,1,9,0,0,10,0,2767,424,27,7,3191,34,10,0
12/18/2021,ELBERT,0,2,0,0,2,0,2769,424,27,7,3193,34,2,0
12/19/2021,ELBERT,1,4,0,0,5,0,2773,425,27,7,3198,34,5,0
12/20/2021,ELBERT,3,6,0,0,9,0,2779,428,27,7,3207,34,9,0
12/21/2021,ELBERT,2,15,0,1,17,1,2794,430,28,7,3224,35,17,1
12/22/2021,ELBERT,4,8,0,0,12,0,2802,434,28,7,3236,35,12,0
12/23/2021,ELBERT,5,12,0,0,17,0,2814,439,28,7,3253,35,17,0
12/24/2021,ELBERT,2,9,0,0,11,0,2823,441,28,7,3264,35,11,0
12/25/2021,ELBERT,0,10,0,0,10,0,2833,441,28,7,3274,35,10,0
12/26/2021,ELBERT,2,4,0,0,6,0,2837,443,28,7,3280,35,6,0
12/27/2021,ELBERT,16,12,0,0,28,0,2849,459,28,7,3308,35,28,0
12/28/2021,ELBERT,9,14,0,0,23,0,2863,468,28,7,3331,35,23,0
12/29/2021,ELBERT,7,25,0,0,32,0,2888,475,28,7,3363,35,32,0
12/30/2021,ELBERT,17,33,0,0,50,0,2921,492,28,7,3413,35,50,0
12/31/2021,ELBERT,3,41,0,0,44,0,2962,495,28,7,3457,35,44,0
01/01/2022,ELBERT,1,13,0,0,14,0,2975,496,28,7,3471,35,14,0
01/02/2022,ELBERT,6,16,0,0,22,0,2991,502,28,7,3493,35,22,0
01/03/2022,ELBERT,16,9,0,0,25,0,3000,518,28,7,3518,35,25,0
01/04/2022,ELBERT,11,48,0,0,59,0,3048,529,28,7,3577,35,59,0
01/05/2022,ELBERT,20,33,0,0,53,0,3081,549,28,7,3630,35,53,0
01/06/2022,ELBERT,19,37,0,1,56,1,3118,568,29,7,3686,36,56,1
01/07/2022,ELBERT,5,27,0,0,32,0,3145,573,29,7,3718,36,32,0
01/08/2022,ELBERT,4,28,0,0,32,0,3173,577,29,7,3750,36,32,0
01/09/2022,ELBERT,4,13,0,0,17,0,3186,581,29,7,3767,36,17,0
01/10/2022,ELBERT,20,40,0,0,60,0,3226,601,29,7,3827,36,60,0
01/11/2022,ELBERT,17,20,0,0,37,0,3246,618,29,7,3864,36,37,0
01/12/2022,ELBERT,17,41,0,0,58,0,3287,635,29,7,3922,36,58,0
01/13/2022,ELBERT,18,38,0,0,56,0,3325,653,29,7,3978,36,56,0
01/14/2022,ELBERT,8,56,0,0,64,0,3381,661,29,7,4042,36,64,0
01/15/2022,ELBERT,4,24,0,0,28,0,3405,665,29,7,4070,36,28,0
01/16/2022,ELBERT,3,25,0,0,28,0,3430,668,29,7,4098,36,28,0
01/17/2022,ELBERT,4,26,0,0,30,0,3456,672,29,7,4128,36,30,0
01/18/2022,ELBERT,21,27,0,1,48,1,3483,693,30,7,4176,37,48,1
01/19/2022,ELBERT,8,29,0,0,37,0,3512,701,30,7,4213,37,37,0
01/20/2022,ELBERT,6,33,0,0,39,0,3545,707,30,7,4252,37,39,0
01/21/2022,ELBERT,8,53,0,0,61,0,3598,715,30,7,4313,37,61,0
01/22/2022,ELBERT,6,27,0,1,33,1,3625,721,31,7,4346,38,33,1
01/23/2022,ELBERT,0,25,0,1,25,1,3650,721,32,7,4371,39,25,1
01/24/2022,ELBERT,15,14,0,0,29,0,3664,736,32,7,4400,39,29,0
01/25/2022,ELBERT,17,23,0,0,40,0,3687,753,32,7,4440,39,40,0
01/26/2022,ELBERT,12,25,0,0,37,0,3712,765,32,7,4477,39,37,0
01/27/2022,ELBERT,3,16,0,0,19,0,3728,768,32,7,4496,39,19,0
01/28/2022,ELBERT,1,14,0,0,15,0,3742,769,32,7,4511,39,15,0
01/29/2022,ELBERT,2,10,0,0,12,0,3752,771,32,7,4523,39,12,0
01/30/2022,ELBERT,1,16,0,0,17,0,3768,772,32,7,4540,39,17,0
01/31/2022,ELBERT,3,7,0,0,10,0,3775,775,32,7,4550,39,10,0
02/01/2022,ELBERT,3,10,0,0,13,0,3785,778,32,7,4563,39,13,0
02/02/2022,ELBERT,0,14,0,0,14,0,3799,778,32,7,4577,39,14,0
02/03/2022,ELBERT,2,7,0,0,9,0,3806,780,32,7,4586,39,9,0
02/04/2022,ELBERT,0,10,0,0,10,0,3816,780,32,7,4596,39,10,0
02/05/2022,ELBERT,1,8,0,0,9,0,3824,781,32,7,4605,39,9,0
02/06/2022,ELBERT,1,4,0,0,5,0,3828,782,32,7,4610,39,5,0
02/07/2022,ELBERT,1,7,0,0,8,0,3835,783,32,7,4618,39,8,0
02/08/2022,ELBERT,1,8,0,0,9,0,3843,784,32,7,4627,39,9,0
02/09/2022,ELBERT,0,7,0,0,7,0,3850,784,32,7,4634,39,7,0
02/10/2022,ELBERT,1,2,0,0,3,0,3852,785,32,7,4637,39,3,0
02/11/2022,ELBERT,0,7,0,0,7,0,3859,785,32,7,4644,39,7,0
02/12/2022,ELBERT,0,2,0,0,2,0,3861,785,32,7,4646,39,2,0
02/13/2022,ELBERT,0,4,0,0,4,0,3865,785,32,7,4650,39,4,0
02/14/2022,ELBERT,1,3,0,0,4,0,3868,786,32,7,4654,39,4,0
02/15/2022,ELBERT,1,4,1,0,5,1,3872,787,32,8,4659,40,5,1
02/16/2022,ELBERT,4,6,0,0,10,0,3878,791,32,8,4669,40,10,0
02/17/2022,ELBERT,0,3,0,0,3,0,3881,791,32,8,4672,40,3,0
02/18/2022,ELBERT,0,3,0,0,3,0,3884,791,32,8,4675,40,3,0
02/19/2022,ELBERT,0,2,0,0,2,0,3886,791,32,8,4677,40,2,0
02/20/2022,ELBERT,0,3,0,0,3,0,3889,791,32,8,4680,40,3,0
02/21/2022,ELBERT,1,1,0,0,2,0,3890,792,32,8,4682,40,2,0
02/22/2022,ELBERT,0,3,0,0,3,0,3893,792,32,8,4685,40,3,0
02/24/2022,ELBERT,1,1,0,0,2,0,3894,793,32,8,4687,40,2,0
02/25/2022,ELBERT,0,2,0,0,2,0,3896,793,32,8,4689,40,2,0
02/26/2022,ELBERT,0,1,0,0,1,0,3897,793,32,8,4690,40,1,0
02/27/2022,ELBERT,0,2,0,0,2,0,3899,793,32,8,4692,40,2,0
03/01/2022,ELBERT,1,2,0,0,3,0,3901,794,32,8,4695,40,3,0
03/02/2022,ELBERT,0,3,0,0,3,0,3904,794,32,8,4698,40,3,0
03/03/2022,ELBERT,0,1,0,0,1,0,3905,794,32,8,4699,40,1,0
03/08/2022,ELBERT,0,1,0,0,1,0,3906,794,32,8,4700,40,1,0
03/14/2022,ELBERT,0,1,0,0,1,0,3907,794,32,8,4701,40,1,0
03/18/2022,ELBERT,0,1,0,0,1,0,3908,794,32,8,4702,40,1,0
03/19/2022,ELBERT,0,1,0,0,1,0,3909,794,32,8,4703,40,1,0
03/23/2020,FREMONT,0,1,0,0,1,0,1,0,0,0,1,0,-4702,-40
03/29/2020,FREMONT,0,2,0,0,2,0,3,0,0,0,3,0,2,0
04/03/2020,FREMONT,0,1,0,0,1,0,4,0,0,0,4,0,1,0
04/06/2020,FREMONT,0,1,0,0,1,0,5,0,0,0,5,0,1,0
04/08/2020,FREMONT,0,1,0,0,1,0,6,0,0,0,6,0,1,0
04/09/2020,FREMONT,0,1,0,1,1,1,7,0,1,0,7,1,1,1
04/10/2020,FREMONT,0,1,0,0,1,0,8,0,1,0,8,1,1,0
04/11/2020,FREMONT,0,1,0,0,1,0,9,0,1,0,9,1,1,0
04/14/2020,FREMONT,0,1,0,0,1,0,10,0,1,0,10,1,1,0
04/17/2020,FREMONT,0,2,0,0,2,0,12,0,1,0,12,1,2,0
04/21/2020,FREMONT,5,3,0,1,8,1,15,5,2,0,20,2,8,1
04/24/2020,FREMONT,0,1,0,0,1,0,16,5,2,0,21,2,1,0
04/25/2020,FREMONT,0,2,0,0,2,0,18,5,2,0,23,2,2,0
05/06/2020,FREMONT,0,1,0,0,1,0,19,5,2,0,24,2,1,0
05/13/2020,FREMONT,0,2,0,0,2,0,21,5,2,0,26,2,2,0
05/20/2020,FREMONT,0,1,0,0,1,0,22,5,2,0,27,2,1,0
06/05/2020,FREMONT,0,1,0,0,1,0,23,5,2,0,28,2,1,0
06/12/2020,FREMONT,0,3,0,0,3,0,26,5,2,0,31,2,3,0
06/17/2020,FREMONT,0,1,0,0,1,0,27,5,2,0,32,2,1,0
06/20/2020,FREMONT,0,1,0,0,1,0,28,5,2,0,33,2,1,0
06/24/2020,FREMONT,0,1,0,0,1,0,29,5,2,0,34,2,1,0
06/25/2020,FREMONT,1,0,0,0,1,0,29,6,2,0,35,2,1,0
06/26/2020,FREMONT,0,1,0,0,1,0,30,6,2,0,36,2,1,0
06/27/2020,FREMONT,0,2,0,0,2,0,32,6,2,0,38,2,2,0
06/29/2020,FREMONT,0,1,0,0,1,0,33,6,2,0,39,2,1,0
06/30/2020,FREMONT,0,1,0,0,1,0,34,6,2,0,40,2,1,0
07/03/2020,FREMONT,0,2,0,0,2,0,36,6,2,0,42,2,2,0
07/05/2020,FREMONT,0,1,0,0,1,0,37,6,2,0,43,2,1,0
07/10/2020,FREMONT,0,1,0,0,1,0,38,6,2,0,44,2,1,0
07/11/2020,FREMONT,0,1,0,0,1,0,39,6,2,0,45,2,1,0
07/12/2020,FREMONT,0,3,0,0,3,0,42,6,2,0,48,2,3,0
07/14/2020,FREMONT,0,2,0,0,2,0,44,6,2,0,50,2,2,0
07/15/2020,FREMONT,1,20,0,0,21,0,64,7,2,0,71,2,21,0
07/16/2020,FREMONT,0,6,0,0,6,0,70,7,2,0,77,2,6,0
07/17/2020,FREMONT,0,1,0,0,1,0,71,7,2,0,78,2,1,0
07/18/2020,FREMONT,0,2,0,0,2,0,73,7,2,0,80,2,2,0
07/19/2020,FREMONT,0,2,0,0,2,0,75,7,2,0,82,2,2,0
07/20/2020,FREMONT,0,1,0,0,1,0,76,7,2,0,83,2,1,0
07/21/2020,FREMONT,0,3,0,0,3,0,79,7,2,0,86,2,3,0
07/23/2020,FREMONT,0,3,0,0,3,0,82,7,2,0,89,2,3,0
07/24/2020,FREMONT,0,1,0,0,1,0,83,7,2,0,90,2,1,0
07/25/2020,FREMONT,0,4,0,0,4,0,87,7,2,0,94,2,4,0
07/27/2020,FREMONT,0,2,0,0,2,0,89,7,2,0,96,2,2,0
07/28/2020,FREMONT,0,1,0,0,1,0,90,7,2,0,97,2,1,0
07/29/2020,FREMONT,0,7,0,0,7,0,97,7,2,0,104,2,7,0
07/30/2020,FREMONT,0,2,0,0,2,0,99,7,2,0,106,2,2,0
07/31/2020,FREMONT,0,8,0,0,8,0,107,7,2,0,114,2,8,0
08/03/2020,FREMONT,0,1,0,0,1,0,108,7,2,0,115,2,1,0
08/04/2020,FREMONT,0,3,0,0,3,0,111,7,2,0,118,2,3,0
08/05/2020,FREMONT,0,1,0,0,1,0,112,7,2,0,119,2,1,0
08/06/2020,FREMONT,0,1,0,0,1,0,113,7,2,0,120,2,1,0
08/07/2020,FREMONT,0,5,0,0,5,0,118,7,2,0,125,2,5,0
08/08/2020,FREMONT,0,2,0,1,2,1,120,7,3,0,127,3,2,1
08/09/2020,FREMONT,0,1,0,0,1,0,121,7,3,0,128,3,1,0
08/10/2020,FREMONT,0,2,0,0,2,0,123,7,3,0,130,3,2,0
08/11/2020,FREMONT,0,3,0,0,3,0,126,7,3,0,133,3,3,0
08/12/2020,FREMONT,0,1,0,0,1,0,127,7,3,0,134,3,1,0
08/13/2020,FREMONT,0,3,0,0,3,0,130,7,3,0,137,3,3,0
08/14/2020,FREMONT,0,1,0,0,1,0,131,7,3,0,138,3,1,0
08/15/2020,FREMONT,0,1,0,0,1,0,132,7,3,0,139,3,1,0
08/16/2020,FREMONT,0,1,0,0,1,0,133,7,3,0,140,3,1,0
08/18/2020,FREMONT,0,5,0,0,5,0,138,7,3,0,145,3,5,0
08/19/2020,FREMONT,3,0,0,0,3,0,138,10,3,0,148,3,3,0
08/20/2020,FREMONT,4,2,0,0,6,0,140,14,3,0,154,3,6,0
08/22/2020,FREMONT,0,1,0,0,1,0,141,14,3,0,155,3,1,0
08/25/2020,FREMONT,0,1,0,0,1,0,142,14,3,0,156,3,1,0
08/26/2020,FREMONT,0,2,0,0,2,0,144,14,3,0,158,3,2,0
08/27/2020,FREMONT,1,0,0,0,1,0,144,15,3,0,159,3,1,0
08/28/2020,FREMONT,0,1,0,0,1,0,145,15,3,0,160,3,1,0
09/01/2020,FREMONT,0,3,0,0,3,0,148,15,3,0,163,3,3,0
09/02/2020,FREMONT,1,0,0,0,1,0,148,16,3,0,164,3,1,0
09/03/2020,FREMONT,1,0,0,0,1,0,148,17,3,0,165,3,1,0
09/06/2020,FREMONT,0,1,0,0,1,0,149,17,3,0,166,3,1,0
09/07/2020,FREMONT,0,1,0,0,1,0,150,17,3,0,167,3,1,0
09/10/2020,FREMONT,0,1,0,0,1,0,151,17,3,0,168,3,1,0
09/13/2020,FREMONT,0,1,0,0,1,0,152,17,3,0,169,3,1,0
09/21/2020,FREMONT,0,2,0,0,2,0,154,17,3,0,171,3,2,0
09/22/2020,FREMONT,0,2,0,0,2,0,156,17,3,0,173,3,2,0
09/24/2020,FREMONT,1,5,0,0,6,0,161,18,3,0,179,3,6,0
09/29/2020,FREMONT,0,2,0,0,2,0,163,18,3,0,181,3,2,0
10/01/2020,FREMONT,0,1,0,0,1,0,164,18,3,0,182,3,1,0
10/02/2020,FREMONT,0,1,0,0,1,0,165,18,3,0,183,3,1,0
10/03/2020,FREMONT,1,1,0,0,2,0,166,19,3,0,185,3,2,0
10/04/2020,FREMONT,0,6,0,0,6,0,172,19,3,0,191,3,6,0
10/05/2020,FREMONT,0,4,0,0,4,0,176,19,3,0,195,3,4,0
10/07/2020,FREMONT,0,1,0,0,1,0,177,19,3,0,196,3,1,0
10/08/2020,FREMONT,0,2,0,0,2,0,179,19,3,0,198,3,2,0
10/09/2020,FREMONT,0,3,0,0,3,0,182,19,3,0,201,3,3,0
10/10/2020,FREMONT,1,5,0,0,6,0,187,20,3,0,207,3,6,0
10/11/2020,FREMONT,0,36,0,0,36,0,223,20,3,0,243,3,36,0
10/12/2020,FREMONT,0,37,0,1,37,1,260,20,4,0,280,4,37,1
10/13/2020,FREMONT,0,9,0,0,9,0,269,20,4,0,289,4,9,0
10/14/2020,FREMONT,0,41,0,0,41,0,310,20,4,0,330,4,41,0
10/15/2020,FREMONT,0,139,0,0,139,0,449,20,4,0,469,4,139,0
10/16/2020,FREMONT,0,1,0,0,1,0,450,20,4,0,470,4,1,0
10/17/2020,FREMONT,0,5,0,0,5,0,455,20,4,0,475,4,5,0
10/18/2020,FREMONT,0,59,0,0,59,0,514,20,4,0,534,4,59,0
10/19/2020,FREMONT,0,10,0,0,10,0,524,20,4,0,544,4,10,0
10/20/2020,FREMONT,2,10,0,0,12,0,534,22,4,0,556,4,12,0
10/21/2020,FREMONT,0,53,0,0,53,0,587,22,4,0,609,4,53,0
10/22/2020,FREMONT,0,11,0,1,11,1,598,22,5,0,620,5,11,1
10/23/2020,FREMONT,0,13,0,0,13,0,611,22,5,0,633,5,13,0
10/24/2020,FREMONT,0,36,0,0,36,0,647,22,5,0,669,5,36,0
10/25/2020,FREMONT,0,7,0,0,7,0,654,22,5,0,676,5,7,0
10/26/2020,FREMONT,1,3,0,0,4,0,657,23,5,0,680,5,4,0
10/27/2020,FREMONT,3,1,0,0,4,0,658,26,5,0,684,5,4,0
10/28/2020,FREMONT,0,15,0,0,15,0,673,26,5,0,699,5,15,0
10/29/2020,FREMONT,4,58,0,1,62,1,731,30,6,0,761,6,62,1
10/30/2020,FREMONT,3,56,0,0,59,0,787,33,6,0,820,6,59,0
10/31/2020,FREMONT,1,30,0,0,31,0,817,34,6,0,851,6,31,0
11/01/2020,FREMONT,0,47,0,0,47,0,864,34,6,0,898,6,47,0
11/02/2020,FREMONT,0,28,0,0,28,0,892,34,6,0,926,6,28,0
11/03/2020,FREMONT,0,17,0,0,17,0,909,34,6,0,943,6,17,0
11/04/2020,FREMONT,1,50,0,0,51,0,959,35,6,0,994,6,51,0
11/05/2020,FREMONT,0,77,0,1,77,1,1036,35,7,0,1071,7,77,1
11/06/2020,FREMONT,1,27,0,0,28,0,1063,36,7,0,1099,7,28,0
11/07/2020,FREMONT,2,33,0,0,35,0,1096,38,7,0,1134,7,35,0
11/08/2020,FREMONT,0,76,0,1,76,1,1172,38,8,0,1210,8,76,1
11/09/2020,FREMONT,0,32,0,0,32,0,1204,38,8,0,1242,8,32,0
11/10/2020,FREMONT,2,49,0,1,51,1,1253,40,9,0,1293,9,51,1
11/11/2020,FREMONT,1,96,0,1,97,1,1349,41,10,0,1390,10,97,1
11/12/2020,FREMONT,6,88,0,0,94,0,1437,47,10,0,1484,10,94,0
11/13/2020,FREMONT,1,46,0,0,47,0,1483,48,10,0,1531,10,47,0
11/14/2020,FREMONT,1,11,0,1,12,1,1494,49,11,0,1543,11,12,1
11/15/2020,FREMONT,1,20,0,0,21,0,1514,50,11,0,1564,11,21,0
11/16/2020,FREMONT,1,89,0,0,90,0,1603,51,11,0,1654,11,90,0
11/17/2020,FREMONT,0,115,0,0,115,0,1718,51,11,0,1769,11,115,0
11/18/2020,FREMONT,0,160,0,1,160,1,1878,51,12,0,1929,12,160,1
11/19/2020,FREMONT,2,95,0,1,97,1,1973,53,13,0,2026,13,97,1
11/20/2020,FREMONT,4,92,0,1,96,1,2065,57,14,0,2122,14,96,1
11/21/2020,FREMONT,1,73,0,0,74,0,2138,58,14,0,2196,14,74,0
11/22/2020,FREMONT,3,155,0,0,158,0,2293,61,14,0,2354,14,158,0
11/23/2020,FREMONT,1,37,0,0,38,0,2330,62,14,0,2392,14,38,0
11/24/2020,FREMONT,3,46,0,0,49,0,2376,65,14,0,2441,14,49,0
11/25/2020,FREMONT,1,144,0,1,145,1,2520,66,15,0,2586,15,145,1
11/26/2020,FREMONT,0,81,0,0,81,0,2601,66,15,0,2667,15,81,0
11/27/2020,FREMONT,0,144,0,0,144,0,2745,66,15,0,2811,15,144,0
11/28/2020,FREMONT,0,102,0,0,102,0,2847,66,15,0,2913,15,102,0
11/29/2020,FREMONT,1,45,0,0,46,0,2892,67,15,0,2959,15,46,0
11/30/2020,FREMONT,0,28,0,0,28,0,2920,67,15,0,2987,15,28,0
12/01/2020,FREMONT,4,160,0,0,164,0,3080,71,15,0,3151,15,164,0
12/02/2020,FREMONT,1,92,0,0,93,0,3172,72,15,0,3244,15,93,0
12/03/2020,FREMONT,2,47,0,0,49,0,3219,74,15,0,3293,15,49,0
12/04/2020,FREMONT,8,151,0,1,159,1,3370,82,16,0,3452,16,159,1
12/05/2020,FREMONT,1,50,0,0,51,0,3420,83,16,0,3503,16,51,0
12/06/2020,FREMONT,0,30,0,1,30,1,3450,83,17,0,3533,17,30,1
12/07/2020,FREMONT,0,29,0,0,29,0,3479,83,17,0,3562,17,29,0
12/08/2020,FREMONT,2,61,0,1,63,1,3540,85,18,0,3625,18,63,1
12/09/2020,FREMONT,2,134,0,2,136,2,3674,87,20,0,3761,20,136,2
12/10/2020,FREMONT,1,51,0,0,52,0,3725,88,20,0,3813,20,52,0
12/11/2020,FREMONT,1,71,0,0,72,0,3796,89,20,0,3885,20,72,0
12/12/2020,FREMONT,0,17,0,0,17,0,3813,89,20,0,3902,20,17,0
12/13/2020,FREMONT,3,30,0,2,33,2,3843,92,22,0,3935,22,33,2
12/14/2020,FREMONT,0,10,0,1,10,1,3853,92,23,0,3945,23,10,1
12/15/2020,FREMONT,0,67,0,0,67,0,3920,92,23,0,4012,23,67,0
12/16/2020,FREMONT,0,36,0,2,36,2,3956,92,25,0,4048,25,36,2
12/17/2020,FREMONT,2,48,0,0,50,0,4004,94,25,0,4098,25,50,0
12/18/2020,FREMONT,0,46,0,0,46,0,4050,94,25,0,4144,25,46,0
12/19/2020,FREMONT,0,114,0,0,114,0,4164,94,25,0,4258,25,114,0
12/20/2020,FREMONT,2,16,0,0,18,0,4180,96,25,0,4276,25,18,0
12/21/2020,FREMONT,1,14,0,0,15,0,4194,97,25,0,4291,25,15,0
12/22/2020,FREMONT,1,53,0,0,54,0,4247,98,25,0,4345,25,54,0
12/23/2020,FREMONT,1,126,0,1,127,1,4373,99,26,0,4472,26,127,1
12/24/2020,FREMONT,1,47,0,1,48,1,4420,100,27,0,4520,27,48,1
12/25/2020,FREMONT,0,10,0,0,10,0,4430,100,27,0,4530,27,10,0
12/26/2020,FREMONT,0,32,0,3,32,3,4462,100,30,0,4562,30,32,3
12/27/2020,FREMONT,0,22,0,0,22,0,4484,100,30,0,4584,30,22,0
12/28/2020,FREMONT,0,6,0,0,6,0,4490,100,30,0,4590,30,6,0
12/29/2020,FREMONT,1,42,0,1,43,1,4532,101,31,0,4633,31,43,1
12/30/2020,FREMONT,2,36,0,1,38,1,4568,103,32,0,4671,32,38,1
12/31/2020,FREMONT,0,19,0,0,19,0,4587,103,32,0,4690,32,19,0
01/01/2021,FREMONT,0,39,0,0,39,0,4626,103,32,0,4729,32,39,0
01/02/2021,FREMONT,2,26,0,0,28,0,4652,105,32,0,4757,32,28,0
01/03/2021,FREMONT,1,21,0,0,22,0,4673,106,32,0,4779,32,22,0
01/04/2021,FREMONT,2,5,0,1,7,1,4678,108,33,0,4786,33,7,1
01/05/2021,FREMONT,4,21,0,0,25,0,4699,112,33,0,4811,33,25,0
01/06/2021,FREMONT,1,31,0,1,32,1,4730,113,34,0,4843,34,32,1
01/07/2021,FREMONT,2,21,0,1,23,1,4751,115,35,0,4866,35,23,1
01/08/2021,FREMONT,0,30,0,0,30,0,4781,115,35,0,4896,35,30,0
01/09/2021,FREMONT,1,11,0,1,12,1,4792,116,36,0,4908,36,12,1
01/10/2021,FREMONT,0,14,0,1,14,1,4806,116,37,0,4922,37,14,1
01/11/2021,FREMONT,2,4,2,0,6,2,4810,118,37,2,4928,39,6,2
01/12/2021,FREMONT,4,17,0,0,21,0,4827,122,37,2,4949,39,21,0
01/13/2021,FREMONT,1,20,0,0,21,0,4847,123,37,2,4970,39,21,0
01/14/2021,FREMONT,0,14,0,0,14,0,4861,123,37,2,4984,39,14,0
01/15/2021,FREMONT,1,8,0,0,9,0,4869,124,37,2,4993,39,9,0
01/16/2021,FREMONT,0,9,0,0,9,0,4878,124,37,2,5002,39,9,0
01/17/2021,FREMONT,0,5,0,0,5,0,4883,124,37,2,5007,39,5,0
01/18/2021,FREMONT,0,7,0,1,7,1,4890,124,38,2,5014,40,7,1
01/19/2021,FREMONT,0,17,0,0,17,0,4907,124,38,2,5031,40,17,0
01/20/2021,FREMONT,3,11,0,0,14,0,4918,127,38,2,5045,40,14,0
01/21/2021,FREMONT,0,18,0,0,18,0,4936,127,38,2,5063,40,18,0
01/22/2021,FREMONT,0,33,0,1,33,1,4969,127,39,2,5096,41,33,1
01/23/2021,FREMONT,0,14,0,0,14,0,4983,127,39,2,5110,41,14,0
01/24/2021,FREMONT,0,2,0,0,2,0,4985,127,39,2,5112,41,2,0
01/25/2021,FREMONT,0,2,0,0,2,0,4987,127,39,2,5114,41,2,0
01/26/2021,FREMONT,0,29,0,4,29,4,5016,127,43,2,5143,45,29,4
01/27/2021,FREMONT,0,14,0,1,14,1,5030,127,44,2,5157,46,14,1
01/28/2021,FREMONT,0,13,0,0,13,0,5043,127,44,2,5170,46,13,0
01/29/2021,FREMONT,1,38,0,0,39,0,5081,128,44,2,5209,46,39,0
01/30/2021,FREMONT,0,1,0,0,1,0,5082,128,44,2,5210,46,1,0
01/31/2021,FREMONT,0,11,0,0,11,0,5093,128,44,2,5221,46,11,0
02/01/2021,FREMONT,1,1,0,0,2,0,5094,129,44,2,5223,46,2,0
02/02/2021,FREMONT,0,9,0,0,9,0,5103,129,44,2,5232,46,9,0
02/03/2021,FREMONT,1,5,0,0,6,0,5108,130,44,2,5238,46,6,0
02/04/2021,FREMONT,1,21,0,0,22,0,5129,131,44,2,5260,46,22,0
02/05/2021,FREMONT,0,8,0,1,8,1,5137,131,45,2,5268,47,8,1
02/06/2021,FREMONT,0,3,0,0,3,0,5140,131,45,2,5271,47,3,0
02/07/2021,FREMONT,0,1,0,0,1,0,5141,131,45,2,5272,47,1,0
02/08/2021,FREMONT,1,1,0,0,2,0,5142,132,45,2,5274,47,2,0
02/09/2021,FREMONT,0,7,0,0,7,0,5149,132,45,2,5281,47,7,0
02/10/2021,FREMONT,0,8,0,1,8,1,5157,132,46,2,5289,48,8,1
02/11/2021,FREMONT,0,19,0,0,19,0,5176,132,46,2,5308,48,19,0
02/12/2021,FREMONT,0,5,0,1,5,1,5181,132,47,2,5313,49,5,1
02/13/2021,FREMONT,0,6,0,0,6,0,5187,132,47,2,5319,49,6,0
02/14/2021,FREMONT,0,51,0,0,51,0,5238,132,47,2,5370,49,51,0
02/15/2021,FREMONT,0,22,0,0,22,0,5260,132,47,2,5392,49,22,0
02/16/2021,FREMONT,1,8,1,0,9,1,5268,133,47,3,5401,50,9,1
02/17/2021,FREMONT,2,7,2,0,9,2,5275,135,47,5,5410,52,9,2
02/18/2021,FREMONT,0,14,0,0,14,0,5289,135,47,5,5424,52,14,0
02/19/2021,FREMONT,2,9,0,0,11,0,5298,137,47,5,5435,52,11,0
02/20/2021,FREMONT,0,23,0,0,23,0,5321,137,47,5,5458,52,23,0
02/21/2021,FREMONT,0,14,0,0,14,0,5335,137,47,5,5472,52,14,0
02/23/2021,FREMONT,1,10,0,1,11,1,5345,138,48,5,5483,53,11,1
02/24/2021,FREMONT,0,17,0,1,17,1,5362,138,49,5,5500,54,17,1
02/25/2021,FREMONT,1,10,0,1,11,1,5372,139,50,5,5511,55,11,1
02/26/2021,FREMONT,0,7,0,0,7,0,5379,139,50,5,5518,55,7,0
02/27/2021,FREMONT,0,3,0,0,3,0,5382,139,50,5,5521,55,3,0
02/28/2021,FREMONT,0,2,0,0,2,0,5384,139,50,5,5523,55,2,0
03/02/2021,FREMONT,0,4,0,0,4,0,5388,139,50,5,5527,55,4,0
03/03/2021,FREMONT,0,5,0,0,5,0,5393,139,50,5,5532,55,5,0
03/04/2021,FREMONT,0,6,0,0,6,0,5399,139,50,5,5538,55,6,0
03/05/2021,FREMONT,0,19,0,0,19,0,5418,139,50,5,5557,55,19,0
03/06/2021,FREMONT,0,5,0,0,5,0,5423,139,50,5,5562,55,5,0
03/07/2021,FREMONT,0,1,0,0,1,0,5424,139,50,5,5563,55,1,0
03/08/2021,FREMONT,1,0,0,0,1,0,5424,140,50,5,5564,55,1,0
03/09/2021,FREMONT,0,3,0,0,3,0,5427,140,50,5,5567,55,3,0
03/10/2021,FREMONT,0,19,0,0,19,0,5446,140,50,5,5586,55,19,0
03/11/2021,FREMONT,0,4,0,0,4,0,5450,140,50,5,5590,55,4,0
03/12/2021,FREMONT,0,8,0,0,8,0,5458,140,50,5,5598,55,8,0
03/13/2021,FREMONT,0,23,0,0,23,0,5481,140,50,5,5621,55,23,0
03/15/2021,FREMONT,0,2,0,0,2,0,5483,140,50,5,5623,55,2,0
03/16/2021,FREMONT,0,3,0,0,3,0,5486,140,50,5,5626,55,3,0
03/17/2021,FREMONT,0,11,0,0,11,0,5497,140,50,5,5637,55,11,0
03/18/2021,FREMONT,1,5,0,0,6,0,5502,141,50,5,5643,55,6,0
03/19/2021,FREMONT,0,3,0,0,3,0,5505,141,50,5,5646,55,3,0
03/20/2021,FREMONT,0,6,0,0,6,0,5511,141,50,5,5652,55,6,0
03/22/2021,FREMONT,0,3,0,0,3,0,5514,141,50,5,5655,55,3,0
03/23/2021,FREMONT,0,15,0,0,15,0,5529,141,50,5,5670,55,15,0
03/24/2021,FREMONT,0,5,0,0,5,0,5534,141,50,5,5675,55,5,0
03/25/2021,FREMONT,0,4,0,0,4,0,5538,141,50,5,5679,55,4,0
03/26/2021,FREMONT,1,14,0,0,15,0,5552,142,50,5,5694,55,15,0
03/27/2021,FREMONT,0,3,0,0,3,0,5555,142,50,5,5697,55,3,0
03/28/2021,FREMONT,2,3,0,0,5,0,5558,144,50,5,5702,55,5,0
03/29/2021,FREMONT,0,2,0,0,2,0,5560,144,50,5,5704,55,2,0
03/30/2021,FREMONT,1,7,0,0,8,0,5567,145,50,5,5712,55,8,0
03/31/2021,FREMONT,0,4,0,0,4,0,5571,145,50,5,5716,55,4,0
04/01/2021,FREMONT,0,5,0,0,5,0,5576,145,50,5,5721,55,5,0
04/02/2021,FREMONT,0,6,0,0,6,0,5582,145,50,5,5727,55,6,0
04/03/2021,FREMONT,0,8,0,0,8,0,5590,145,50,5,5735,55,8,0
04/04/2021,FREMONT,0,2,0,0,2,0,5592,145,50,5,5737,55,2,0
04/05/2021,FREMONT,0,7,0,0,7,0,5599,145,50,5,5744,55,7,0
04/06/2021,FREMONT,0,7,0,0,7,0,5606,145,50,5,5751,55,7,0
04/07/2021,FREMONT,0,7,0,0,7,0,5613,145,50,5,5758,55,7,0
04/08/2021,FREMONT,0,10,0,0,10,0,5623,145,50,5,5768,55,10,0
04/09/2021,FREMONT,0,12,0,0,12,0,5635,145,50,5,5780,55,12,0
04/10/2021,FREMONT,0,1,0,0,1,0,5636,145,50,5,5781,55,1,0
04/11/2021,FREMONT,0,5,0,0,5,0,5641,145,50,5,5786,55,5,0
04/12/2021,FREMONT,0,13,0,0,13,0,5654,145,50,5,5799,55,13,0
04/13/2021,FREMONT,0,8,0,0,8,0,5662,145,50,5,5807,55,8,0
04/14/2021,FREMONT,1,4,1,0,5,1,5666,146,50,6,5812,56,5,1
04/15/2021,FREMONT,0,10,0,0,10,0,5676,146,50,6,5822,56,10,0
04/16/2021,FREMONT,0,10,0,0,10,0,5686,146,50,6,5832,56,10,0
04/17/2021,FREMONT,0,10,0,0,10,0,5696,146,50,6,5842,56,10,0
04/18/2021,FREMONT,0,6,0,0,6,0,5702,146,50,6,5848,56,6,0
04/19/2021,FREMONT,2,13,0,0,15,0,5715,148,50,6,5863,56,15,0
04/20/2021,FREMONT,4,18,0,0,22,0,5733,152,50,6,5885,56,22,0
04/21/2021,FREMONT,1,20,0,0,21,0,5753,153,50,6,5906,56,21,0
04/22/2021,FREMONT,0,19,0,1,19,1,5772,153,51,6,5925,57,19,1
04/23/2021,FREMONT,0,40,0,0,40,0,5812,153,51,6,5965,57,40,0
04/24/2021,FREMONT,3,18,0,1,21,1,5830,156,52,6,5986,58,21,1
04/25/2021,FREMONT,0,9,0,0,9,0,5839,156,52,6,5995,58,9,0
04/26/2021,FREMONT,0,5,0,0,5,0,5844,156,52,6,6000,58,5,0
04/27/2021,FREMONT,0,19,0,1,19,1,5863,156,53,6,6019,59,19,1
04/28/2021,FREMONT,2,26,0,0,28,0,5889,158,53,6,6047,59,28,0
04/29/2021,FREMONT,1,44,0,0,45,0,5933,159,53,6,6092,59,45,0
04/30/2021,FREMONT,0,44,0,0,44,0,5977,159,53,6,6136,59,44,0
05/01/2021,FREMONT,0,19,0,0,19,0,5996,159,53,6,6155,59,19,0
05/02/2021,FREMONT,0,6,0,0,6,0,6002,159,53,6,6161,59,6,0
05/03/2021,FREMONT,3,7,0,0,10,0,6009,162,53,6,6171,59,10,0
05/04/2021,FREMONT,0,27,0,1,27,1,6036,162,54,6,6198,60,27,1
05/05/2021,FREMONT,0,19,0,1,19,1,6055,162,55,6,6217,61,19,1
05/06/2021,FREMONT,1,20,0,0,21,0,6075,163,55,6,6238,61,21,0
05/07/2021,FREMONT,0,14,0,1,14,1,6089,163,56,6,6252,62,14,1
05/08/2021,FREMONT,0,7,0,0,7,0,6096,163,56,6,6259,62,7,0
05/09/2021,FREMONT,0,17,0,1,17,1,6113,163,57,6,6276,63,17,1
05/10/2021,FREMONT,0,4,0,0,4,0,6117,163,57,6,6280,63,4,0
05/11/2021,FREMONT,1,13,0,0,14,0,6130,164,57,6,6294,63,14,0
05/12/2021,FREMONT,1,15,0,1,16,1,6145,165,58,6,6310,64,16,1
05/13/2021,FREMONT,0,9,0,0,9,0,6154,165,58,6,6319,64,9,0
05/14/2021,FREMONT,0,10,0,0,10,0,6164,165,58,6,6329,64,10,0
05/15/2021,FREMONT,1,0,0,0,1,0,6164,166,58,6,6330,64,1,0
05/16/2021,FREMONT,0,1,0,0,1,0,6165,166,58,6,6331,64,1,0
05/17/2021,FREMONT,0,6,0,0,6,0,6171,166,58,6,6337,64,6,0
05/18/2021,FREMONT,0,24,0,0,24,0,6195,166,58,6,6361,64,24,0
05/19/2021,FREMONT,0,3,0,0,3,0,6198,166,58,6,6364,64,3,0
05/20/2021,FREMONT,6,5,0,0,11,0,6203,172,58,6,6375,64,11,0
05/21/2021,FREMONT,1,10,0,0,11,0,6213,173,58,6,6386,64,11,0
05/22/2021,FREMONT,0,9,0,0,9,0,6222,173,58,6,6395,64,9,0
05/23/2021,FREMONT,0,1,0,0,1,0,6223,173,58,6,6396,64,1,0
05/24/2021,FREMONT,0,34,0,0,34,0,6257,173,58,6,6430,64,34,0
05/25/2021,FREMONT,0,14,0,0,14,0,6271,173,58,6,6444,64,14,0
05/26/2021,FREMONT,0,10,0,0,10,0,6281,173,58,6,6454,64,10,0
05/27/2021,FREMONT,2,5,0,0,7,0,6286,175,58,6,6461,64,7,0
05/28/2021,FREMONT,1,9,0,0,10,0,6295,176,58,6,6471,64,10,0
05/29/2021,FREMONT,0,7,0,1,7,1,6302,176,59,6,6478,65,7,1
05/30/2021,FREMONT,0,1,0,0,1,0,6303,176,59,6,6479,65,1,0
05/31/2021,FREMONT,0,4,0,0,4,0,6307,176,59,6,6483,65,4,0
06/01/2021,FREMONT,0,6,0,1,6,1,6313,176,60,6,6489,66,6,1
06/02/2021,FREMONT,0,7,0,0,7,0,6320,176,60,6,6496,66,7,0
06/03/2021,FREMONT,0,7,0,0,7,0,6327,176,60,6,6503,66,7,0
06/04/2021,FREMONT,0,6,0,0,6,0,6333,176,60,6,6509,66,6,0
06/05/2021,FREMONT,0,3,0,0,3,0,6336,176,60,6,6512,66,3,0
06/06/2021,FREMONT,0,2,0,0,2,0,6338,176,60,6,6514,66,2,0
06/07/2021,FREMONT,0,1,0,0,1,0,6339,176,60,6,6515,66,1,0
06/08/2021,FREMONT,0,7,0,0,7,0,6346,176,60,6,6522,66,7,0
06/09/2021,FREMONT,0,4,0,0,4,0,6350,176,60,6,6526,66,4,0
06/10/2021,FREMONT,0,1,0,0,1,0,6351,176,60,6,6527,66,1,0
06/11/2021,FREMONT,1,0,0,0,1,0,6351,177,60,6,6528,66,1,0
06/12/2021,FREMONT,0,1,0,0,1,0,6352,177,60,6,6529,66,1,0
06/14/2021,FREMONT,0,2,0,0,2,0,6354,177,60,6,6531,66,2,0
06/15/2021,FREMONT,0,4,0,0,4,0,6358,177,60,6,6535,66,4,0
06/16/2021,FREMONT,1,2,0,0,3,0,6360,178,60,6,6538,66,3,0
06/17/2021,FREMONT,0,2,0,0,2,0,6362,178,60,6,6540,66,2,0
06/18/2021,FREMONT,0,4,0,0,4,0,6366,178,60,6,6544,66,4,0
06/19/2021,FREMONT,0,2,0,0,2,0,6368,178,60,6,6546,66,2,0
06/21/2021,FREMONT,0,1,0,0,1,0,6369,178,60,6,6547,66,1,0
06/22/2021,FREMONT,0,4,0,0,4,0,6373,178,60,6,6551,66,4,0
06/23/2021,FREMONT,0,3,0,0,3,0,6376,178,60,6,6554,66,3,0
06/24/2021,FREMONT,0,4,0,0,4,0,6380,178,60,6,6558,66,4,0
06/25/2021,FREMONT,0,4,0,0,4,0,6384,178,60,6,6562,66,4,0
06/26/2021,FREMONT,0,3,0,0,3,0,6387,178,60,6,6565,66,3,0
06/27/2021,FREMONT,0,1,0,0,1,0,6388,178,60,6,6566,66,1,0
06/28/2021,FREMONT,0,2,0,0,2,0,6390,178,60,6,6568,66,2,0
06/29/2021,FREMONT,0,8,0,0,8,0,6398,178,60,6,6576,66,8,0
06/30/2021,FREMONT,0,1,0,0,1,0,6399,178,60,6,6577,66,1,0
07/01/2021,FREMONT,0,3,0,0,3,0,6402,178,60,6,6580,66,3,0
07/02/2021,FREMONT,0,2,0,0,2,0,6404,178,60,6,6582,66,2,0
07/03/2021,FREMONT,0,2,0,0,2,0,6406,178,60,6,6584,66,2,0
07/04/2021,FREMONT,0,2,0,0,2,0,6408,178,60,6,6586,66,2,0
07/05/2021,FREMONT,0,1,0,0,1,0,6409,178,60,6,6587,66,1,0
07/06/2021,FREMONT,0,1,0,0,1,0,6410,178,60,6,6588,66,1,0
07/07/2021,FREMONT,0,5,0,0,5,0,6415,178,60,6,6593,66,5,0
07/08/2021,FREMONT,0,2,0,0,2,0,6417,178,60,6,6595,66,2,0
07/09/2021,FREMONT,1,1,0,0,2,0,6418,179,60,6,6597,66,2,0
07/10/2021,FREMONT,0,3,0,0,3,0,6421,179,60,6,6600,66,3,0
07/11/2021,FREMONT,0,1,0,0,1,0,6422,179,60,6,6601,66,1,0
07/13/2021,FREMONT,0,12,0,0,12,0,6434,179,60,6,6613,66,12,0
07/14/2021,FREMONT,0,4,0,0,4,0,6438,179,60,6,6617,66,4,0
07/15/2021,FREMONT,0,5,0,0,5,0,6443,179,60,6,6622,66,5,0
07/16/2021,FREMONT,0,6,0,0,6,0,6449,179,60,6,6628,66,6,0
07/17/2021,FREMONT,0,1,0,0,1,0,6450,179,60,6,6629,66,1,0
07/18/2021,FREMONT,0,4,0,0,4,0,6454,179,60,6,6633,66,4,0
07/20/2021,FREMONT,1,2,0,0,3,0,6456,180,60,6,6636,66,3,0
07/21/2021,FREMONT,0,2,0,0,2,0,6458,180,60,6,6638,66,2,0
07/22/2021,FREMONT,0,2,0,0,2,0,6460,180,60,6,6640,66,2,0
07/23/2021,FREMONT,0,4,0,0,4,0,6464,180,60,6,6644,66,4,0
07/24/2021,FREMONT,0,2,0,0,2,0,6466,180,60,6,6646,66,2,0
07/25/2021,FREMONT,0,3,0,0,3,0,6469,180,60,6,6649,66,3,0
07/26/2021,FREMONT,0,3,0,0,3,0,6472,180,60,6,6652,66,3,0
07/27/2021,FREMONT,0,6,0,1,6,1,6478,180,61,6,6658,67,6,1
07/28/2021,FREMONT,0,8,0,0,8,0,6486,180,61,6,6666,67,8,0
07/29/2021,FREMONT,0,6,0,1,6,1,6492,180,62,6,6672,68,6,1
07/30/2021,FREMONT,1,6,0,0,7,0,6498,181,62,6,6679,68,7,0
07/31/2021,FREMONT,0,10,0,1,10,1,6508,181,63,6,6689,69,10,1
08/01/2021,FREMONT,0,4,0,0,4,0,6512,181,63,6,6693,69,4,0
08/02/2021,FREMONT,1,4,0,0,5,0,6516,182,63,6,6698,69,5,0
08/03/2021,FREMONT,0,10,0,1,10,1,6526,182,64,6,6708,70,10,1
08/04/2021,FREMONT,0,5,0,0,5,0,6531,182,64,6,6713,70,5,0
08/05/2021,FREMONT,0,6,0,0,6,0,6537,182,64,6,6719,70,6,0
08/06/2021,FREMONT,0,6,0,0,6,0,6543,182,64,6,6725,70,6,0
08/07/2021,FREMONT,0,2,0,0,2,0,6545,182,64,6,6727,70,2,0
08/08/2021,FREMONT,0,7,0,0,7,0,6552,182,64,6,6734,70,7,0
08/09/2021,FREMONT,0,3,0,0,3,0,6555,182,64,6,6737,70,3,0
08/10/2021,FREMONT,1,7,0,1,8,1,6562,183,65,6,6745,71,8,1
08/11/2021,FREMONT,0,8,0,0,8,0,6570,183,65,6,6753,71,8,0
08/12/2021,FREMONT,3,5,0,0,8,0,6575,186,65,6,6761,71,8,0
08/13/2021,FREMONT,0,4,0,0,4,0,6579,186,65,6,6765,71,4,0
08/14/2021,FREMONT,0,1,0,0,1,0,6580,186,65,6,6766,71,1,0
08/15/2021,FREMONT,0,4,0,0,4,0,6584,186,65,6,6770,71,4,0
08/16/2021,FREMONT,1,4,0,0,5,0,6588,187,65,6,6775,71,5,0
08/17/2021,FREMONT,0,9,0,0,9,0,6597,187,65,6,6784,71,9,0
08/18/2021,FREMONT,0,12,0,1,12,1,6609,187,66,6,6796,72,12,1
08/19/2021,FREMONT,3,7,0,0,10,0,6616,190,66,6,6806,72,10,0
08/20/2021,FREMONT,0,5,0,0,5,0,6621,190,66,6,6811,72,5,0
08/21/2021,FREMONT,0,6,0,0,6,0,6627,190,66,6,6817,72,6,0
08/22/2021,FREMONT,0,7,0,0,7,0,6634,190,66,6,6824,72,7,0
08/23/2021,FREMONT,1,5,0,0,6,0,6639,191,66,6,6830,72,6,0
08/24/2021,FREMONT,0,6,0,0,6,0,6645,191,66,6,6836,72,6,0
08/25/2021,FREMONT,0,16,0,0,16,0,6661,191,66,6,6852,72,16,0
08/26/2021,FREMONT,0,7,0,1,7,1,6668,191,67,6,6859,73,7,1
08/27/2021,FREMONT,0,7,0,0,7,0,6675,191,67,6,6866,73,7,0
08/29/2021,FREMONT,0,4,0,0,4,0,6679,191,67,6,6870,73,4,0
08/30/2021,FREMONT,0,23,0,0,23,0,6702,191,67,6,6893,73,23,0
08/31/2021,FREMONT,4,12,0,0,16,0,6714,195,67,6,6909,73,16,0
09/01/2021,FREMONT,2,13,0,1,15,1,6727,197,68,6,6924,74,15,1
09/02/2021,FREMONT,0,16,0,0,16,0,6743,197,68,6,6940,74,16,0
09/03/2021,FREMONT,2,16,0,1,18,1,6759,199,69,6,6958,75,18,1
09/04/2021,FREMONT,1,12,0,0,13,0,6771,200,69,6,6971,75,13,0
09/05/2021,FREMONT,0,15,0,0,15,0,6786,200,69,6,6986,75,15,0
09/06/2021,FREMONT,0,10,0,0,10,0,6796,200,69,6,6996,75,10,0
09/07/2021,FREMONT,1,12,0,0,13,0,6808,201,69,6,7009,75,13,0
09/08/2021,FREMONT,0,7,0,0,7,0,6815,201,69,6,7016,75,7,0
09/09/2021,FREMONT,0,9,0,0,9,0,6824,201,69,6,7025,75,9,0
09/10/2021,FREMONT,1,34,0,1,35,1,6858,202,70,6,7060,76,35,1
09/11/2021,FREMONT,0,8,0,0,8,0,6866,202,70,6,7068,76,8,0
09/12/2021,FREMONT,1,36,0,0,37,0,6902,203,70,6,7105,76,37,0
09/13/2021,FREMONT,0,21,0,1,21,1,6923,203,71,6,7126,77,21,1
09/14/2021,FREMONT,0,38,0,0,38,0,6961,203,71,6,7164,77,38,0
09/15/2021,FREMONT,0,22,0,0,22,0,6983,203,71,6,7186,77,22,0
09/16/2021,FREMONT,0,26,0,1,26,1,7009,203,72,6,7212,78,26,1
09/17/2021,FREMONT,0,35,0,1,35,1,7044,203,73,6,7247,79,35,1
09/18/2021,FREMONT,0,34,0,0,34,0,7078,203,73,6,7281,79,34,0
09/19/2021,FREMONT,0,25,0,1,25,1,7103,203,74,6,7306,80,25,1
09/20/2021,FREMONT,3,20,0,0,23,0,7123,206,74,6,7329,80,23,0
09/21/2021,FREMONT,0,15,0,1,15,1,7138,206,75,6,7344,81,15,1
09/22/2021,FREMONT,1,37,0,0,38,0,7175,207,75,6,7382,81,38,0
09/23/2021,FREMONT,0,24,0,1,24,1,7199,207,76,6,7406,82,24,1
09/24/2021,FREMONT,1,22,0,0,23,0,7221,208,76,6,7429,82,23,0
09/25/2021,FREMONT,1,19,0,1,20,1,7240,209,77,6,7449,83,20,1
09/26/2021,FREMONT,1,27,0,0,28,0,7267,210,77,6,7477,83,28,0
09/27/2021,FREMONT,0,22,0,0,22,0,7289,210,77,6,7499,83,22,0
09/28/2021,FREMONT,1,19,0,1,20,1,7308,211,78,6,7519,84,20,1
09/29/2021,FREMONT,1,44,0,1,45,1,7352,212,79,6,7564,85,45,1
09/30/2021,FREMONT,2,22,0,0,24,0,7374,214,79,6,7588,85,24,0
10/01/2021,FREMONT,2,51,1,0,53,1,7425,216,79,7,7641,86,53,1
10/02/2021,FREMONT,2,27,0,1,29,1,7452,218,80,7,7670,87,29,1
10/03/2021,FREMONT,1,29,0,3,30,3,7481,219,83,7,7700,90,30,3
10/04/2021,FREMONT,1,31,0,0,32,0,7512,220,83,7,7732,90,32,0
10/05/2021,FREMONT,4,28,1,0,32,1,7540,224,83,8,7764,91,32,1
10/06/2021,FREMONT,4,67,1,0,71,1,7607,228,83,9,7835,92,71,1
10/07/2021,FREMONT,1,70,0,1,71,1,7677,229,84,9,7906,93,71,1
10/08/2021,FREMONT,2,43,0,1,45,1,7720,231,85,9,7951,94,45,1
10/09/2021,FREMONT,0,3,0,0,3,0,7723,231,85,9,7954,94,3,0
10/10/2021,FREMONT,1,35,0,0,36,0,7758,232,85,9,7990,94,36,0
10/11/2021,FREMONT,3,17,0,1,20,1,7775,235,86,9,8010,95,20,1
10/12/2021,FREMONT,2,26,0,0,28,0,7801,237,86,9,8038,95,28,0
10/13/2021,FREMONT,0,66,0,1,66,1,7867,237,87,9,8104,96,66,1
10/14/2021,FREMONT,1,33,0,1,34,1,7900,238,88,9,8138,97,34,1
10/15/2021,FREMONT,1,18,0,1,19,1,7918,239,89,9,8157,98,19,1
10/16/2021,FREMONT,0,37,0,0,37,0,7955,239,89,9,8194,98,37,0
10/17/2021,FREMONT,0,19,0,1,19,1,7974,239,90,9,8213,99,19,1
10/18/2021,FREMONT,2,14,0,2,16,2,7988,241,92,9,8229,101,16,2
10/19/2021,FREMONT,12,49,0,2,61,2,8037,253,94,9,8290,103,61,2
10/20/2021,FREMONT,4,57,0,1,61,1,8094,257,95,9,8351,104,61,1
10/21/2021,FREMONT,8,56,0,1,64,1,8150,265,96,9,8415,105,64,1
10/22/2021,FREMONT,5,40,0,2,45,2,8190,270,98,9,8460,107,45,2
10/23/2021,FREMONT,1,30,0,0,31,0,8220,271,98,9,8491,107,31,0
10/24/2021,FREMONT,1,52,0,1,53,1,8272,272,99,9,8544,108,53,1
10/25/2021,FREMONT,7,25,0,2,32,2,8297,279,101,9,8576,110,32,2
10/26/2021,FREMONT,5,66,1,0,71,1,8363,284,101,10,8647,111,71,1
10/27/2021,FREMONT,2,32,0,1,34,1,8395,286,102,10,8681,112,34,1
10/28/2021,FREMONT,5,43,0,1,48,1,8438,291,103,10,8729,113,48,1
10/29/2021,FREMONT,5,42,0,1,47,1,8480,296,104,10,8776,114,47,1
10/30/2021,FREMONT,0,33,0,0,33,0,8513,296,104,10,8809,114,33,0
10/31/2021,FREMONT,1,34,0,1,35,1,8547,297,105,10,8844,115,35,1
11/01/2021,FREMONT,9,18,0,0,27,0,8565,306,105,10,8871,115,27,0
11/02/2021,FREMONT,4,52,0,1,56,1,8617,310,106,10,8927,116,56,1
11/03/2021,FREMONT,5,74,1,3,79,4,8691,315,109,11,9006,120,79,4
11/04/2021,FREMONT,4,53,0,1,57,1,8744,319,110,11,9063,121,57,1
11/05/2021,FREMONT,1,53,0,0,54,0,8797,320,110,11,9117,121,54,0
11/06/2021,FREMONT,0,42,0,0,42,0,8839,320,110,11,9159,121,42,0
11/07/2021,FREMONT,0,49,0,2,49,2,8888,320,112,11,9208,123,49,2
11/08/2021,FREMONT,7,17,0,2,24,2,8905,327,114,11,9232,125,24,2
11/09/2021,FREMONT,8,75,0,5,83,5,8980,335,119,11,9315,130,83,5
11/10/2021,FREMONT,3,66,0,2,69,2,9046,338,121,11,9384,132,69,2
11/11/2021,FREMONT,3,45,0,1,48,1,9091,341,122,11,9432,133,48,1
11/12/2021,FREMONT,0,35,0,1,35,1,9126,341,123,11,9467,134,35,1
11/13/2021,FREMONT,0,48,0,1,48,1,9174,341,124,11,9515,135,48,1
11/14/2021,FREMONT,1,20,0,0,21,0,9194,342,124,11,9536,135,21,0
11/15/2021,FREMONT,2,43,0,1,45,1,9237,344,125,11,9581,136,45,1
11/16/2021,FREMONT,1,68,0,3,69,3,9305,345,128,11,9650,139,69,3
11/17/2021,FREMONT,7,41,0,2,48,2,9346,352,130,11,9698,141,48,2
11/18/2021,FREMONT,6,38,2,0,44,2,9384,358,130,13,9742,143,44,2
11/19/2021,FREMONT,4,33,0,0,37,0,9417,362,130,13,9779,143,37,0
11/20/2021,FREMONT,0,32,0,0,32,0,9449,362,130,13,9811,143,32,0
11/21/2021,FREMONT,1,13,0,0,14,0,9462,363,130,13,9825,143,14,0
11/22/2021,FREMONT,6,32,0,2,38,2,9494,369,132,13,9863,145,38,2
11/23/2021,FREMONT,3,43,0,0,46,0,9537,372,132,13,9909,145,46,0
11/24/2021,FREMONT,2,31,0,0,33,0,9568,374,132,13,9942,145,33,0
11/25/2021,FREMONT,1,29,0,1,30,1,9597,375,133,13,9972,146,30,1
11/26/2021,FREMONT,0,16,0,1,16,1,9613,375,134,13,9988,147,16,1
11/27/2021,FREMONT,0,29,0,0,29,0,9642,375,134,13,10017,147,29,0
11/28/2021,FREMONT,0,16,0,2,16,2,9658,375,136,13,10033,149,16,2
11/29/2021,FREMONT,1,18,0,0,19,0,9676,376,136,13,10052,149,19,0
11/30/2021,FREMONT,1,41,0,2,42,2,9717,377,138,13,10094,151,42,2
12/01/2021,FREMONT,8,47,0,0,55,0,9764,385,138,13,10149,151,55,0
12/02/2021,FREMONT,3,41,2,0,44,2,9805,388,138,15,10193,153,44,2
12/03/2021,FREMONT,2,32,1,1,34,2,9837,390,139,16,10227,155,34,2
12/04/2021,FREMONT,2,16,0,1,18,1,9853,392,140,16,10245,156,18,1
12/05/2021,FREMONT,0,19,0,0,19,0,9872,392,140,16,10264,156,19,0
12/06/2021,FREMONT,2,20,1,0,22,1,9892,394,140,17,10286,157,22,1
12/07/2021,FREMONT,4,56,0,0,60,0,9948,398,140,17,10346,157,60,0
12/08/2021,FREMONT,1,34,0,1,35,1,9982,399,141,17,10381,158,35,1
12/09/2021,FREMONT,0,17,0,0,17,0,9999,399,141,17,10398,158,17,0
12/10/2021,FREMONT,1,18,0,0,19,0,10017,400,141,17,10417,158,19,0
12/11/2021,FREMONT,0,7,0,0,7,0,10024,400,141,17,10424,158,7,0
12/12/2021,FREMONT,5,8,0,0,13,0,10032,405,141,17,10437,158,13,0
12/13/2021,FREMONT,1,11,0,0,12,0,10043,406,141,17,10449,158,12,0
12/14/2021,FREMONT,0,9,0,2,9,2,10052,406,143,17,10458,160,9,2
12/15/2021,FREMONT,1,28,1,0,29,1,10080,407,143,18,10487,161,29,1
12/16/2021,FREMONT,1,6,0,0,7,0,10086,408,143,18,10494,161,7,0
12/17/2021,FREMONT,0,13,0,0,13,0,10099,408,143,18,10507,161,13,0
12/18/2021,FREMONT,0,8,0,0,8,0,10107,408,143,18,10515,161,8,0
12/19/2021,FREMONT,0,8,0,0,8,0,10115,408,143,18,10523,161,8,0
12/20/2021,FREMONT,0,6,0,0,6,0,10121,408,143,18,10529,161,6,0
12/21/2021,FREMONT,0,9,0,1,9,1,10130,408,144,18,10538,162,9,1
12/22/2021,FREMONT,2,4,1,0,6,1,10134,410,144,19,10544,163,6,1
12/23/2021,FREMONT,1,15,1,0,16,1,10149,411,144,20,10560,164,16,1
12/24/2021,FREMONT,0,17,0,0,17,0,10166,411,144,20,10577,164,17,0
12/25/2021,FREMONT,0,4,0,0,4,0,10170,411,144,20,10581,164,4,0
12/26/2021,FREMONT,0,5,0,0,5,0,10175,411,144,20,10586,164,5,0
12/27/2021,FREMONT,1,8,0,0,9,0,10183,412,144,20,10595,164,9,0
12/28/2021,FREMONT,1,18,1,0,19,1,10201,413,144,21,10614,165,19,1
12/29/2021,FREMONT,1,45,0,0,46,0,10246,414,144,21,10660,165,46,0
12/30/2021,FREMONT,5,26,0,0,31,0,10272,419,144,21,10691,165,31,0
12/31/2021,FREMONT,3,32,0,0,35,0,10304,422,144,21,10726,165,35,0
01/01/2022,FREMONT,1,16,0,0,17,0,10320,423,144,21,10743,165,17,0
01/02/2022,FREMONT,1,48,0,0,49,0,10368,424,144,21,10792,165,49,0
01/03/2022,FREMONT,4,35,0,0,39,0,10403,428,144,21,10831,165,39,0
01/04/2022,FREMONT,4,44,0,0,48,0,10447,432,144,21,10879,165,48,0
01/05/2022,FREMONT,10,115,1,2,125,3,10562,442,146,22,11004,168,125,3
01/06/2022,FREMONT,6,53,0,1,59,1,10615,448,147,22,11063,169,59,1
01/07/2022,FREMONT,5,37,0,0,42,0,10652,453,147,22,11105,169,42,0
01/08/2022,FREMONT,0,87,0,0,87,0,10739,453,147,22,11192,169,87,0
01/09/2022,FREMONT,5,38,0,0,43,0,10777,458,147,22,11235,169,43,0
01/10/2022,FREMONT,5,50,0,0,55,0,10827,463,147,22,11290,169,55,0
01/11/2022,FREMONT,5,17,0,0,22,0,10844,468,147,22,11312,169,22,0
01/12/2022,FREMONT,4,87,0,1,91,1,10931,472,148,22,11403,170,91,1
01/13/2022,FREMONT,3,110,0,2,113,2,11041,475,150,22,11516,172,113,2
01/14/2022,FREMONT,7,77,0,1,84,1,11118,482,151,22,11600,173,84,1
01/15/2022,FREMONT,2,33,0,0,35,0,11151,484,151,22,11635,173,35,0
01/16/2022,FREMONT,0,71,0,0,71,0,11222,484,151,22,11706,173,71,0
01/17/2022,FREMONT,3,113,0,1,116,1,11335,487,152,22,11822,174,116,1
01/18/2022,FREMONT,19,78,0,0,97,0,11413,506,152,22,11919,174,97,0
01/19/2022,FREMONT,5,160,0,1,165,1,11573,511,153,22,12084,175,165,1
01/20/2022,FREMONT,5,98,0,0,103,0,11671,516,153,22,12187,175,103,0
01/21/2022,FREMONT,5,133,0,0,138,0,11804,521,153,22,12325,175,138,0
01/22/2022,FREMONT,1,77,0,0,78,0,11881,522,153,22,12403,175,78,0
01/23/2022,FREMONT,2,227,0,1,229,1,12108,524,154,22,12632,176,229,1
01/24/2022,FREMONT,10,302,0,0,312,0,12410,534,154,22,12944,176,312,0
01/25/2022,FREMONT,8,139,0,1,147,1,12549,542,155,22,13091,177,147,1
01/26/2022,FREMONT,6,187,1,0,193,1,12736,548,155,23,13284,178,193,1
01/27/2022,FREMONT,5,104,0,0,109,0,12840,553,155,23,13393,178,109,0
01/28/2022,FREMONT,6,232,0,0,238,0,13072,559,155,23,13631,178,238,0
01/29/2022,FREMONT,1,103,0,0,104,0,13175,560,155,23,13735,178,104,0
01/30/2022,FREMONT,2,139,0,0,141,0,13314,562,155,23,13876,178,141,0
01/31/2022,FREMONT,4,49,0,0,53,0,13363,566,155,23,13929,178,53,0
02/01/2022,FREMONT,1,123,0,0,124,0,13486,567,155,23,14053,178,124,0
02/02/2022,FREMONT,0,57,0,1,57,1,13543,567,156,23,14110,179,57,1
02/03/2022,FREMONT,2,40,0,0,42,0,13583,569,156,23,14152,179,42,0
02/04/2022,FREMONT,1,169,0,0,170,0,13752,570,156,23,14322,179,170,0
02/05/2022,FREMONT,1,70,0,0,71,0,13822,571,156,23,14393,179,71,0
02/06/2022,FREMONT,0,53,0,1,53,1,13875,571,157,23,14446,180,53,1
02/07/2022,FREMONT,1,28,0,0,29,0,13903,572,157,23,14475,180,29,0
02/08/2022,FREMONT,2,87,0,0,89,0,13990,574,157,23,14564,180,89,0
02/09/2022,FREMONT,0,47,0,0,47,0,14037,574,157,23,14611,180,47,0
02/10/2022,FREMONT,0,68,0,0,68,0,14105,574,157,23,14679,180,68,0
02/11/2022,FREMONT,0,30,0,0,30,0,14135,574,157,23,14709,180,30,0
02/12/2022,FREMONT,0,14,0,0,14,0,14149,574,157,23,14723,180,14,0
02/13/2022,FREMONT,1,8,0,0,9,0,14157,575,157,23,14732,180,9,0
02/14/2022,FREMONT,0,5,0,0,5,0,14162,575,157,23,14737,180,5,0
02/15/2022,FREMONT,1,49,0,0,50,0,14211,576,157,23,14787,180,50,0
02/16/2022,FREMONT,8,23,0,0,31,0,14234,584,157,23,14818,180,31,0
02/17/2022,FREMONT,2,48,0,0,50,0,14282,586,157,23,14868,180,50,0
02/18/2022,FREMONT,0,13,0,0,13,0,14295,586,157,23,14881,180,13,0
02/19/2022,FREMONT,0,5,0,0,5,0,14300,586,157,23,14886,180,5,0
02/20/2022,FREMONT,0,3,0,0,3,0,14303,586,157,23,14889,180,3,0
02/21/2022,FREMONT,0,6,0,0,6,0,14309,586,157,23,14895,180,6,0
02/22/2022,FREMONT,0,11,0,0,11,0,14320,586,157,23,14906,180,11,0
02/23/2022,FREMONT,0,8,0,0,8,0,14328,586,157,23,14914,180,8,0
02/24/2022,FREMONT,1,5,0,0,6,0,14333,587,157,23,14920,180,6,0
02/25/2022,FREMONT,1,16,0,0,17,0,14349,588,157,23,14937,180,17,0
02/26/2022,FREMONT,0,3,0,0,3,0,14352,588,157,23,14940,180,3,0
02/27/2022,FREMONT,0,1,0,0,1,0,14353,588,157,23,14941,180,1,0
02/28/2022,FREMONT,0,2,0,0,2,0,14355,588,157,23,14943,180,2,0
03/01/2022,FREMONT,0,7,0,0,7,0,14362,588,157,23,14950,180,7,0
03/02/2022,FREMONT,0,6,0,0,6,0,14368,588,157,23,14956,180,6,0
03/03/2022,FREMONT,0,3,0,0,3,0,14371,588,157,23,14959,180,3,0
03/04/2022,FREMONT,0,4,0,0,4,0,14375,588,157,23,14963,180,4,0
03/06/2022,FREMONT,0,3,0,0,3,0,14378,588,157,23,14966,180,3,0
03/08/2022,FREMONT,0,8,0,0,8,0,14386,588,157,23,14974,180,8,0
03/09/2022,FREMONT,1,2,0,0,3,0,14388,589,157,23,14977,180,3,0
03/10/2022,FREMONT,1,3,0,0,4,0,14391,590,157,23,14981,180,4,0
03/13/2022,FREMONT,0,3,0,0,3,0,14394,590,157,23,14984,180,3,0
03/14/2022,FREMONT,0,1,0,0,1,0,14395,590,157,23,14985,180,1,0
03/15/2022,FREMONT,0,4,0,0,4,0,14399,590,157,23,14989,180,4,0
03/17/2022,FREMONT,0,4,0,0,4,0,14403,590,157,23,14993,180,4,0
03/18/2022,FREMONT,0,1,0,0,1,0,14404,590,157,23,14994,180,1,0
03/14/2020,GARFIELD,0,1,0,0,1,0,1,0,0,0,1,0,-14993,-180
03/18/2020,GARFIELD,1,0,0,0,1,0,1,1,0,0,2,0,1,0
03/19/2020,GARFIELD,0,1,0,0,1,0,2,1,0,0,3,0,1,0
03/20/2020,GARFIELD,0,3,0,0,3,0,5,1,0,0,6,0,3,0
03/21/2020,GARFIELD,0,1,0,0,1,0,6,1,0,0,7,0,1,0
03/23/2020,GARFIELD,2,0,0,0,2,0,6,3,0,0,9,0,2,0
03/24/2020,GARFIELD,2,2,0,0,4,0,8,5,0,0,13,0,4,0
03/25/2020,GARFIELD,1,1,0,0,2,0,9,6,0,0,15,0,2,0
03/26/2020,GARFIELD,1,1,0,0,2,0,10,7,0,0,17,0,2,0
03/27/2020,GARFIELD,4,3,0,1,7,1,13,11,1,0,24,1,7,1
03/28/2020,GARFIELD,0,2,0,1,2,1,15,11,2,0,26,2,2,1
03/29/2020,GARFIELD,2,4,0,0,6,0,19,13,2,0,32,2,6,0
03/30/2020,GARFIELD,2,0,0,0,2,0,19,15,2,0,34,2,2,0
03/31/2020,GARFIELD,0,1,0,0,1,0,20,15,2,0,35,2,1,0
04/01/2020,GARFIELD,4,5,1,0,9,1,25,19,2,1,44,3,9,1
04/02/2020,GARFIELD,0,2,0,0,2,0,27,19,2,1,46,3,2,0
04/04/2020,GARFIELD,0,1,0,0,1,0,28,19,2,1,47,3,1,0
04/05/2020,GARFIELD,0,1,0,0,1,0,29,19,2,1,48,3,1,0
04/08/2020,GARFIELD,1,0,0,0,1,0,29,20,2,1,49,3,1,0
04/09/2020,GARFIELD,0,2,0,0,2,0,31,20,2,1,51,3,2,0
04/10/2020,GARFIELD,2,1,0,0,3,0,32,22,2,1,54,3,3,0
04/11/2020,GARFIELD,0,1,0,0,1,0,33,22,2,1,55,3,1,0
04/12/2020,GARFIELD,0,3,0,0,3,0,36,22,2,1,58,3,3,0
04/14/2020,GARFIELD,3,0,0,0,3,0,36,25,2,1,61,3,3,0
04/15/2020,GARFIELD,0,2,0,0,2,0,38,25,2,1,63,3,2,0
04/16/2020,GARFIELD,0,1,0,0,1,0,39,25,2,1,64,3,1,0
04/17/2020,GARFIELD,2,4,0,0,6,0,43,27,2,1,70,3,6,0
04/19/2020,GARFIELD,0,1,0,0,1,0,44,27,2,1,71,3,1,0
04/22/2020,GARFIELD,1,2,0,0,3,0,46,28,2,1,74,3,3,0
04/23/2020,GARFIELD,7,1,0,0,8,0,47,35,2,1,82,3,8,0
04/24/2020,GARFIELD,2,0,0,0,2,0,47,37,2,1,84,3,2,0
04/25/2020,GARFIELD,0,2,0,0,2,0,49,37,2,1,86,3,2,0
04/26/2020,GARFIELD,2,0,0,0,2,0,49,39,2,1,88,3,2,0
04/27/2020,GARFIELD,0,1,0,0,1,0,50,39,2,1,89,3,1,0
04/28/2020,GARFIELD,3,0,0,0,3,0,50,42,2,1,92,3,3,0
04/29/2020,GARFIELD,1,1,0,0,2,0,51,43,2,1,94,3,2,0
04/30/2020,GARFIELD,1,0,0,0,1,0,51,44,2,1,95,3,1,0
05/01/2020,GARFIELD,1,1,0,0,2,0,52,45,2,1,97,3,2,0
05/03/2020,GARFIELD,0,2,0,0,2,0,54,45,2,1,99,3,2,0
05/04/2020,GARFIELD,1,3,0,0,4,0,57,46,2,1,103,3,4,0
05/05/2020,GARFIELD,1,2,0,0,3,0,59,47,2,1,106,3,3,0
05/06/2020,GARFIELD,1,0,0,0,1,0,59,48,2,1,107,3,1,0
05/07/2020,GARFIELD,2,0,0,0,2,0,59,50,2,1,109,3,2,0
05/08/2020,GARFIELD,0,1,0,0,1,0,60,50,2,1,110,3,1,0
05/09/2020,GARFIELD,2,0,0,0,2,0,60,52,2,1,112,3,2,0
05/11/2020,GARFIELD,2,0,0,0,2,0,60,54,2,1,114,3,2,0
05/14/2020,GARFIELD,1,0,0,0,1,0,60,55,2,1,115,3,1,0
05/15/2020,GARFIELD,0,1,0,0,1,0,61,55,2,1,116,3,1,0
05/16/2020,GARFIELD,0,1,0,0,1,0,62,55,2,1,117,3,1,0
05/19/2020,GARFIELD,2,0,0,0,2,0,62,57,2,1,119,3,2,0
05/20/2020,GARFIELD,0,2,0,0,2,0,64,57,2,1,121,3,2,0
05/21/2020,GARFIELD,7,3,0,0,10,0,67,64,2,1,131,3,10,0
05/23/2020,GARFIELD,0,1,0,0,1,0,68,64,2,1,132,3,1,0
05/24/2020,GARFIELD,4,0,0,0,4,0,68,68,2,1,136,3,4,0
05/27/2020,GARFIELD,1,0,0,0,1,0,68,69,2,1,137,3,1,0
05/28/2020,GARFIELD,1,1,0,0,2,0,69,70,2,1,139,3,2,0
05/29/2020,GARFIELD,1,0,0,0,1,0,69,71,2,1,140,3,1,0
05/30/2020,GARFIELD,0,2,0,0,2,0,71,71,2,1,142,3,2,0
05/31/2020,GARFIELD,1,3,0,0,4,0,74,72,2,1,146,3,4,0
06/01/2020,GARFIELD,0,5,0,0,5,0,79,72,2,1,151,3,5,0
06/02/2020,GARFIELD,0,2,0,0,2,0,81,72,2,1,153,3,2,0
06/03/2020,GARFIELD,0,5,0,1,5,1,86,72,3,1,158,4,5,1
06/04/2020,GARFIELD,0,1,0,0,1,0,87,72,3,1,159,4,1,0
06/05/2020,GARFIELD,0,3,0,0,3,0,90,72,3,1,162,4,3,0
06/06/2020,GARFIELD,0,3,0,0,3,0,93,72,3,1,165,4,3,0
06/07/2020,GARFIELD,0,2,0,0,2,0,95,72,3,1,167,4,2,0
06/08/2020,GARFIELD,2,1,0,0,3,0,96,74,3,1,170,4,3,0
06/09/2020,GARFIELD,2,2,0,0,4,0,98,76,3,1,174,4,4,0
06/10/2020,GARFIELD,1,2,0,0,3,0,100,77,3,1,177,4,3,0
06/11/2020,GARFIELD,2,1,0,0,3,0,101,79,3,1,180,4,3,0
06/12/2020,GARFIELD,3,4,0,0,7,0,105,82,3,1,187,4,7,0
06/13/2020,GARFIELD,0,1,0,0,1,0,106,82,3,1,188,4,1,0
06/14/2020,GARFIELD,0,5,0,0,5,0,111,82,3,1,193,4,5,0
06/15/2020,GARFIELD,0,4,0,0,4,0,115,82,3,1,197,4,4,0
06/16/2020,GARFIELD,2,2,0,0,4,0,117,84,3,1,201,4,4,0
06/17/2020,GARFIELD,1,2,0,0,3,0,119,85,3,1,204,4,3,0
06/18/2020,GARFIELD,0,9,0,0,9,0,128,85,3,1,213,4,9,0
06/19/2020,GARFIELD,0,3,0,0,3,0,131,85,3,1,216,4,3,0
06/20/2020,GARFIELD,0,8,0,0,8,0,139,85,3,1,224,4,8,0
06/22/2020,GARFIELD,1,10,0,1,11,1,149,86,4,1,235,5,11,1
06/23/2020,GARFIELD,0,7,0,0,7,0,156,86,4,1,242,5,7,0
06/24/2020,GARFIELD,0,7,0,0,7,0,163,86,4,1,249,5,7,0
06/25/2020,GARFIELD,0,8,0,0,8,0,171,86,4,1,257,5,8,0
06/26/2020,GARFIELD,0,7,0,0,7,0,178,86,4,1,264,5,7,0
06/27/2020,GARFIELD,0,7,0,0,7,0,185,86,4,1,271,5,7,0
06/28/2020,GARFIELD,0,3,0,0,3,0,188,86,4,1,274,5,3,0
06/29/2020,GARFIELD,2,17,0,0,19,0,205,88,4,1,293,5,19,0
06/30/2020,GARFIELD,0,2,0,0,2,0,207,88,4,1,295,5,2,0
07/01/2020,GARFIELD,0,6,0,0,6,0,213,88,4,1,301,5,6,0
07/02/2020,GARFIELD,0,11,0,0,11,0,224,88,4,1,312,5,11,0
07/03/2020,GARFIELD,0,8,0,0,8,0,232,88,4,1,320,5,8,0
07/04/2020,GARFIELD,0,1,0,0,1,0,233,88,4,1,321,5,1,0
07/05/2020,GARFIELD,0,1,0,0,1,0,234,88,4,1,322,5,1,0
07/06/2020,GARFIELD,0,11,0,0,11,0,245,88,4,1,333,5,11,0
07/07/2020,GARFIELD,0,12,0,0,12,0,257,88,4,1,345,5,12,0
07/08/2020,GARFIELD,0,11,0,0,11,0,268,88,4,1,356,5,11,0
07/09/2020,GARFIELD,1,27,0,0,28,0,295,89,4,1,384,5,28,0
07/10/2020,GARFIELD,0,23,0,1,23,1,318,89,5,1,407,6,23,1
07/11/2020,GARFIELD,0,16,0,0,16,0,334,89,5,1,423,6,16,0
07/12/2020,GARFIELD,0,3,0,0,3,0,337,89,5,1,426,6,3,0
07/13/2020,GARFIELD,0,19,0,0,19,0,356,89,5,1,445,6,19,0
07/14/2020,GARFIELD,0,10,0,0,10,0,366,89,5,1,455,6,10,0
07/15/2020,GARFIELD,0,18,0,0,18,0,384,89,5,1,473,6,18,0
07/16/2020,GARFIELD,0,27,0,0,27,0,411,89,5,1,500,6,27,0
07/17/2020,GARFIELD,0,10,0,0,10,0,421,89,5,1,510,6,10,0
07/18/2020,GARFIELD,0,11,0,0,11,0,432,89,5,1,521,6,11,0
07/19/2020,GARFIELD,0,9,0,0,9,0,441,89,5,1,530,6,9,0
07/20/2020,GARFIELD,0,14,0,0,14,0,455,89,5,1,544,6,14,0
07/21/2020,GARFIELD,0,23,0,2,23,2,478,89,7,1,567,8,23,2
07/22/2020,GARFIELD,0,14,0,0,14,0,492,89,7,1,581,8,14,0
07/23/2020,GARFIELD,0,16,0,0,16,0,508,89,7,1,597,8,16,0
07/24/2020,GARFIELD,0,17,0,0,17,0,525,89,7,1,614,8,17,0
07/25/2020,GARFIELD,4,9,0,0,13,0,534,93,7,1,627,8,13,0
07/26/2020,GARFIELD,0,1,0,0,1,0,535,93,7,1,628,8,1,0
07/27/2020,GARFIELD,0,16,0,0,16,0,551,93,7,1,644,8,16,0
07/28/2020,GARFIELD,0,25,0,0,25,0,576,93,7,1,669,8,25,0
07/29/2020,GARFIELD,0,17,0,0,17,0,593,93,7,1,686,8,17,0
07/30/2020,GARFIELD,1,6,0,0,7,0,599,94,7,1,693,8,7,0
07/31/2020,GARFIELD,0,17,0,0,17,0,616,94,7,1,710,8,17,0
08/01/2020,GARFIELD,0,8,0,0,8,0,624,94,7,1,718,8,8,0
08/02/2020,GARFIELD,0,9,0,0,9,0,633,94,7,1,727,8,9,0
08/03/2020,GARFIELD,0,12,0,0,12,0,645,94,7,1,739,8,12,0
08/04/2020,GARFIELD,0,8,0,0,8,0,653,94,7,1,747,8,8,0
08/05/2020,GARFIELD,0,9,0,0,9,0,662,94,7,1,756,8,9,0
08/06/2020,GARFIELD,0,6,0,0,6,0,668,94,7,1,762,8,6,0
08/07/2020,GARFIELD,0,7,0,0,7,0,675,94,7,1,769,8,7,0
08/08/2020,GARFIELD,0,6,0,0,6,0,681,94,7,1,775,8,6,0
08/09/2020,GARFIELD,0,1,0,0,1,0,682,94,7,1,776,8,1,0
08/10/2020,GARFIELD,2,0,0,0,2,0,682,96,7,1,778,8,2,0
08/11/2020,GARFIELD,1,2,0,0,3,0,684,97,7,1,781,8,3,0
08/12/2020,GARFIELD,0,5,0,0,5,0,689,97,7,1,786,8,5,0
08/13/2020,GARFIELD,0,4,0,0,4,0,693,97,7,1,790,8,4,0
08/14/2020,GARFIELD,0,7,0,0,7,0,700,97,7,1,797,8,7,0
08/15/2020,GARFIELD,1,5,0,0,6,0,705,98,7,1,803,8,6,0
08/16/2020,GARFIELD,0,5,0,0,5,0,710,98,7,1,808,8,5,0
08/17/2020,GARFIELD,0,2,0,0,2,0,712,98,7,1,810,8,2,0
08/18/2020,GARFIELD,0,3,0,0,3,0,715,98,7,1,813,8,3,0
08/19/2020,GARFIELD,0,3,0,0,3,0,718,98,7,1,816,8,3,0
08/20/2020,GARFIELD,0,5,0,0,5,0,723,98,7,1,821,8,5,0
08/21/2020,GARFIELD,0,2,0,0,2,0,725,98,7,1,823,8,2,0
08/22/2020,GARFIELD,1,2,0,0,3,0,727,99,7,1,826,8,3,0
08/23/2020,GARFIELD,0,1,0,0,1,0,728,99,7,1,827,8,1,0
08/24/2020,GARFIELD,0,4,0,0,4,0,732,99,7,1,831,8,4,0
08/25/2020,GARFIELD,0,2,0,0,2,0,734,99,7,1,833,8,2,0
08/26/2020,GARFIELD,0,4,0,0,4,0,738,99,7,1,837,8,4,0
08/27/2020,GARFIELD,0,8,0,0,8,0,746,99,7,1,845,8,8,0
08/28/2020,GARFIELD,0,2,0,0,2,0,748,99,7,1,847,8,2,0
08/29/2020,GARFIELD,0,1,0,0,1,0,749,99,7,1,848,8,1,0
08/30/2020,GARFIELD,0,2,0,0,2,0,751,99,7,1,850,8,2,0
09/01/2020,GARFIELD,1,2,0,0,3,0,753,100,7,1,853,8,3,0
09/03/2020,GARFIELD,0,11,0,0,11,0,764,100,7,1,864,8,11,0
09/04/2020,GARFIELD,0,2,0,0,2,0,766,100,7,1,866,8,2,0
09/05/2020,GARFIELD,0,10,0,0,10,0,776,100,7,1,876,8,10,0
09/06/2020,GARFIELD,0,1,0,0,1,0,777,100,7,1,877,8,1,0
09/07/2020,GARFIELD,0,3,0,0,3,0,780,100,7,1,880,8,3,0
09/08/2020,GARFIELD,0,1,0,0,1,0,781,100,7,1,881,8,1,0
09/09/2020,GARFIELD,0,5,0,0,5,0,786,100,7,1,886,8,5,0
09/10/2020,GARFIELD,0,9,0,0,9,0,795,100,7,1,895,8,9,0
09/11/2020,GARFIELD,0,4,0,0,4,0,799,100,7,1,899,8,4,0
09/13/2020,GARFIELD,1,2,0,0,3,0,801,101,7,1,902,8,3,0
09/14/2020,GARFIELD,0,5,0,0,5,0,806,101,7,1,907,8,5,0
09/15/2020,GARFIELD,0,9,0,0,9,0,815,101,7,1,916,8,9,0
09/16/2020,GARFIELD,0,7,0,0,7,0,822,101,7,1,923,8,7,0
09/17/2020,GARFIELD,0,5,0,0,5,0,827,101,7,1,928,8,5,0
09/18/2020,GARFIELD,0,4,0,0,4,0,831,101,7,1,932,8,4,0
09/19/2020,GARFIELD,0,2,0,0,2,0,833,101,7,1,934,8,2,0
09/20/2020,GARFIELD,0,5,0,0,5,0,838,101,7,1,939,8,5,0
09/22/2020,GARFIELD,0,2,0,0,2,0,840,101,7,1,941,8,2,0
09/23/2020,GARFIELD,0,3,0,0,3,0,843,101,7,1,944,8,3,0
09/24/2020,GARFIELD,0,4,0,0,4,0,847,101,7,1,948,8,4,0
09/25/2020,GARFIELD,0,2,0,0,2,0,849,101,7,1,950,8,2,0
09/26/2020,GARFIELD,0,1,0,0,1,0,850,101,7,1,951,8,1,0
09/27/2020,GARFIELD,0,2,0,0,2,0,852,101,7,1,953,8,2,0
09/28/2020,GARFIELD,0,2,0,0,2,0,854,101,7,1,955,8,2,0
09/29/2020,GARFIELD,1,8,0,0,9,0,862,102,7,1,964,8,9,0
09/30/2020,GARFIELD,0,2,0,0,2,0,864,102,7,1,966,8,2,0
10/01/2020,GARFIELD,0,6,0,0,6,0,870,102,7,1,972,8,6,0
10/02/2020,GARFIELD,1,5,0,0,6,0,875,103,7,1,978,8,6,0
10/04/2020,GARFIELD,0,4,0,0,4,0,879,103,7,1,982,8,4,0
10/05/2020,GARFIELD,0,10,0,0,10,0,889,103,7,1,992,8,10,0
10/06/2020,GARFIELD,0,6,0,0,6,0,895,103,7,1,998,8,6,0
10/07/2020,GARFIELD,0,2,0,0,2,0,897,103,7,1,1000,8,2,0
10/08/2020,GARFIELD,0,5,0,0,5,0,902,103,7,1,1005,8,5,0
10/09/2020,GARFIELD,0,11,0,0,11,0,913,103,7,1,1016,8,11,0
10/10/2020,GARFIELD,0,10,0,0,10,0,923,103,7,1,1026,8,10,0
10/11/2020,GARFIELD,1,1,0,0,2,0,924,104,7,1,1028,8,2,0
10/12/2020,GARFIELD,1,5,0,0,6,0,929,105,7,1,1034,8,6,0
10/13/2020,GARFIELD,0,6,0,0,6,0,935,105,7,1,1040,8,6,0
10/14/2020,GARFIELD,0,20,0,0,20,0,955,105,7,1,1060,8,20,0
10/15/2020,GARFIELD,0,3,0,0,3,0,958,105,7,1,1063,8,3,0
10/16/2020,GARFIELD,0,6,0,0,6,0,964,105,7,1,1069,8,6,0
10/17/2020,GARFIELD,0,8,0,0,8,0,972,105,7,1,1077,8,8,0
10/18/2020,GARFIELD,0,11,0,0,11,0,983,105,7,1,1088,8,11,0
10/19/2020,GARFIELD,1,5,0,0,6,0,988,106,7,1,1094,8,6,0
10/20/2020,GARFIELD,0,7,0,1,7,1,995,106,8,1,1101,9,7,1
10/21/2020,GARFIELD,0,16,0,0,16,0,1011,106,8,1,1117,9,16,0
10/22/2020,GARFIELD,0,14,0,0,14,0,1025,106,8,1,1131,9,14,0
10/23/2020,GARFIELD,1,17,0,0,18,0,1042,107,8,1,1149,9,18,0
10/24/2020,GARFIELD,0,6,0,0,6,0,1048,107,8,1,1155,9,6,0
10/25/2020,GARFIELD,0,15,0,0,15,0,1063,107,8,1,1170,9,15,0
10/26/2020,GARFIELD,0,4,0,0,4,0,1067,107,8,1,1174,9,4,0
10/27/2020,GARFIELD,0,23,0,0,23,0,1090,107,8,1,1197,9,23,0
10/28/2020,GARFIELD,0,12,0,0,12,0,1102,107,8,1,1209,9,12,0
10/29/2020,GARFIELD,0,21,0,0,21,0,1123,107,8,1,1230,9,21,0
10/30/2020,GARFIELD,0,10,0,0,10,0,1133,107,8,1,1240,9,10,0
10/31/2020,GARFIELD,0,9,0,0,9,0,1142,107,8,1,1249,9,9,0
11/01/2020,GARFIELD,1,13,0,0,14,0,1155,108,8,1,1263,9,14,0
11/02/2020,GARFIELD,0,9,0,0,9,0,1164,108,8,1,1272,9,9,0
11/03/2020,GARFIELD,0,30,0,0,30,0,1194,108,8,1,1302,9,30,0
11/04/2020,GARFIELD,1,18,0,0,19,0,1212,109,8,1,1321,9,19,0
11/05/2020,GARFIELD,0,38,0,0,38,0,1250,109,8,1,1359,9,38,0
11/06/2020,GARFIELD,0,34,0,0,34,0,1284,109,8,1,1393,9,34,0
11/07/2020,GARFIELD,0,8,0,0,8,0,1292,109,8,1,1401,9,8,0
11/08/2020,GARFIELD,0,10,0,0,10,0,1302,109,8,1,1411,9,10,0
11/09/2020,GARFIELD,0,11,0,0,11,0,1313,109,8,1,1422,9,11,0
11/10/2020,GARFIELD,0,20,0,0,20,0,1333,109,8,1,1442,9,20,0
11/11/2020,GARFIELD,2,32,0,0,34,0,1365,111,8,1,1476,9,34,0
11/12/2020,GARFIELD,0,36,0,0,36,0,1401,111,8,1,1512,9,36,0
11/13/2020,GARFIELD,0,55,0,0,55,0,1456,111,8,1,1567,9,55,0
11/14/2020,GARFIELD,0,27,0,0,27,0,1483,111,8,1,1594,9,27,0
11/15/2020,GARFIELD,0,58,0,0,58,0,1541,111,8,1,1652,9,58,0
11/16/2020,GARFIELD,0,33,0,1,33,1,1574,111,9,1,1685,10,33,1
11/17/2020,GARFIELD,1,39,0,2,40,2,1613,112,11,1,1725,12,40,2
11/18/2020,GARFIELD,0,46,0,0,46,0,1659,112,11,1,1771,12,46,0
11/19/2020,GARFIELD,0,33,0,1,33,1,1692,112,12,1,1804,13,33,1
11/20/2020,GARFIELD,0,92,0,1,92,1,1784,112,13,1,1896,14,92,1
11/21/2020,GARFIELD,0,60,0,1,60,1,1844,112,14,1,1956,15,60,1
11/22/2020,GARFIELD,0,54,0,1,54,1,1898,112,15,1,2010,16,54,1
11/23/2020,GARFIELD,0,43,0,0,43,0,1941,112,15,1,2053,16,43,0
11/24/2020,GARFIELD,0,35,0,2,35,2,1976,112,17,1,2088,18,35,2
11/25/2020,GARFIELD,5,55,0,0,60,0,2031,117,17,1,2148,18,60,0
11/26/2020,GARFIELD,0,28,0,0,28,0,2059,117,17,1,2176,18,28,0
11/27/2020,GARFIELD,0,70,0,1,70,1,2129,117,18,1,2246,19,70,1
11/28/2020,GARFIELD,0,40,0,0,40,0,2169,117,18,1,2286,19,40,0
11/29/2020,GARFIELD,0,66,0,2,66,2,2235,117,20,1,2352,21,66,2
11/30/2020,GARFIELD,2,34,0,2,36,2,2269,119,22,1,2388,23,36,2
12/01/2020,GARFIELD,1,42,0,3,43,3,2311,120,25,1,2431,26,43,3
12/02/2020,GARFIELD,3,44,0,2,47,2,2355,123,27,1,2478,28,47,2
12/03/2020,GARFIELD,0,67,0,0,67,0,2422,123,27,1,2545,28,67,0
12/04/2020,GARFIELD,0,68,0,0,68,0,2490,123,27,1,2613,28,68,0
12/05/2020,GARFIELD,0,65,0,1,65,1,2555,123,28,1,2678,29,65,1
12/06/2020,GARFIELD,0,67,0,2,67,2,2622,123,30,1,2745,31,67,2
12/07/2020,GARFIELD,1,15,0,0,16,0,2637,124,30,1,2761,31,16,0
12/08/2020,GARFIELD,4,53,0,0,57,0,2690,128,30,1,2818,31,57,0
12/09/2020,GARFIELD,12,77,1,1,89,2,2767,140,31,2,2907,33,89,2
12/10/2020,GARFIELD,12,87,0,0,99,0,2854,152,31,2,3006,33,99,0
12/11/2020,GARFIELD,0,84,0,3,84,3,2938,152,34,2,3090,36,84,3
12/12/2020,GARFIELD,2,57,0,0,59,0,2995,154,34,2,3149,36,59,0
12/13/2020,GARFIELD,0,46,0,0,46,0,3041,154,34,2,3195,36,46,0
12/14/2020,GARFIELD,4,45,0,3,49,3,3086,158,37,2,3244,39,49,3
12/15/2020,GARFIELD,8,70,0,2,78,2,3156,166,39,2,3322,41,78,2
12/16/2020,GARFIELD,1,29,0,0,30,0,3185,167,39,2,3352,41,30,0
12/17/2020,GARFIELD,11,86,0,0,97,0,3271,178,39,2,3449,41,97,0
12/18/2020,GARFIELD,8,67,0,0,75,0,3338,186,39,2,3524,41,75,0
12/19/2020,GARFIELD,3,42,0,0,45,0,3380,189,39,2,3569,41,45,0
12/20/2020,GARFIELD,0,20,0,0,20,0,3400,189,39,2,3589,41,20,0
12/21/2020,GARFIELD,1,17,0,1,18,1,3417,190,40,2,3607,42,18,1
12/22/2020,GARFIELD,6,47,0,0,53,0,3464,196,40,2,3660,42,53,0
12/23/2020,GARFIELD,10,28,0,0,38,0,3492,206,40,2,3698,42,38,0
12/24/2020,GARFIELD,2,32,0,0,34,0,3524,208,40,2,3732,42,34,0
12/25/2020,GARFIELD,1,15,0,0,16,0,3539,209,40,2,3748,42,16,0
12/26/2020,GARFIELD,2,47,0,0,49,0,3586,211,40,2,3797,42,49,0
12/27/2020,GARFIELD,0,31,0,0,31,0,3617,211,40,2,3828,42,31,0
12/28/2020,GARFIELD,3,23,0,0,26,0,3640,214,40,2,3854,42,26,0
12/29/2020,GARFIELD,5,28,0,0,33,0,3668,219,40,2,3887,42,33,0
12/30/2020,GARFIELD,16,32,0,0,48,0,3700,235,40,2,3935,42,48,0
12/31/2020,GARFIELD,6,25,0,0,31,0,3725,241,40,2,3966,42,31,0
01/01/2021,GARFIELD,2,31,0,0,33,0,3756,243,40,2,3999,42,33,0
01/02/2021,GARFIELD,0,53,0,0,53,0,3809,243,40,2,4052,42,53,0
01/03/2021,GARFIELD,0,34,0,0,34,0,3843,243,40,2,4086,42,34,0
01/04/2021,GARFIELD,0,17,0,0,17,0,3860,243,40,2,4103,42,17,0
01/05/2021,GARFIELD,10,48,0,0,58,0,3908,253,40,2,4161,42,58,0
01/06/2021,GARFIELD,3,43,0,0,46,0,3951,256,40,2,4207,42,46,0
01/07/2021,GARFIELD,11,74,0,0,85,0,4025,267,40,2,4292,42,85,0
01/08/2021,GARFIELD,4,33,0,0,37,0,4058,271,40,2,4329,42,37,0
01/09/2021,GARFIELD,0,36,0,0,36,0,4094,271,40,2,4365,42,36,0
01/10/2021,GARFIELD,0,17,0,0,17,0,4111,271,40,2,4382,42,17,0
01/11/2021,GARFIELD,3,15,0,0,18,0,4126,274,40,2,4400,42,18,0
01/12/2021,GARFIELD,3,38,0,0,41,0,4164,277,40,2,4441,42,41,0
01/13/2021,GARFIELD,3,22,0,1,25,1,4186,280,41,2,4466,43,25,1
01/14/2021,GARFIELD,5,45,0,0,50,0,4231,285,41,2,4516,43,50,0
01/15/2021,GARFIELD,6,30,0,0,36,0,4261,291,41,2,4552,43,36,0
01/16/2021,GARFIELD,0,21,0,0,21,0,4282,291,41,2,4573,43,21,0
01/17/2021,GARFIELD,1,9,0,0,10,0,4291,292,41,2,4583,43,10,0
01/18/2021,GARFIELD,1,7,0,0,8,0,4298,293,41,2,4591,43,8,0
01/19/2021,GARFIELD,3,21,0,0,24,0,4319,296,41,2,4615,43,24,0
01/20/2021,GARFIELD,3,25,0,0,28,0,4344,299,41,2,4643,43,28,0
01/21/2021,GARFIELD,0,23,0,0,23,0,4367,299,41,2,4666,43,23,0
01/22/2021,GARFIELD,2,39,0,0,41,0,4406,301,41,2,4707,43,41,0
01/23/2021,GARFIELD,4,22,0,0,26,0,4428,305,41,2,4733,43,26,0
01/24/2021,GARFIELD,0,29,0,0,29,0,4457,305,41,2,4762,43,29,0
01/25/2021,GARFIELD,1,5,0,1,6,1,4462,306,42,2,4768,44,6,1
01/26/2021,GARFIELD,3,31,0,0,34,0,4493,309,42,2,4802,44,34,0
01/27/2021,GARFIELD,2,4,0,0,6,0,4497,311,42,2,4808,44,6,0
01/28/2021,GARFIELD,1,22,0,0,23,0,4519,312,42,2,4831,44,23,0
01/29/2021,GARFIELD,0,17,0,0,17,0,4536,312,42,2,4848,44,17,0
01/30/2021,GARFIELD,0,17,0,0,17,0,4553,312,42,2,4865,44,17,0
01/31/2021,GARFIELD,0,16,0,0,16,0,4569,312,42,2,4881,44,16,0
02/01/2021,GARFIELD,0,10,0,0,10,0,4579,312,42,2,4891,44,10,0
02/02/2021,GARFIELD,2,9,0,0,11,0,4588,314,42,2,4902,44,11,0
02/03/2021,GARFIELD,0,20,0,0,20,0,4608,314,42,2,4922,44,20,0
02/04/2021,GARFIELD,1,20,0,0,21,0,4628,315,42,2,4943,44,21,0
02/05/2021,GARFIELD,2,16,0,0,18,0,4644,317,42,2,4961,44,18,0
02/06/2021,GARFIELD,1,12,0,0,13,0,4656,318,42,2,4974,44,13,0
02/07/2021,GARFIELD,0,4,0,0,4,0,4660,318,42,2,4978,44,4,0
02/08/2021,GARFIELD,1,4,0,0,5,0,4664,319,42,2,4983,44,5,0
02/09/2021,GARFIELD,4,5,0,0,9,0,4669,323,42,2,4992,44,9,0
02/10/2021,GARFIELD,0,6,0,0,6,0,4675,323,42,2,4998,44,6,0
02/11/2021,GARFIELD,1,13,0,0,14,0,4688,324,42,2,5012,44,14,0
02/12/2021,GARFIELD,1,6,0,0,7,0,4694,325,42,2,5019,44,7,0
02/13/2021,GARFIELD,1,4,0,0,5,0,4698,326,42,2,5024,44,5,0
02/14/2021,GARFIELD,0,4,0,0,4,0,4702,326,42,2,5028,44,4,0
02/15/2021,GARFIELD,4,2,0,0,6,0,4704,330,42,2,5034,44,6,0
02/16/2021,GARFIELD,0,4,0,0,4,0,4708,330,42,2,5038,44,4,0
02/17/2021,GARFIELD,0,5,0,0,5,0,4713,330,42,2,5043,44,5,0
02/18/2021,GARFIELD,2,4,0,0,6,0,4717,332,42,2,5049,44,6,0
02/19/2021,GARFIELD,1,4,0,0,5,0,4721,333,42,2,5054,44,5,0
02/20/2021,GARFIELD,0,7,0,0,7,0,4728,333,42,2,5061,44,7,0
02/21/2021,GARFIELD,1,8,0,0,9,0,4736,334,42,2,5070,44,9,0
02/22/2021,GARFIELD,2,3,0,0,5,0,4739,336,42,2,5075,44,5,0
02/23/2021,GARFIELD,1,10,0,0,11,0,4749,337,42,2,5086,44,11,0
02/24/2021,GARFIELD,1,8,0,0,9,0,4757,338,42,2,5095,44,9,0
02/25/2021,GARFIELD,1,13,0,0,14,0,4770,339,42,2,5109,44,14,0
02/26/2021,GARFIELD,2,7,0,0,9,0,4777,341,42,2,5118,44,9,0
02/27/2021,GARFIELD,0,14,0,0,14,0,4791,341,42,2,5132,44,14,0
02/28/2021,GARFIELD,0,8,0,0,8,0,4799,341,42,2,5140,44,8,0
03/01/2021,GARFIELD,3,3,0,0,6,0,4802,344,42,2,5146,44,6,0
03/02/2021,GARFIELD,1,4,0,0,5,0,4806,345,42,2,5151,44,5,0
03/03/2021,GARFIELD,2,10,0,0,12,0,4816,347,42,2,5163,44,12,0
03/04/2021,GARFIELD,2,4,0,0,6,0,4820,349,42,2,5169,44,6,0
03/05/2021,GARFIELD,1,5,0,0,6,0,4825,350,42,2,5175,44,6,0
03/06/2021,GARFIELD,0,2,0,0,2,0,4827,350,42,2,5177,44,2,0
03/07/2021,GARFIELD,0,6,0,0,6,0,4833,350,42,2,5183,44,6,0
03/08/2021,GARFIELD,1,4,0,0,5,0,4837,351,42,2,5188,44,5,0
03/09/2021,GARFIELD,4,4,0,0,8,0,4841,355,42,2,5196,44,8,0
03/10/2021,GARFIELD,1,15,0,0,16,0,4856,356,42,2,5212,44,16,0
03/11/2021,GARFIELD,1,15,0,0,16,0,4871,357,42,2,5228,44,16,0
03/12/2021,GARFIELD,0,13,0,0,13,0,4884,357,42,2,5241,44,13,0
03/13/2021,GARFIELD,0,8,0,0,8,0,4892,357,42,2,5249,44,8,0
03/14/2021,GARFIELD,1,7,0,0,8,0,4899,358,42,2,5257,44,8,0
03/15/2021,GARFIELD,3,5,0,0,8,0,4904,361,42,2,5265,44,8,0
03/16/2021,GARFIELD,3,8,0,0,11,0,4912,364,42,2,5276,44,11,0
03/17/2021,GARFIELD,0,7,0,0,7,0,4919,364,42,2,5283,44,7,0
03/18/2021,GARFIELD,1,5,0,0,6,0,4924,365,42,2,5289,44,6,0
03/19/2021,GARFIELD,0,18,0,0,18,0,4942,365,42,2,5307,44,18,0
03/20/2021,GARFIELD,0,19,0,0,19,0,4961,365,42,2,5326,44,19,0
03/21/2021,GARFIELD,1,8,0,0,9,0,4969,366,42,2,5335,44,9,0
03/22/2021,GARFIELD,0,8,0,0,8,0,4977,366,42,2,5343,44,8,0
03/23/2021,GARFIELD,1,14,0,0,15,0,4991,367,42,2,5358,44,15,0
03/24/2021,GARFIELD,3,12,0,0,15,0,5003,370,42,2,5373,44,15,0
03/25/2021,GARFIELD,4,19,0,0,23,0,5022,374,42,2,5396,44,23,0
03/26/2021,GARFIELD,1,8,0,0,9,0,5030,375,42,2,5405,44,9,0
03/27/2021,GARFIELD,0,14,0,0,14,0,5044,375,42,2,5419,44,14,0
03/28/2021,GARFIELD,0,4,0,0,4,0,5048,375,42,2,5423,44,4,0
03/29/2021,GARFIELD,4,4,0,0,8,0,5052,379,42,2,5431,44,8,0
03/30/2021,GARFIELD,1,10,0,0,11,0,5062,380,42,2,5442,44,11,0
03/31/2021,GARFIELD,0,20,0,0,20,0,5082,380,42,2,5462,44,20,0
04/01/2021,GARFIELD,0,15,0,0,15,0,5097,380,42,2,5477,44,15,0
04/02/2021,GARFIELD,3,12,0,0,15,0,5109,383,42,2,5492,44,15,0
04/03/2021,GARFIELD,0,13,0,0,13,0,5122,383,42,2,5505,44,13,0
04/04/2021,GARFIELD,0,8,0,0,8,0,5130,383,42,2,5513,44,8,0
04/05/2021,GARFIELD,3,8,0,0,11,0,5138,386,42,2,5524,44,11,0
04/06/2021,GARFIELD,13,10,0,0,23,0,5148,399,42,2,5547,44,23,0
04/07/2021,GARFIELD,5,11,0,0,16,0,5159,404,42,2,5563,44,16,0
04/08/2021,GARFIELD,5,18,0,0,23,0,5177,409,42,2,5586,44,23,0
04/09/2021,GARFIELD,1,7,0,0,8,0,5184,410,42,2,5594,44,8,0
04/10/2021,GARFIELD,0,9,0,0,9,0,5193,410,42,2,5603,44,9,0
04/11/2021,GARFIELD,0,6,0,0,6,0,5199,410,42,2,5609,44,6,0
04/12/2021,GARFIELD,5,14,0,1,19,1,5213,415,43,2,5628,45,19,1
04/13/2021,GARFIELD,2,14,0,0,16,0,5227,417,43,2,5644,45,16,0
04/14/2021,GARFIELD,0,6,0,0,6,0,5233,417,43,2,5650,45,6,0
04/15/2021,GARFIELD,1,6,0,0,7,0,5239,418,43,2,5657,45,7,0
04/16/2021,GARFIELD,2,6,0,0,8,0,5245,420,43,2,5665,45,8,0
04/17/2021,GARFIELD,1,8,0,0,9,0,5253,421,43,2,5674,45,9,0
04/18/2021,GARFIELD,0,7,0,0,7,0,5260,421,43,2,5681,45,7,0
04/19/2021,GARFIELD,4,10,0,0,14,0,5270,425,43,2,5695,45,14,0
04/20/2021,GARFIELD,0,5,0,0,5,0,5275,425,43,2,5700,45,5,0
04/21/2021,GARFIELD,1,11,0,0,12,0,5286,426,43,2,5712,45,12,0
04/22/2021,GARFIELD,1,6,0,0,7,0,5292,427,43,2,5719,45,7,0
04/23/2021,GARFIELD,1,14,0,0,15,0,5306,428,43,2,5734,45,15,0
04/24/2021,GARFIELD,0,11,0,0,11,0,5317,428,43,2,5745,45,11,0
04/25/2021,GARFIELD,0,3,0,0,3,0,5320,428,43,2,5748,45,3,0
04/26/2021,GARFIELD,4,2,0,0,6,0,5322,432,43,2,5754,45,6,0
04/27/2021,GARFIELD,1,4,0,0,5,0,5326,433,43,2,5759,45,5,0
04/28/2021,GARFIELD,2,13,0,0,15,0,5339,435,43,2,5774,45,15,0
04/29/2021,GARFIELD,0,5,0,0,5,0,5344,435,43,2,5779,45,5,0
04/30/2021,GARFIELD,0,9,0,0,9,0,5353,435,43,2,5788,45,9,0
05/01/2021,GARFIELD,0,7,0,0,7,0,5360,435,43,2,5795,45,7,0
05/02/2021,GARFIELD,0,4,0,0,4,0,5364,435,43,2,5799,45,4,0
05/03/2021,GARFIELD,3,5,0,0,8,0,5369,438,43,2,5807,45,8,0
05/04/2021,GARFIELD,1,3,0,0,4,0,5372,439,43,2,5811,45,4,0
05/05/2021,GARFIELD,1,3,0,0,4,0,5375,440,43,2,5815,45,4,0
05/06/2021,GARFIELD,0,8,0,0,8,0,5383,440,43,2,5823,45,8,0
05/07/2021,GARFIELD,0,1,0,0,1,0,5384,440,43,2,5824,45,1,0
05/08/2021,GARFIELD,0,5,0,0,5,0,5389,440,43,2,5829,45,5,0
05/09/2021,GARFIELD,0,4,0,0,4,0,5393,440,43,2,5833,45,4,0
05/10/2021,GARFIELD,1,6,0,0,7,0,5399,441,43,2,5840,45,7,0
05/11/2021,GARFIELD,0,2,0,0,2,0,5401,441,43,2,5842,45,2,0
05/12/2021,GARFIELD,1,3,0,0,4,0,5404,442,43,2,5846,45,4,0
05/13/2021,GARFIELD,0,5,0,1,5,1,5409,442,44,2,5851,46,5,1
05/14/2021,GARFIELD,0,1,0,0,1,0,5410,442,44,2,5852,46,1,0
05/15/2021,GARFIELD,0,1,0,0,1,0,5411,442,44,2,5853,46,1,0
05/16/2021,GARFIELD,0,7,0,0,7,0,5418,442,44,2,5860,46,7,0
05/17/2021,GARFIELD,1,1,0,0,2,0,5419,443,44,2,5862,46,2,0
05/18/2021,GARFIELD,0,7,0,0,7,0,5426,443,44,2,5869,46,7,0
05/19/2021,GARFIELD,1,5,0,0,6,0,5431,444,44,2,5875,46,6,0
05/20/2021,GARFIELD,3,4,0,0,7,0,5435,447,44,2,5882,46,7,0
05/21/2021,GARFIELD,2,20,0,2,22,2,5455,449,46,2,5904,48,22,2
05/22/2021,GARFIELD,0,8,0,0,8,0,5463,449,46,2,5912,48,8,0
05/23/2021,GARFIELD,0,4,0,0,4,0,5467,449,46,2,5916,48,4,0
05/24/2021,GARFIELD,2,2,0,0,4,0,5469,451,46,2,5920,48,4,0
05/25/2021,GARFIELD,1,4,0,0,5,0,5473,452,46,2,5925,48,5,0
05/26/2021,GARFIELD,0,13,0,0,13,0,5486,452,46,2,5938,48,13,0
05/27/2021,GARFIELD,0,5,0,0,5,0,5491,452,46,2,5943,48,5,0
05/28/2021,GARFIELD,4,8,0,0,12,0,5499,456,46,2,5955,48,12,0
05/29/2021,GARFIELD,0,6,0,1,6,1,5505,456,47,2,5961,49,6,1
05/30/2021,GARFIELD,0,6,0,0,6,0,5511,456,47,2,5967,49,6,0
05/31/2021,GARFIELD,0,5,0,1,5,1,5516,456,48,2,5972,50,5,1
06/01/2021,GARFIELD,1,5,0,0,6,0,5521,457,48,2,5978,50,6,0
06/02/2021,GARFIELD,1,7,0,2,8,2,5528,458,50,2,5986,52,8,2
06/03/2021,GARFIELD,4,7,0,1,11,1,5535,462,51,2,5997,53,11,1
06/04/2021,GARFIELD,2,6,0,0,8,0,5541,464,51,2,6005,53,8,0
06/05/2021,GARFIELD,0,8,0,0,8,0,5549,464,51,2,6013,53,8,0
06/06/2021,GARFIELD,0,2,0,0,2,0,5551,464,51,2,6015,53,2,0
06/07/2021,GARFIELD,1,2,0,1,3,1,5553,465,52,2,6018,54,3,1
06/08/2021,GARFIELD,2,5,0,0,7,0,5558,467,52,2,6025,54,7,0
06/09/2021,GARFIELD,0,11,0,0,11,0,5569,467,52,2,6036,54,11,0
06/10/2021,GARFIELD,4,12,0,0,16,0,5581,471,52,2,6052,54,16,0
06/11/2021,GARFIELD,0,4,0,0,4,0,5585,471,52,2,6056,54,4,0
06/12/2021,GARFIELD,1,7,0,0,8,0,5592,472,52,2,6064,54,8,0
06/13/2021,GARFIELD,0,2,0,0,2,0,5594,472,52,2,6066,54,2,0
06/15/2021,GARFIELD,2,9,0,0,11,0,5603,474,52,2,6077,54,11,0
06/16/2021,GARFIELD,0,11,0,0,11,0,5614,474,52,2,6088,54,11,0
06/17/2021,GARFIELD,1,8,0,0,9,0,5622,475,52,2,6097,54,9,0
06/18/2021,GARFIELD,2,4,0,0,6,0,5626,477,52,2,6103,54,6,0
06/19/2021,GARFIELD,0,12,0,0,12,0,5638,477,52,2,6115,54,12,0
06/20/2021,GARFIELD,0,5,0,0,5,0,5643,477,52,2,6120,54,5,0
06/21/2021,GARFIELD,0,7,0,0,7,0,5650,477,52,2,6127,54,7,0
06/22/2021,GARFIELD,0,2,0,0,2,0,5652,477,52,2,6129,54,2,0
06/23/2021,GARFIELD,0,13,0,0,13,0,5665,477,52,2,6142,54,13,0
06/24/2021,GARFIELD,2,12,0,0,14,0,5677,479,52,2,6156,54,14,0
06/25/2021,GARFIELD,0,7,0,1,7,1,5684,479,53,2,6163,55,7,1
06/26/2021,GARFIELD,0,3,0,0,3,0,5687,479,53,2,6166,55,3,0
06/27/2021,GARFIELD,0,4,0,0,4,0,5691,479,53,2,6170,55,4,0
06/28/2021,GARFIELD,5,5,0,0,10,0,5696,484,53,2,6180,55,10,0
06/29/2021,GARFIELD,5,10,0,0,15,0,5706,489,53,2,6195,55,15,0
06/30/2021,GARFIELD,0,7,0,0,7,0,5713,489,53,2,6202,55,7,0
07/01/2021,GARFIELD,0,14,0,1,14,1,5727,489,54,2,6216,56,14,1
07/02/2021,GARFIELD,0,7,0,0,7,0,5734,489,54,2,6223,56,7,0
07/03/2021,GARFIELD,0,4,0,0,4,0,5738,489,54,2,6227,56,4,0
07/04/2021,GARFIELD,0,4,0,0,4,0,5742,489,54,2,6231,56,4,0
07/05/2021,GARFIELD,0,1,0,0,1,0,5743,489,54,2,6232,56,1,0
07/06/2021,GARFIELD,2,0,0,0,2,0,5743,491,54,2,6234,56,2,0
07/07/2021,GARFIELD,2,8,0,0,10,0,5751,493,54,2,6244,56,10,0
07/08/2021,GARFIELD,2,15,0,1,17,1,5766,495,55,2,6261,57,17,1
07/09/2021,GARFIELD,2,13,0,0,15,0,5779,497,55,2,6276,57,15,0
07/10/2021,GARFIELD,1,12,0,0,13,0,5791,498,55,2,6289,57,13,0
07/11/2021,GARFIELD,0,4,0,0,4,0,5795,498,55,2,6293,57,4,0
07/12/2021,GARFIELD,1,7,0,0,8,0,5802,499,55,2,6301,57,8,0
07/13/2021,GARFIELD,0,9,0,1,9,1,5811,499,56,2,6310,58,9,1
07/14/2021,GARFIELD,0,8,0,0,8,0,5819,499,56,2,6318,58,8,0
07/15/2021,GARFIELD,1,17,0,1,18,1,5836,500,57,2,6336,59,18,1
07/16/2021,GARFIELD,2,17,0,0,19,0,5853,502,57,2,6355,59,19,0
07/17/2021,GARFIELD,3,11,0,1,14,1,5864,505,58,2,6369,60,14,1
07/18/2021,GARFIELD,0,10,0,0,10,0,5874,505,58,2,6379,60,10,0
07/19/2021,GARFIELD,3,4,0,0,7,0,5878,508,58,2,6386,60,7,0
07/20/2021,GARFIELD,2,5,0,0,7,0,5883,510,58,2,6393,60,7,0
07/21/2021,GARFIELD,0,16,0,0,16,0,5899,510,58,2,6409,60,16,0
07/22/2021,GARFIELD,3,9,0,0,12,0,5908,513,58,2,6421,60,12,0
07/23/2021,GARFIELD,2,7,0,0,9,0,5915,515,58,2,6430,60,9,0
07/24/2021,GARFIELD,0,9,0,0,9,0,5924,515,58,2,6439,60,9,0
07/25/2021,GARFIELD,0,4,0,0,4,0,5928,515,58,2,6443,60,4,0
07/26/2021,GARFIELD,2,4,0,1,6,1,5932,517,59,2,6449,61,6,1
07/27/2021,GARFIELD,2,6,0,0,8,0,5938,519,59,2,6457,61,8,0
07/28/2021,GARFIELD,2,14,0,0,16,0,5952,521,59,2,6473,61,16,0
07/29/2021,GARFIELD,4,6,0,0,10,0,5958,525,59,2,6483,61,10,0
07/30/2021,GARFIELD,0,6,0,0,6,0,5964,525,59,2,6489,61,6,0
07/31/2021,GARFIELD,0,6,0,0,6,0,5970,525,59,2,6495,61,6,0
08/01/2021,GARFIELD,0,7,0,0,7,0,5977,525,59,2,6502,61,7,0
08/03/2021,GARFIELD,1,3,0,0,4,0,5980,526,59,2,6506,61,4,0
08/04/2021,GARFIELD,0,19,0,0,19,0,5999,526,59,2,6525,61,19,0
08/05/2021,GARFIELD,2,9,0,0,11,0,6008,528,59,2,6536,61,11,0
08/06/2021,GARFIELD,1,10,0,0,11,0,6018,529,59,2,6547,61,11,0
08/07/2021,GARFIELD,0,11,0,0,11,0,6029,529,59,2,6558,61,11,0
08/08/2021,GARFIELD,0,7,0,0,7,0,6036,529,59,2,6565,61,7,0
08/09/2021,GARFIELD,0,3,0,0,3,0,6039,529,59,2,6568,61,3,0
08/10/2021,GARFIELD,1,9,0,0,10,0,6048,530,59,2,6578,61,10,0
08/11/2021,GARFIELD,1,8,0,0,9,0,6056,531,59,2,6587,61,9,0
08/12/2021,GARFIELD,2,7,0,0,9,0,6063,533,59,2,6596,61,9,0
08/13/2021,GARFIELD,2,11,0,1,13,1,6074,535,60,2,6609,62,13,1
08/14/2021,GARFIELD,1,4,0,0,5,0,6078,536,60,2,6614,62,5,0
08/15/2021,GARFIELD,1,4,0,0,5,0,6082,537,60,2,6619,62,5,0
08/16/2021,GARFIELD,6,6,0,0,12,0,6088,543,60,2,6631,62,12,0
08/17/2021,GARFIELD,1,5,0,0,6,0,6093,544,60,2,6637,62,6,0
08/18/2021,GARFIELD,0,9,0,0,9,0,6102,544,60,2,6646,62,9,0
08/19/2021,GARFIELD,2,8,0,0,10,0,6110,546,60,2,6656,62,10,0
08/20/2021,GARFIELD,0,12,0,0,12,0,6122,546,60,2,6668,62,12,0
08/21/2021,GARFIELD,1,4,0,0,5,0,6126,547,60,2,6673,62,5,0
08/22/2021,GARFIELD,0,4,0,0,4,0,6130,547,60,2,6677,62,4,0
08/23/2021,GARFIELD,0,10,0,0,10,0,6140,547,60,2,6687,62,10,0
08/24/2021,GARFIELD,1,6,0,0,7,0,6146,548,60,2,6694,62,7,0
08/25/2021,GARFIELD,1,2,0,0,3,0,6148,549,60,2,6697,62,3,0
08/26/2021,GARFIELD,2,24,0,0,26,0,6172,551,60,2,6723,62,26,0
08/27/2021,GARFIELD,2,12,0,0,14,0,6184,553,60,2,6737,62,14,0
08/28/2021,GARFIELD,0,1,0,0,1,0,6185,553,60,2,6738,62,1,0
08/29/2021,GARFIELD,0,18,0,1,18,1,6203,553,61,2,6756,63,18,1
08/30/2021,GARFIELD,0,11,0,1,11,1,6214,553,62,2,6767,64,11,1
08/31/2021,GARFIELD,3,5,0,0,8,0,6219,556,62,2,6775,64,8,0
09/01/2021,GARFIELD,1,14,0,0,15,0,6233,557,62,2,6790,64,15,0
09/02/2021,GARFIELD,2,17,0,0,19,0,6250,559,62,2,6809,64,19,0
09/03/2021,GARFIELD,3,36,0,0,39,0,6286,562,62,2,6848,64,39,0
09/04/2021,GARFIELD,0,19,0,0,19,0,6305,562,62,2,6867,64,19,0
09/05/2021,GARFIELD,1,16,0,0,17,0,6321,563,62,2,6884,64,17,0
09/06/2021,GARFIELD,0,5,0,0,5,0,6326,563,62,2,6889,64,5,0
09/07/2021,GARFIELD,2,8,0,0,10,0,6334,565,62,2,6899,64,10,0
09/08/2021,GARFIELD,5,12,0,0,17,0,6346,570,62,2,6916,64,17,0
09/09/2021,GARFIELD,3,27,0,0,30,0,6373,573,62,2,6946,64,30,0
09/10/2021,GARFIELD,3,25,0,0,28,0,6398,576,62,2,6974,64,28,0
09/11/2021,GARFIELD,0,14,0,0,14,0,6412,576,62,2,6988,64,14,0
09/12/2021,GARFIELD,0,15,0,0,15,0,6427,576,62,2,7003,64,15,0
09/13/2021,GARFIELD,5,14,0,0,19,0,6441,581,62,2,7022,64,19,0
09/14/2021,GARFIELD,3,13,0,0,16,0,6454,584,62,2,7038,64,16,0
09/15/2021,GARFIELD,3,18,0,0,21,0,6472,587,62,2,7059,64,21,0
09/16/2021,GARFIELD,2,28,0,0,30,0,6500,589,62,2,7089,64,30,0
09/17/2021,GARFIELD,3,15,0,0,18,0,6515,592,62,2,7107,64,18,0
09/18/2021,GARFIELD,0,16,0,0,16,0,6531,592,62,2,7123,64,16,0
09/19/2021,GARFIELD,0,9,0,0,9,0,6540,592,62,2,7132,64,9,0
09/20/2021,GARFIELD,3,6,0,0,9,0,6546,595,62,2,7141,64,9,0
09/21/2021,GARFIELD,1,10,0,0,11,0,6556,596,62,2,7152,64,11,0
09/22/2021,GARFIELD,0,27,0,0,27,0,6583,596,62,2,7179,64,27,0
09/23/2021,GARFIELD,0,18,0,1,18,1,6601,596,63,2,7197,65,18,1
09/24/2021,GARFIELD,3,15,0,0,18,0,6616,599,63,2,7215,65,18,0
09/25/2021,GARFIELD,0,9,0,0,9,0,6625,599,63,2,7224,65,9,0
09/26/2021,GARFIELD,1,19,0,0,20,0,6644,600,63,2,7244,65,20,0
09/27/2021,GARFIELD,4,17,0,0,21,0,6661,604,63,2,7265,65,21,0
09/28/2021,GARFIELD,5,10,0,0,15,0,6671,609,63,2,7280,65,15,0
09/29/2021,GARFIELD,0,7,0,0,7,0,6678,609,63,2,7287,65,7,0
09/30/2021,GARFIELD,1,26,0,0,27,0,6704,610,63,2,7314,65,27,0
10/01/2021,GARFIELD,1,22,0,0,23,0,6726,611,63,2,7337,65,23,0
10/02/2021,GARFIELD,0,16,0,0,16,0,6742,611,63,2,7353,65,16,0
10/03/2021,GARFIELD,3,14,0,0,17,0,6756,614,63,2,7370,65,17,0
10/04/2021,GARFIELD,3,25,0,0,28,0,6781,617,63,2,7398,65,28,0
10/05/2021,GARFIELD,7,18,0,0,25,0,6799,624,63,2,7423,65,25,0
10/06/2021,GARFIELD,4,30,0,0,34,0,6829,628,63,2,7457,65,34,0
10/07/2021,GARFIELD,5,47,0,0,52,0,6876,633,63,2,7509,65,52,0
10/08/2021,GARFIELD,2,40,0,1,42,1,6916,635,64,2,7551,66,42,1
10/09/2021,GARFIELD,0,17,0,0,17,0,6933,635,64,2,7568,66,17,0
10/10/2021,GARFIELD,0,12,0,0,12,0,6945,635,64,2,7580,66,12,0
10/11/2021,GARFIELD,2,25,0,0,27,0,6970,637,64,2,7607,66,27,0
10/12/2021,GARFIELD,2,20,0,0,22,0,6990,639,64,2,7629,66,22,0
10/13/2021,GARFIELD,2,22,0,0,24,0,7012,641,64,2,7653,66,24,0
10/14/2021,GARFIELD,1,18,0,1,19,1,7030,642,65,2,7672,67,19,1
10/15/2021,GARFIELD,5,23,0,1,28,1,7053,647,66,2,7700,68,28,1
10/16/2021,GARFIELD,0,13,0,0,13,0,7066,647,66,2,7713,68,13,0
10/17/2021,GARFIELD,0,29,0,1,29,1,7095,647,67,2,7742,69,29,1
10/18/2021,GARFIELD,4,18,0,0,22,0,7113,651,67,2,7764,69,22,0
10/19/2021,GARFIELD,5,8,0,0,13,0,7121,656,67,2,7777,69,13,0
10/20/2021,GARFIELD,0,24,0,0,24,0,7145,656,67,2,7801,69,24,0
10/21/2021,GARFIELD,1,33,0,0,34,0,7178,657,67,2,7835,69,34,0
10/22/2021,GARFIELD,3,21,0,0,24,0,7199,660,67,2,7859,69,24,0
10/23/2021,GARFIELD,0,34,0,0,34,0,7233,660,67,2,7893,69,34,0
10/24/2021,GARFIELD,2,32,0,1,34,1,7265,662,68,2,7927,70,34,1
10/25/2021,GARFIELD,5,26,0,0,31,0,7291,667,68,2,7958,70,31,0
10/26/2021,GARFIELD,3,9,0,0,12,0,7300,670,68,2,7970,70,12,0
10/27/2021,GARFIELD,9,22,0,0,31,0,7322,679,68,2,8001,70,31,0
10/28/2021,GARFIELD,2,21,0,0,23,0,7343,681,68,2,8024,70,23,0
10/29/2021,GARFIELD,1,31,0,0,32,0,7374,682,68,2,8056,70,32,0
10/30/2021,GARFIELD,0,24,0,0,24,0,7398,682,68,2,8080,70,24,0
10/31/2021,GARFIELD,0,23,0,0,23,0,7421,682,68,2,8103,70,23,0
11/01/2021,GARFIELD,12,24,1,2,36,3,7445,694,70,3,8139,73,36,3
11/02/2021,GARFIELD,5,14,0,0,19,0,7459,699,70,3,8158,73,19,0
11/03/2021,GARFIELD,2,24,0,0,26,0,7483,701,70,3,8184,73,26,0
11/04/2021,GARFIELD,1,23,0,0,24,0,7506,702,70,3,8208,73,24,0
11/05/2021,GARFIELD,4,29,0,0,33,0,7535,706,70,3,8241,73,33,0
11/06/2021,GARFIELD,0,16,0,1,16,1,7551,706,71,3,8257,74,16,1
11/07/2021,GARFIELD,0,16,0,0,16,0,7567,706,71,3,8273,74,16,0
11/08/2021,GARFIELD,2,14,0,0,16,0,7581,708,71,3,8289,74,16,0
11/09/2021,GARFIELD,12,15,0,0,27,0,7596,720,71,3,8316,74,27,0
11/10/2021,GARFIELD,5,24,1,1,29,2,7620,725,72,4,8345,76,29,2
11/11/2021,GARFIELD,0,38,0,1,38,1,7658,725,73,4,8383,77,38,1
11/12/2021,GARFIELD,2,13,0,0,15,0,7671,727,73,4,8398,77,15,0
11/13/2021,GARFIELD,0,19,0,1,19,1,7690,727,74,4,8417,78,19,1
11/14/2021,GARFIELD,0,14,0,0,14,0,7704,727,74,4,8431,78,14,0
11/15/2021,GARFIELD,0,13,0,1,13,1,7717,727,75,4,8444,79,13,1
11/16/2021,GARFIELD,3,59,0,1,62,1,7776,730,76,4,8506,80,62,1
11/17/2021,GARFIELD,1,17,0,0,18,0,7793,731,76,4,8524,80,18,0
11/18/2021,GARFIELD,4,15,0,0,19,0,7808,735,76,4,8543,80,19,0
11/19/2021,GARFIELD,6,20,0,0,26,0,7828,741,76,4,8569,80,26,0
11/20/2021,GARFIELD,1,9,0,0,10,0,7837,742,76,4,8579,80,10,0
11/21/2021,GARFIELD,0,3,0,0,3,0,7840,742,76,4,8582,80,3,0
11/22/2021,GARFIELD,5,34,0,0,39,0,7874,747,76,4,8621,80,39,0
11/23/2021,GARFIELD,1,18,0,0,19,0,7892,748,76,4,8640,80,19,0
11/24/2021,GARFIELD,0,5,0,0,5,0,7897,748,76,4,8645,80,5,0
11/25/2021,GARFIELD,5,9,0,0,14,0,7906,753,76,4,8659,80,14,0
11/26/2021,GARFIELD,3,35,0,0,38,0,7941,756,76,4,8697,80,38,0
11/27/2021,GARFIELD,3,21,0,0,24,0,7962,759,76,4,8721,80,24,0
11/28/2021,GARFIELD,1,18,0,0,19,0,7980,760,76,4,8740,80,19,0
11/29/2021,GARFIELD,1,27,0,1,28,1,8007,761,77,4,8768,81,28,1
11/30/2021,GARFIELD,6,46,1,0,52,1,8053,767,77,5,8820,82,52,1
12/01/2021,GARFIELD,5,31,0,0,36,0,8084,772,77,5,8856,82,36,0
12/02/2021,GARFIELD,6,25,0,0,31,0,8109,778,77,5,8887,82,31,0
12/03/2021,GARFIELD,3,46,0,0,49,0,8155,781,77,5,8936,82,49,0
12/04/2021,GARFIELD,1,21,0,0,22,0,8176,782,77,5,8958,82,22,0
12/05/2021,GARFIELD,0,15,0,1,15,1,8191,782,78,5,8973,83,15,1
12/06/2021,GARFIELD,2,23,0,0,25,0,8214,784,78,5,8998,83,25,0
12/07/2021,GARFIELD,5,25,0,0,30,0,8239,789,78,5,9028,83,30,0
12/08/2021,GARFIELD,2,66,0,0,68,0,8305,791,78,5,9096,83,68,0
12/09/2021,GARFIELD,1,21,0,0,22,0,8326,792,78,5,9118,83,22,0
12/10/2021,GARFIELD,1,17,0,1,18,1,8343,793,79,5,9136,84,18,1
12/11/2021,GARFIELD,2,10,0,0,12,0,8353,795,79,5,9148,84,12,0
12/12/2021,GARFIELD,0,6,0,0,6,0,8359,795,79,5,9154,84,6,0
12/13/2021,GARFIELD,0,14,0,0,14,0,8373,795,79,5,9168,84,14,0
12/14/2021,GARFIELD,5,13,0,1,18,1,8386,800,80,5,9186,85,18,1
12/15/2021,GARFIELD,2,44,0,0,46,0,8430,802,80,5,9232,85,46,0
12/16/2021,GARFIELD,1,34,0,0,35,0,8464,803,80,5,9267,85,35,0
12/17/2021,GARFIELD,0,19,0,0,19,0,8483,803,80,5,9286,85,19,0
12/18/2021,GARFIELD,0,14,0,0,14,0,8497,803,80,5,9300,85,14,0
12/19/2021,GARFIELD,1,24,0,0,25,0,8521,804,80,5,9325,85,25,0
12/20/2021,GARFIELD,4,12,0,0,16,0,8533,808,80,5,9341,85,16,0
12/21/2021,GARFIELD,1,21,0,0,22,0,8554,809,80,5,9363,85,22,0
12/22/2021,GARFIELD,1,42,0,0,43,0,8596,810,80,5,9406,85,43,0
12/23/2021,GARFIELD,4,66,0,0,70,0,8662,814,80,5,9476,85,70,0
12/24/2021,GARFIELD,3,56,0,0,59,0,8718,817,80,5,9535,85,59,0
12/25/2021,GARFIELD,4,9,0,0,13,0,8727,821,80,5,9548,85,13,0
12/26/2021,GARFIELD,1,75,0,0,76,0,8802,822,80,5,9624,85,76,0
12/27/2021,GARFIELD,9,27,0,0,36,0,8829,831,80,5,9660,85,36,0
12/28/2021,GARFIELD,7,47,0,0,54,0,8876,838,80,5,9714,85,54,0
12/29/2021,GARFIELD,7,192,0,0,199,0,9068,845,80,5,9913,85,199,0
12/30/2021,GARFIELD,8,80,0,0,88,0,9148,853,80,5,10001,85,88,0
12/31/2021,GARFIELD,2,162,0,1,164,1,9310,855,81,5,10165,86,164,1
01/01/2022,GARFIELD,0,9,0,0,9,0,9319,855,81,5,10174,86,9,0
01/02/2022,GARFIELD,6,154,0,0,160,0,9473,861,81,5,10334,86,160,0
01/03/2022,GARFIELD,21,50,0,0,71,0,9523,882,81,5,10405,86,71,0
01/04/2022,GARFIELD,18,51,0,0,69,0,9574,900,81,5,10474,86,69,0
01/05/2022,GARFIELD,11,200,0,0,211,0,9774,911,81,5,10685,86,211,0
01/06/2022,GARFIELD,18,212,0,1,230,1,9986,929,82,5,10915,87,230,1
01/07/2022,GARFIELD,12,51,0,0,63,0,10037,941,82,5,10978,87,63,0
01/08/2022,GARFIELD,2,170,0,0,172,0,10207,943,82,5,11150,87,172,0
01/09/2022,GARFIELD,2,276,0,0,278,0,10483,945,82,5,11428,87,278,0
01/10/2022,GARFIELD,13,108,0,0,121,0,10591,958,82,5,11549,87,121,0
01/11/2022,GARFIELD,27,44,0,0,71,0,10635,985,82,5,11620,87,71,0
01/12/2022,GARFIELD,14,117,0,0,131,0,10752,999,82,5,11751,87,131,0
01/13/2022,GARFIELD,16,274,0,0,290,0,11026,1015,82,5,12041,87,290,0
01/14/2022,GARFIELD,8,25,0,0,33,0,11051,1023,82,5,12074,87,33,0
01/15/2022,GARFIELD,0,178,0,0,178,0,11229,1023,82,5,12252,87,178,0
01/16/2022,GARFIELD,0,134,0,1,134,1,11363,1023,83,5,12386,88,134,1
01/17/2022,GARFIELD,18,57,0,0,75,0,11420,1041,83,5,12461,88,75,0
01/18/2022,GARFIELD,20,119,0,0,139,0,11539,1061,83,5,12600,88,139,0
01/19/2022,GARFIELD,7,174,0,0,181,0,11713,1068,83,5,12781,88,181,0
01/20/2022,GARFIELD,7,92,0,0,99,0,11805,1075,83,5,12880,88,99,0
01/21/2022,GARFIELD,2,127,0,0,129,0,11932,1077,83,5,13009,88,129,0
01/22/2022,GARFIELD,3,88,0,0,91,0,12020,1080,83,5,13100,88,91,0
01/23/2022,GARFIELD,0,91,0,0,91,0,12111,1080,83,5,13191,88,91,0
01/24/2022,GARFIELD,12,96,0,0,108,0,12207,1092,83,5,13299,88,108,0
01/25/2022,GARFIELD,10,78,0,1,88,1,12285,1102,84,5,13387,89,88,1
01/26/2022,GARFIELD,1,101,0,0,102,0,12386,1103,84,5,13489,89,102,0
01/27/2022,GARFIELD,8,66,0,0,74,0,12452,1111,84,5,13563,89,74,0
01/28/2022,GARFIELD,0,54,0,0,54,0,12506,1111,84,5,13617,89,54,0
01/29/2022,GARFIELD,0,7,0,0,7,0,12513,1111,84,5,13624,89,7,0
01/30/2022,GARFIELD,0,37,0,0,37,0,12550,1111,84,5,13661,89,37,0
01/31/2022,GARFIELD,3,23,0,0,26,0,12573,1114,84,5,13687,89,26,0
02/01/2022,GARFIELD,6,21,0,1,27,1,12594,1120,85,5,13714,90,27,1
02/02/2022,GARFIELD,3,96,0,2,99,2,12690,1123,87,5,13813,92,99,2
02/03/2022,GARFIELD,2,57,0,0,59,0,12747,1125,87,5,13872,92,59,0
02/04/2022,GARFIELD,6,5,0,0,11,0,12752,1131,87,5,13883,92,11,0
02/05/2022,GARFIELD,0,12,0,1,12,1,12764,1131,88,5,13895,93,12,1
02/06/2022,GARFIELD,1,74,0,0,75,0,12838,1132,88,5,13970,93,75,0
02/07/2022,GARFIELD,3,24,0,0,27,0,12862,1135,88,5,13997,93,27,0
02/08/2022,GARFIELD,2,10,0,0,12,0,12872,1137,88,5,14009,93,12,0
02/09/2022,GARFIELD,1,39,0,0,40,0,12911,1138,88,5,14049,93,40,0
02/10/2022,GARFIELD,5,6,0,0,11,0,12917,1143,88,5,14060,93,11,0
02/11/2022,GARFIELD,1,28,0,0,29,0,12945,1144,88,5,14089,93,29,0
02/12/2022,GARFIELD,0,6,0,0,6,0,12951,1144,88,5,14095,93,6,0
02/13/2022,GARFIELD,0,6,0,0,6,0,12957,1144,88,5,14101,93,6,0
02/14/2022,GARFIELD,0,9,0,1,9,1,12966,1144,89,5,14110,94,9,1
02/15/2022,GARFIELD,1,51,0,0,52,0,13017,1145,89,5,14162,94,52,0
02/16/2022,GARFIELD,1,18,0,0,19,0,13035,1146,89,5,14181,94,19,0
02/17/2022,GARFIELD,1,19,0,0,20,0,13054,1147,89,5,14201,94,20,0
02/18/2022,GARFIELD,2,15,0,0,17,0,13069,1149,89,5,14218,94,17,0
02/19/2022,GARFIELD,0,19,0,0,19,0,13088,1149,89,5,14237,94,19,0
02/20/2022,GARFIELD,0,1,0,0,1,0,13089,1149,89,5,14238,94,1,0
02/21/2022,GARFIELD,0,1,0,0,1,0,13090,1149,89,5,14239,94,1,0
02/22/2022,GARFIELD,0,15,0,0,15,0,13105,1149,89,5,14254,94,15,0
02/23/2022,GARFIELD,0,13,0,0,13,0,13118,1149,89,5,14267,94,13,0
02/24/2022,GARFIELD,1,12,0,0,13,0,13130,1150,89,5,14280,94,13,0
02/25/2022,GARFIELD,0,9,0,0,9,0,13139,1150,89,5,14289,94,9,0
02/26/2022,GARFIELD,0,6,0,0,6,0,13145,1150,89,5,14295,94,6,0
02/27/2022,GARFIELD,0,2,0,0,2,0,13147,1150,89,5,14297,94,2,0
02/28/2022,GARFIELD,0,4,0,0,4,0,13151,1150,89,5,14301,94,4,0
03/01/2022,GARFIELD,0,8,0,0,8,0,13159,1150,89,5,14309,94,8,0
03/02/2022,GARFIELD,1,2,0,0,3,0,13161,1151,89,5,14312,94,3,0
03/03/2022,GARFIELD,0,2,0,0,2,0,13163,1151,89,5,14314,94,2,0
03/04/2022,GARFIELD,0,6,0,0,6,0,13169,1151,89,5,14320,94,6,0
03/05/2022,GARFIELD,0,1,0,0,1,0,13170,1151,89,5,14321,94,1,0
03/06/2022,GARFIELD,1,1,0,0,2,0,13171,1152,89,5,14323,94,2,0
03/07/2022,GARFIELD,0,2,0,0,2,0,13173,1152,89,5,14325,94,2,0
03/08/2022,GARFIELD,0,9,0,0,9,0,13182,1152,89,5,14334,94,9,0
03/09/2022,GARFIELD,0,4,0,0,4,0,13186,1152,89,5,14338,94,4,0
03/10/2022,GARFIELD,0,7,0,0,7,0,13193,1152,89,5,14345,94,7,0
03/12/2022,GARFIELD,0,1,0,0,1,0,13194,1152,89,5,14346,94,1,0
03/15/2022,GARFIELD,0,5,0,0,5,0,13199,1152,89,5,14351,94,5,0
03/16/2022,GARFIELD,1,3,0,0,4,0,13202,1153,89,5,14355,94,4,0
03/17/2022,GARFIELD,0,2,0,0,2,0,13204,1153,89,5,14357,94,2,0
03/18/2022,GARFIELD,0,1,0,0,1,0,13205,1153,89,5,14358,94,1,0
03/20/2022,GARFIELD,0,2,0,0,2,0,13207,1153,89,5,14360,94,2,0
04/08/2020,GILPIN,0,1,0,0,1,0,1,0,0,0,1,0,-14359,-94
05/13/2020,GILPIN,0,1,0,0,1,0,2,0,0,0,2,0,1,0
05/15/2020,GILPIN,1,0,0,0,1,0,2,1,0,0,3,0,1,0
06/02/2020,GILPIN,0,1,0,0,1,0,3,1,0,0,4,0,1,0
06/05/2020,GILPIN,0,1,0,0,1,0,4,1,0,0,5,0,1,0
06/11/2020,GILPIN,0,1,0,0,1,0,5,1,0,0,6,0,1,0
06/24/2020,GILPIN,0,1,0,0,1,0,6,1,0,0,7,0,1,0
07/04/2020,GILPIN,0,1,0,0,1,0,7,1,0,0,8,0,1,0
07/14/2020,GILPIN,0,3,0,0,3,0,10,1,0,0,11,0,3,0
07/15/2020,GILPIN,0,1,0,0,1,0,11,1,0,0,12,0,1,0
07/17/2020,GILPIN,1,0,0,0,1,0,11,2,0,0,13,0,1,0
07/31/2020,GILPIN,0,3,0,0,3,0,14,2,0,0,16,0,3,0
08/04/2020,GILPIN,0,1,0,0,1,0,15,2,0,0,17,0,1,0
08/31/2020,GILPIN,0,1,0,0,1,0,16,2,0,0,18,0,1,0
09/23/2020,GILPIN,0,1,0,0,1,0,17,2,0,0,19,0,1,0
10/09/2020,GILPIN,0,1,0,0,1,0,18,2,0,0,20,0,1,0
10/13/2020,GILPIN,0,1,0,0,1,0,19,2,0,0,21,0,1,0
10/18/2020,GILPIN,0,3,0,0,3,0,22,2,0,0,24,0,3,0
10/19/2020,GILPIN,0,1,0,0,1,0,23,2,0,0,25,0,1,0
10/20/2020,GILPIN,0,1,0,0,1,0,24,2,0,0,26,0,1,0
10/21/2020,GILPIN,1,0,0,0,1,0,24,3,0,0,27,0,1,0
10/22/2020,GILPIN,0,1,0,0,1,0,25,3,0,0,28,0,1,0
10/25/2020,GILPIN,0,1,0,0,1,0,26,3,0,0,29,0,1,0
10/29/2020,GILPIN,0,3,0,0,3,0,29,3,0,0,32,0,3,0
11/01/2020,GILPIN,0,4,0,0,4,0,33,3,0,0,36,0,4,0
11/02/2020,GILPIN,0,1,0,0,1,0,34,3,0,0,37,0,1,0
11/03/2020,GILPIN,0,1,0,0,1,0,35,3,0,0,38,0,1,0
11/04/2020,GILPIN,0,2,0,0,2,0,37,3,0,0,40,0,2,0
11/05/2020,GILPIN,0,7,0,0,7,0,44,3,0,0,47,0,7,0
11/06/2020,GILPIN,0,2,0,0,2,0,46,3,0,0,49,0,2,0
11/07/2020,GILPIN,0,4,0,0,4,0,50,3,0,0,53,0,4,0
11/08/2020,GILPIN,0,1,0,0,1,0,51,3,0,0,54,0,1,0
11/09/2020,GILPIN,0,1,0,0,1,0,52,3,0,0,55,0,1,0
11/11/2020,GILPIN,0,2,0,0,2,0,54,3,0,0,57,0,2,0
11/12/2020,GILPIN,0,8,0,0,8,0,62,3,0,0,65,0,8,0
11/13/2020,GILPIN,0,2,0,0,2,0,64,3,0,0,67,0,2,0
11/15/2020,GILPIN,0,1,0,0,1,0,65,3,0,0,68,0,1,0
11/16/2020,GILPIN,0,1,0,0,1,0,66,3,0,0,69,0,1,0
11/17/2020,GILPIN,0,1,0,0,1,0,67,3,0,0,70,0,1,0
11/18/2020,GILPIN,0,7,0,0,7,0,74,3,0,0,77,0,7,0
11/20/2020,GILPIN,2,1,0,0,3,0,75,5,0,0,80,0,3,0
11/21/2020,GILPIN,0,1,0,0,1,0,76,5,0,0,81,0,1,0
11/22/2020,GILPIN,0,1,0,0,1,0,77,5,0,0,82,0,1,0
11/23/2020,GILPIN,0,1,0,1,1,1,78,5,1,0,83,1,1,1
11/24/2020,GILPIN,0,2,0,0,2,0,80,5,1,0,85,1,2,0
11/25/2020,GILPIN,0,1,0,0,1,0,81,5,1,0,86,1,1,0
11/26/2020,GILPIN,0,1,0,0,1,0,82,5,1,0,87,1,1,0
11/27/2020,GILPIN,0,7,0,0,7,0,89,5,1,0,94,1,7,0
11/28/2020,GILPIN,0,3,0,0,3,0,92,5,1,0,97,1,3,0
12/02/2020,GILPIN,0,3,0,0,3,0,95,5,1,0,100,1,3,0
12/03/2020,GILPIN,0,3,0,0,3,0,98,5,1,0,103,1,3,0
12/04/2020,GILPIN,0,4,0,0,4,0,102,5,1,0,107,1,4,0
12/05/2020,GILPIN,0,1,0,0,1,0,103,5,1,0,108,1,1,0
12/06/2020,GILPIN,0,1,0,0,1,0,104,5,1,0,109,1,1,0
12/07/2020,GILPIN,0,4,0,0,4,0,108,5,1,0,113,1,4,0
12/10/2020,GILPIN,0,2,0,0,2,0,110,5,1,0,115,1,2,0
12/13/2020,GILPIN,0,1,0,0,1,0,111,5,1,0,116,1,1,0
12/16/2020,GILPIN,0,2,0,0,2,0,113,5,1,0,118,1,2,0
12/17/2020,GILPIN,0,5,0,1,5,1,118,5,2,0,123,2,5,1
12/18/2020,GILPIN,0,1,0,0,1,0,119,5,2,0,124,2,1,0
12/20/2020,GILPIN,0,1,0,0,1,0,120,5,2,0,125,2,1,0
12/21/2020,GILPIN,0,1,0,0,1,0,121,5,2,0,126,2,1,0
12/22/2020,GILPIN,0,2,0,0,2,0,123,5,2,0,128,2,2,0
12/23/2020,GILPIN,0,1,0,0,1,0,124,5,2,0,129,2,1,0
12/24/2020,GILPIN,0,2,0,1,2,1,126,5,3,0,131,3,2,1
12/29/2020,GILPIN,0,1,0,0,1,0,127,5,3,0,132,3,1,0
12/31/2020,GILPIN,0,1,0,0,1,0,128,5,3,0,133,3,1,0
01/01/2021,GILPIN,0,2,0,0,2,0,130,5,3,0,135,3,2,0
01/02/2021,GILPIN,0,1,0,0,1,0,131,5,3,0,136,3,1,0
01/03/2021,GILPIN,0,2,0,0,2,0,133,5,3,0,138,3,2,0
01/06/2021,GILPIN,0,1,0,0,1,0,134,5,3,0,139,3,1,0
01/08/2021,GILPIN,0,1,0,0,1,0,135,5,3,0,140,3,1,0
01/09/2021,GILPIN,0,4,0,0,4,0,139,5,3,0,144,3,4,0
01/12/2021,GILPIN,0,3,0,0,3,0,142,5,3,0,147,3,3,0
01/13/2021,GILPIN,1,0,0,0,1,0,142,6,3,0,148,3,1,0
01/14/2021,GILPIN,0,1,0,0,1,0,143,6,3,0,149,3,1,0
01/17/2021,GILPIN,0,1,0,0,1,0,144,6,3,0,150,3,1,0
01/18/2021,GILPIN,1,2,0,0,3,0,146,7,3,0,153,3,3,0
01/21/2021,GILPIN,0,1,0,0,1,0,147,7,3,0,154,3,1,0
01/22/2021,GILPIN,1,1,0,0,2,0,148,8,3,0,156,3,2,0
01/23/2021,GILPIN,0,1,0,0,1,0,149,8,3,0,157,3,1,0
01/27/2021,GILPIN,0,2,0,0,2,0,151,8,3,0,159,3,2,0
01/28/2021,GILPIN,0,1,0,0,1,0,152,8,3,0,160,3,1,0
01/29/2021,GILPIN,0,1,0,0,1,0,153,8,3,0,161,3,1,0
02/02/2021,GILPIN,1,0,0,0,1,0,153,9,3,0,162,3,1,0
02/03/2021,GILPIN,1,2,0,0,3,0,155,10,3,0,165,3,3,0
02/04/2021,GILPIN,0,2,0,0,2,0,157,10,3,0,167,3,2,0
02/05/2021,GILPIN,0,1,0,0,1,0,158,10,3,0,168,3,1,0
02/07/2021,GILPIN,0,1,0,0,1,0,159,10,3,0,169,3,1,0
02/08/2021,GILPIN,0,1,0,0,1,0,160,10,3,0,170,3,1,0
02/10/2021,GILPIN,0,2,0,0,2,0,162,10,3,0,172,3,2,0
02/11/2021,GILPIN,0,1,0,0,1,0,163,10,3,0,173,3,1,0
02/12/2021,GILPIN,0,1,0,0,1,0,164,10,3,0,174,3,1,0
02/17/2021,GILPIN,0,1,0,0,1,0,165,10,3,0,175,3,1,0
02/20/2021,GILPIN,0,1,0,0,1,0,166,10,3,0,176,3,1,0
02/22/2021,GILPIN,1,0,0,0,1,0,166,11,3,0,177,3,1,0
02/24/2021,GILPIN,2,1,0,0,3,0,167,13,3,0,180,3,3,0
03/04/2021,GILPIN,0,1,0,0,1,0,168,13,3,0,181,3,1,0
03/05/2021,GILPIN,0,1,0,0,1,0,169,13,3,0,182,3,1,0
03/07/2021,GILPIN,0,1,0,0,1,0,170,13,3,0,183,3,1,0
03/10/2021,GILPIN,0,1,0,0,1,0,171,13,3,0,184,3,1,0
03/16/2021,GILPIN,0,2,0,0,2,0,173,13,3,0,186,3,2,0
03/17/2021,GILPIN,0,3,0,0,3,0,176,13,3,0,189,3,3,0
03/18/2021,GILPIN,0,1,0,0,1,0,177,13,3,0,190,3,1,0
03/19/2021,GILPIN,0,2,0,0,2,0,179,13,3,0,192,3,2,0
03/26/2021,GILPIN,0,1,0,0,1,0,180,13,3,0,193,3,1,0
03/29/2021,GILPIN,0,1,0,0,1,0,181,13,3,0,194,3,1,0
03/30/2021,GILPIN,0,2,0,0,2,0,183,13,3,0,196,3,2,0
04/01/2021,GILPIN,0,1,0,0,1,0,184,13,3,0,197,3,1,0
04/02/2021,GILPIN,0,6,0,0,6,0,190,13,3,0,203,3,6,0
04/05/2021,GILPIN,0,2,0,0,2,0,192,13,3,0,205,3,2,0
04/07/2021,GILPIN,0,3,0,0,3,0,195,13,3,0,208,3,3,0
04/08/2021,GILPIN,0,1,0,0,1,0,196,13,3,0,209,3,1,0
04/10/2021,GILPIN,1,2,0,0,3,0,198,14,3,0,212,3,3,0
04/12/2021,GILPIN,0,2,0,0,2,0,200,14,3,0,214,3,2,0
04/13/2021,GILPIN,0,1,0,0,1,0,201,14,3,0,215,3,1,0
04/14/2021,GILPIN,1,2,0,0,3,0,203,15,3,0,218,3,3,0
04/16/2021,GILPIN,0,3,0,0,3,0,206,15,3,0,221,3,3,0
04/17/2021,GILPIN,0,1,0,0,1,0,207,15,3,0,222,3,1,0
04/21/2021,GILPIN,0,1,0,0,1,0,208,15,3,0,223,3,1,0
04/22/2021,GILPIN,0,1,0,0,1,0,209,15,3,0,224,3,1,0
04/24/2021,GILPIN,0,4,0,0,4,0,213,15,3,0,228,3,4,0
04/26/2021,GILPIN,0,2,0,0,2,0,215,15,3,0,230,3,2,0
04/27/2021,GILPIN,0,1,0,0,1,0,216,15,3,0,231,3,1,0
04/28/2021,GILPIN,0,2,0,0,2,0,218,15,3,0,233,3,2,0
04/29/2021,GILPIN,0,2,0,0,2,0,220,15,3,0,235,3,2,0
04/30/2021,GILPIN,0,5,0,0,5,0,225,15,3,0,240,3,5,0
05/01/2021,GILPIN,0,1,0,0,1,0,226,15,3,0,241,3,1,0
05/02/2021,GILPIN,0,3,0,0,3,0,229,15,3,0,244,3,3,0
05/03/2021,GILPIN,0,1,0,0,1,0,230,15,3,0,245,3,1,0
05/04/2021,GILPIN,0,1,0,0,1,0,231,15,3,0,246,3,1,0
05/06/2021,GILPIN,0,1,0,0,1,0,232,15,3,0,247,3,1,0
05/08/2021,GILPIN,0,1,0,0,1,0,233,15,3,0,248,3,1,0
05/11/2021,GILPIN,0,5,0,0,5,0,238,15,3,0,253,3,5,0
05/12/2021,GILPIN,1,2,0,0,3,0,240,16,3,0,256,3,3,0
05/13/2021,GILPIN,0,2,0,0,2,0,242,16,3,0,258,3,2,0
05/15/2021,GILPIN,0,5,0,0,5,0,247,16,3,0,263,3,5,0
05/19/2021,GILPIN,0,3,0,0,3,0,250,16,3,0,266,3,3,0
05/20/2021,GILPIN,0,1,0,0,1,0,251,16,3,0,267,3,1,0
05/21/2021,GILPIN,0,2,0,0,2,0,253,16,3,0,269,3,2,0
05/22/2021,GILPIN,0,2,0,0,2,0,255,16,3,0,271,3,2,0
05/24/2021,GILPIN,0,4,0,0,4,0,259,16,3,0,275,3,4,0
05/25/2021,GILPIN,0,1,0,0,1,0,260,16,3,0,276,3,1,0
05/28/2021,GILPIN,0,1,0,0,1,0,261,16,3,0,277,3,1,0
05/29/2021,GILPIN,0,3,0,0,3,0,264,16,3,0,280,3,3,0
05/31/2021,GILPIN,0,1,0,0,1,0,265,16,3,0,281,3,1,0
06/04/2021,GILPIN,0,2,0,0,2,0,267,16,3,0,283,3,2,0
06/07/2021,GILPIN,0,1,0,0,1,0,268,16,3,0,284,3,1,0
06/10/2021,GILPIN,0,1,0,0,1,0,269,16,3,0,285,3,1,0
06/11/2021,GILPIN,0,1,0,0,1,0,270,16,3,0,286,3,1,0
06/19/2021,GILPIN,0,1,0,0,1,0,271,16,3,0,287,3,1,0
06/20/2021,GILPIN,0,1,0,0,1,0,272,16,3,0,288,3,1,0
06/23/2021,GILPIN,0,1,0,0,1,0,273,16,3,0,289,3,1,0
06/25/2021,GILPIN,0,1,0,0,1,0,274,16,3,0,290,3,1,0
06/26/2021,GILPIN,0,1,0,0,1,0,275,16,3,0,291,3,1,0
06/28/2021,GILPIN,0,1,0,0,1,0,276,16,3,0,292,3,1,0
06/30/2021,GILPIN,0,1,0,0,1,0,277,16,3,0,293,3,1,0
07/18/2021,GILPIN,0,1,0,0,1,0,278,16,3,0,294,3,1,0
07/25/2021,GILPIN,0,1,0,0,1,0,279,16,3,0,295,3,1,0
07/28/2021,GILPIN,0,2,0,0,2,0,281,16,3,0,297,3,2,0
07/30/2021,GILPIN,0,2,0,0,2,0,283,16,3,0,299,3,2,0
08/01/2021,GILPIN,0,1,0,0,1,0,284,16,3,0,300,3,1,0
08/03/2021,GILPIN,0,1,0,0,1,0,285,16,3,0,301,3,1,0
08/05/2021,GILPIN,1,3,0,0,4,0,288,17,3,0,305,3,4,0
08/06/2021,GILPIN,0,1,0,0,1,0,289,17,3,0,306,3,1,0
08/09/2021,GILPIN,1,0,0,0,1,0,289,18,3,0,307,3,1,0
08/12/2021,GILPIN,0,2,0,0,2,0,291,18,3,0,309,3,2,0
08/13/2021,GILPIN,0,2,0,0,2,0,293,18,3,0,311,3,2,0
08/14/2021,GILPIN,0,1,0,0,1,0,294,18,3,0,312,3,1,0
08/15/2021,GILPIN,0,2,0,0,2,0,296,18,3,0,314,3,2,0
08/16/2021,GILPIN,0,1,0,0,1,0,297,18,3,0,315,3,1,0
08/17/2021,GILPIN,0,1,0,0,1,0,298,18,3,0,316,3,1,0
08/18/2021,GILPIN,1,0,0,0,1,0,298,19,3,0,317,3,1,0
08/19/2021,GILPIN,0,3,0,0,3,0,301,19,3,0,320,3,3,0
08/20/2021,GILPIN,0,3,0,0,3,0,304,19,3,0,323,3,3,0
08/23/2021,GILPIN,0,1,0,0,1,0,305,19,3,0,324,3,1,0
08/24/2021,GILPIN,2,4,0,0,6,0,309,21,3,0,330,3,6,0
08/25/2021,GILPIN,1,1,0,0,2,0,310,22,3,0,332,3,2,0
08/26/2021,GILPIN,0,1,0,0,1,0,311,22,3,0,333,3,1,0
08/27/2021,GILPIN,0,2,0,0,2,0,313,22,3,0,335,3,2,0
08/31/2021,GILPIN,0,1,0,0,1,0,314,22,3,0,336,3,1,0
09/01/2021,GILPIN,0,1,0,0,1,0,315,22,3,0,337,3,1,0
09/03/2021,GILPIN,0,2,0,0,2,0,317,22,3,0,339,3,2,0
09/04/2021,GILPIN,0,1,0,0,1,0,318,22,3,0,340,3,1,0
09/07/2021,GILPIN,1,2,0,0,3,0,320,23,3,0,343,3,3,0
09/08/2021,GILPIN,0,5,0,0,5,0,325,23,3,0,348,3,5,0
09/09/2021,GILPIN,1,6,0,0,7,0,331,24,3,0,355,3,7,0
09/10/2021,GILPIN,1,1,0,0,2,0,332,25,3,0,357,3,2,0
09/13/2021,GILPIN,0,6,0,0,6,0,338,25,3,0,363,3,6,0
09/14/2021,GILPIN,0,3,0,0,3,0,341,25,3,0,366,3,3,0
09/15/2021,GILPIN,0,6,0,0,6,0,347,25,3,0,372,3,6,0
09/17/2021,GILPIN,0,3,0,0,3,0,350,25,3,0,375,3,3,0
09/18/2021,GILPIN,0,6,0,0,6,0,356,25,3,0,381,3,6,0
09/19/2021,GILPIN,0,1,0,0,1,0,357,25,3,0,382,3,1,0
09/20/2021,GILPIN,3,2,0,0,5,0,359,28,3,0,387,3,5,0
09/21/2021,GILPIN,0,1,0,0,1,0,360,28,3,0,388,3,1,0
09/22/2021,GILPIN,0,3,0,0,3,0,363,28,3,0,391,3,3,0
09/23/2021,GILPIN,0,3,0,0,3,0,366,28,3,0,394,3,3,0
09/24/2021,GILPIN,0,1,0,0,1,0,367,28,3,0,395,3,1,0
09/26/2021,GILPIN,0,1,0,0,1,0,368,28,3,0,396,3,1,0
09/27/2021,GILPIN,1,4,0,0,5,0,372,29,3,0,401,3,5,0
09/28/2021,GILPIN,0,2,0,0,2,0,374,29,3,0,403,3,2,0
09/29/2021,GILPIN,0,5,0,0,5,0,379,29,3,0,408,3,5,0
09/30/2021,GILPIN,0,1,0,0,1,0,380,29,3,0,409,3,1,0
10/01/2021,GILPIN,0,1,0,0,1,0,381,29,3,0,410,3,1,0
10/02/2021,GILPIN,0,1,0,0,1,0,382,29,3,0,411,3,1,0
10/04/2021,GILPIN,0,1,0,0,1,0,383,29,3,0,412,3,1,0
10/06/2021,GILPIN,0,1,0,0,1,0,384,29,3,0,413,3,1,0
10/07/2021,GILPIN,0,1,0,0,1,0,385,29,3,0,414,3,1,0
10/08/2021,GILPIN,0,2,0,0,2,0,387,29,3,0,416,3,2,0
10/10/2021,GILPIN,0,1,0,0,1,0,388,29,3,0,417,3,1,0
10/13/2021,GILPIN,1,2,0,0,3,0,390,30,3,0,420,3,3,0
10/14/2021,GILPIN,0,2,0,0,2,0,392,30,3,0,422,3,2,0
10/18/2021,GILPIN,0,2,0,0,2,0,394,30,3,0,424,3,2,0
10/19/2021,GILPIN,1,5,0,0,6,0,399,31,3,0,430,3,6,0
10/20/2021,GILPIN,2,4,0,0,6,0,403,33,3,0,436,3,6,0
10/21/2021,GILPIN,0,3,0,0,3,0,406,33,3,0,439,3,3,0
10/22/2021,GILPIN,0,2,0,0,2,0,408,33,3,0,441,3,2,0
10/25/2021,GILPIN,0,1,0,0,1,0,409,33,3,0,442,3,1,0
10/26/2021,GILPIN,8,3,0,0,11,0,412,41,3,0,453,3,11,0
10/27/2021,GILPIN,2,5,0,0,7,0,417,43,3,0,460,3,7,0
10/29/2021,GILPIN,1,2,0,0,3,0,419,44,3,0,463,3,3,0
10/30/2021,GILPIN,0,1,0,0,1,0,420,44,3,0,464,3,1,0
10/31/2021,GILPIN,1,0,0,0,1,0,420,45,3,0,465,3,1,0
11/01/2021,GILPIN,1,1,0,0,2,0,421,46,3,0,467,3,2,0
11/02/2021,GILPIN,0,5,0,0,5,0,426,46,3,0,472,3,5,0
11/03/2021,GILPIN,1,7,0,0,8,0,433,47,3,0,480,3,8,0
11/04/2021,GILPIN,3,3,0,0,6,0,436,50,3,0,486,3,6,0
11/05/2021,GILPIN,0,5,0,0,5,0,441,50,3,0,491,3,5,0
11/07/2021,GILPIN,0,1,0,0,1,0,442,50,3,0,492,3,1,0
11/08/2021,GILPIN,0,1,0,0,1,0,443,50,3,0,493,3,1,0
11/09/2021,GILPIN,1,5,0,0,6,0,448,51,3,0,499,3,6,0
11/10/2021,GILPIN,0,4,0,0,4,0,452,51,3,0,503,3,4,0
11/11/2021,GILPIN,1,3,0,0,4,0,455,52,3,0,507,3,4,0
11/12/2021,GILPIN,2,4,0,0,6,0,459,54,3,0,513,3,6,0
11/13/2021,GILPIN,0,3,0,0,3,0,462,54,3,0,516,3,3,0
11/14/2021,GILPIN,0,3,0,0,3,0,465,54,3,0,519,3,3,0
11/16/2021,GILPIN,2,1,0,0,3,0,466,56,3,0,522,3,3,0
11/17/2021,GILPIN,0,4,0,0,4,0,470,56,3,0,526,3,4,0
11/18/2021,GILPIN,0,2,0,0,2,0,472,56,3,0,528,3,2,0
11/19/2021,GILPIN,0,1,0,0,1,0,473,56,3,0,529,3,1,0
11/22/2021,GILPIN,0,1,0,0,1,0,474,56,3,0,530,3,1,0
11/24/2021,GILPIN,0,7,0,0,7,0,481,56,3,0,537,3,7,0
11/25/2021,GILPIN,0,1,0,0,1,0,482,56,3,0,538,3,1,0
11/26/2021,GILPIN,0,2,0,0,2,0,484,56,3,0,540,3,2,0
11/29/2021,GILPIN,0,1,0,0,1,0,485,56,3,0,541,3,1,0
11/30/2021,GILPIN,0,1,0,0,1,0,486,56,3,0,542,3,1,0
12/01/2021,GILPIN,0,6,0,0,6,0,492,56,3,0,548,3,6,0
12/03/2021,GILPIN,0,1,0,1,1,1,493,56,4,0,549,4,1,1
12/04/2021,GILPIN,0,3,0,0,3,0,496,56,4,0,552,4,3,0
12/06/2021,GILPIN,0,4,0,0,4,0,500,56,4,0,556,4,4,0
12/08/2021,GILPIN,0,1,0,0,1,0,501,56,4,0,557,4,1,0
12/09/2021,GILPIN,0,3,0,0,3,0,504,56,4,0,560,4,3,0
12/10/2021,GILPIN,0,1,0,0,1,0,505,56,4,0,561,4,1,0
12/12/2021,GILPIN,0,2,0,0,2,0,507,56,4,0,563,4,2,0
12/15/2021,GILPIN,0,2,0,0,2,0,509,56,4,0,565,4,2,0
12/17/2021,GILPIN,0,4,0,0,4,0,513,56,4,0,569,4,4,0
12/18/2021,GILPIN,0,1,0,0,1,0,514,56,4,0,570,4,1,0
12/19/2021,GILPIN,0,2,0,0,2,0,516,56,4,0,572,4,2,0
12/20/2021,GILPIN,0,1,0,0,1,0,517,56,4,0,573,4,1,0
12/21/2021,GILPIN,0,1,0,0,1,0,518,56,4,0,574,4,1,0
12/22/2021,GILPIN,0,9,0,0,9,0,527,56,4,0,583,4,9,0
12/23/2021,GILPIN,0,2,0,0,2,0,529,56,4,0,585,4,2,0
12/24/2021,GILPIN,0,1,0,0,1,0,530,56,4,0,586,4,1,0
12/25/2021,GILPIN,0,4,0,0,4,0,534,56,4,0,590,4,4,0
12/27/2021,GILPIN,0,3,0,0,3,0,537,56,4,0,593,4,3,0
12/28/2021,GILPIN,0,9,0,0,9,0,546,56,4,0,602,4,9,0
12/29/2021,GILPIN,3,20,0,0,23,0,566,59,4,0,625,4,23,0
12/30/2021,GILPIN,0,3,0,0,3,0,569,59,4,0,628,4,3,0
12/31/2021,GILPIN,1,7,0,0,8,0,576,60,4,0,636,4,8,0
01/01/2022,GILPIN,0,1,0,0,1,0,577,60,4,0,637,4,1,0
01/02/2022,GILPIN,0,4,0,0,4,0,581,60,4,0,641,4,4,0
01/03/2022,GILPIN,0,7,0,0,7,0,588,60,4,0,648,4,7,0
01/04/2022,GILPIN,5,21,0,0,26,0,609,65,4,0,674,4,26,0
01/05/2022,GILPIN,3,23,0,0,26,0,632,68,4,0,700,4,26,0
01/06/2022,GILPIN,0,8,0,0,8,0,640,68,4,0,708,4,8,0
01/07/2022,GILPIN,2,5,0,0,7,0,645,70,4,0,715,4,7,0
01/08/2022,GILPIN,0,2,0,0,2,0,647,70,4,0,717,4,2,0
01/09/2022,GILPIN,0,9,0,0,9,0,656,70,4,0,726,4,9,0
01/10/2022,GILPIN,2,12,0,0,14,0,668,72,4,0,740,4,14,0
01/11/2022,GILPIN,1,16,0,0,17,0,684,73,4,0,757,4,17,0
01/12/2022,GILPIN,2,15,0,0,17,0,699,75,4,0,774,4,17,0
01/13/2022,GILPIN,1,6,0,0,7,0,705,76,4,0,781,4,7,0
01/14/2022,GILPIN,0,12,0,0,12,0,717,76,4,0,793,4,12,0
01/15/2022,GILPIN,0,4,0,0,4,0,721,76,4,0,797,4,4,0
01/16/2022,GILPIN,2,7,0,0,9,0,728,78,4,0,806,4,9,0
01/17/2022,GILPIN,1,8,0,0,9,0,736,79,4,0,815,4,9,0
01/18/2022,GILPIN,7,13,0,0,20,0,749,86,4,0,835,4,20,0
01/19/2022,GILPIN,3,15,0,0,18,0,764,89,4,0,853,4,18,0
01/20/2022,GILPIN,3,3,0,0,6,0,767,92,4,0,859,4,6,0
01/21/2022,GILPIN,0,8,0,0,8,0,775,92,4,0,867,4,8,0
01/22/2022,GILPIN,0,4,0,0,4,0,779,92,4,0,871,4,4,0
01/23/2022,GILPIN,0,2,0,0,2,0,781,92,4,0,873,4,2,0
01/24/2022,GILPIN,0,4,0,0,4,0,785,92,4,0,877,4,4,0
01/25/2022,GILPIN,0,5,0,0,5,0,790,92,4,0,882,4,5,0
01/26/2022,GILPIN,0,5,0,0,5,0,795,92,4,0,887,4,5,0
01/27/2022,GILPIN,0,2,0,0,2,0,797,92,4,0,889,4,2,0
01/28/2022,GILPIN,0,1,0,0,1,0,798,92,4,0,890,4,1,0
01/29/2022,GILPIN,0,4,0,0,4,0,802,92,4,0,894,4,4,0
01/30/2022,GILPIN,1,2,0,0,3,0,804,93,4,0,897,4,3,0
01/31/2022,GILPIN,1,1,0,0,2,0,805,94,4,0,899,4,2,0
02/01/2022,GILPIN,0,2,0,0,2,0,807,94,4,0,901,4,2,0
02/02/2022,GILPIN,0,6,0,0,6,0,813,94,4,0,907,4,6,0
02/03/2022,GILPIN,0,1,0,0,1,0,814,94,4,0,908,4,1,0
02/04/2022,GILPIN,0,1,0,0,1,0,815,94,4,0,909,4,1,0
02/05/2022,GILPIN,0,3,0,0,3,0,818,94,4,0,912,4,3,0
02/06/2022,GILPIN,0,1,0,0,1,0,819,94,4,0,913,4,1,0
02/07/2022,GILPIN,0,1,0,0,1,0,820,94,4,0,914,4,1,0
02/08/2022,GILPIN,0,3,0,0,3,0,823,94,4,0,917,4,3,0
02/13/2022,GILPIN,0,2,0,0,2,0,825,94,4,0,919,4,2,0
02/16/2022,GILPIN,0,1,0,0,1,0,826,94,4,0,920,4,1,0
02/22/2022,GILPIN,0,2,0,0,2,0,828,94,4,0,922,4,2,0
02/24/2022,GILPIN,2,0,0,0,2,0,828,96,4,0,924,4,2,0
02/25/2022,GILPIN,0,2,0,0,2,0,830,96,4,0,926,4,2,0
02/26/2022,GILPIN,0,1,0,0,1,0,831,96,4,0,927,4,1,0
03/01/2022,GILPIN,1,0,0,0,1,0,831,97,4,0,928,4,1,0
03/02/2022,GILPIN,0,2,0,0,2,0,833,97,4,0,930,4,2,0
03/05/2022,GILPIN,0,1,0,0,1,0,834,97,4,0,931,4,1,0
03/11/2022,GILPIN,1,0,0,0,1,0,834,98,4,0,932,4,1,0
03/18/2022,GILPIN,1,1,0,0,2,0,835,99,4,0,934,4,2,0
03/17/2020,GRAND,0,2,0,0,2,0,2,0,0,0,2,0,-932,-4
03/19/2020,GRAND,1,0,0,0,1,0,2,1,0,0,3,0,1,0
03/29/2020,GRAND,1,0,0,0,1,0,2,2,0,0,4,0,1,0
04/20/2020,GRAND,1,0,0,0,1,0,2,3,0,0,5,0,1,0
05/14/2020,GRAND,1,0,0,0,1,0,2,4,0,0,6,0,1,0
05/21/2020,GRAND,0,1,0,0,1,0,3,4,0,0,7,0,1,0
05/22/2020,GRAND,0,1,0,0,1,0,4,4,0,0,8,0,1,0
05/24/2020,GRAND,0,1,0,0,1,0,5,4,0,0,9,0,1,0
05/27/2020,GRAND,0,2,0,0,2,0,7,4,0,0,11,0,2,0
05/28/2020,GRAND,0,2,0,0,2,0,9,4,0,0,13,0,2,0
05/29/2020,GRAND,0,2,0,0,2,0,11,4,0,0,15,0,2,0
06/01/2020,GRAND,0,1,0,0,1,0,12,4,0,0,16,0,1,0
06/13/2020,GRAND,0,1,0,0,1,0,13,4,0,0,17,0,1,0
06/14/2020,GRAND,0,1,0,0,1,0,14,4,0,0,18,0,1,0
06/18/2020,GRAND,0,1,0,0,1,0,15,4,0,0,19,0,1,0
06/27/2020,GRAND,0,1,0,0,1,0,16,4,0,0,20,0,1,0
06/28/2020,GRAND,0,2,0,1,2,1,18,4,1,0,22,1,2,1
07/02/2020,GRAND,0,1,0,0,1,0,19,4,1,0,23,1,1,0
07/06/2020,GRAND,0,1,0,0,1,0,20,4,1,0,24,1,1,0
07/07/2020,GRAND,0,1,0,0,1,0,21,4,1,0,25,1,1,0
07/09/2020,GRAND,0,2,0,0,2,0,23,4,1,0,27,1,2,0
07/10/2020,GRAND,0,1,0,0,1,0,24,4,1,0,28,1,1,0
07/11/2020,GRAND,0,2,0,0,2,0,26,4,1,0,30,1,2,0
07/15/2020,GRAND,0,3,0,0,3,0,29,4,1,0,33,1,3,0
07/16/2020,GRAND,0,2,0,0,2,0,31,4,1,0,35,1,2,0
07/17/2020,GRAND,0,1,0,0,1,0,32,4,1,0,36,1,1,0
07/19/2020,GRAND,0,2,0,0,2,0,34,4,1,0,38,1,2,0
07/21/2020,GRAND,0,2,0,0,2,0,36,4,1,0,40,1,2,0
07/27/2020,GRAND,0,1,0,0,1,0,37,4,1,0,41,1,1,0
07/28/2020,GRAND,0,1,0,0,1,0,38,4,1,0,42,1,1,0
07/30/2020,GRAND,0,1,0,0,1,0,39,4,1,0,43,1,1,0
07/31/2020,GRAND,0,1,0,0,1,0,40,4,1,0,44,1,1,0
08/01/2020,GRAND,1,0,0,0,1,0,40,5,1,0,45,1,1,0
08/05/2020,GRAND,0,1,0,0,1,0,41,5,1,0,46,1,1,0
08/06/2020,GRAND,0,1,0,0,1,0,42,5,1,0,47,1,1,0
08/10/2020,GRAND,0,6,0,0,6,0,48,5,1,0,53,1,6,0
08/11/2020,GRAND,0,2,0,0,2,0,50,5,1,0,55,1,2,0
08/13/2020,GRAND,0,1,0,0,1,0,51,5,1,0,56,1,1,0
08/18/2020,GRAND,0,1,0,0,1,0,52,5,1,0,57,1,1,0
08/20/2020,GRAND,0,1,0,0,1,0,53,5,1,0,58,1,1,0
08/24/2020,GRAND,0,3,0,0,3,0,56,5,1,0,61,1,3,0
08/25/2020,GRAND,0,1,0,0,1,0,57,5,1,0,62,1,1,0
08/26/2020,GRAND,0,1,0,0,1,0,58,5,1,0,63,1,1,0
08/28/2020,GRAND,4,0,0,0,4,0,58,9,1,0,67,1,4,0
09/02/2020,GRAND,0,1,0,0,1,0,59,9,1,0,68,1,1,0
09/04/2020,GRAND,0,1,0,0,1,0,60,9,1,0,69,1,1,0
09/06/2020,GRAND,0,1,0,0,1,0,61,9,1,0,70,1,1,0
09/15/2020,GRAND,0,1,0,0,1,0,62,9,1,0,71,1,1,0
09/23/2020,GRAND,0,3,0,0,3,0,65,9,1,0,74,1,3,0
09/25/2020,GRAND,0,1,0,0,1,0,66,9,1,0,75,1,1,0
09/29/2020,GRAND,0,2,0,0,2,0,68,9,1,0,77,1,2,0
09/30/2020,GRAND,0,6,0,0,6,0,74,9,1,0,83,1,6,0
10/02/2020,GRAND,0,4,0,0,4,0,78,9,1,0,87,1,4,0
10/03/2020,GRAND,0,1,0,0,1,0,79,9,1,0,88,1,1,0
10/04/2020,GRAND,0,14,0,0,14,0,93,9,1,0,102,1,14,0
10/05/2020,GRAND,0,2,0,0,2,0,95,9,1,0,104,1,2,0
10/06/2020,GRAND,0,5,0,0,5,0,100,9,1,0,109,1,5,0
10/08/2020,GRAND,1,2,0,0,3,0,102,10,1,0,112,1,3,0
10/09/2020,GRAND,1,2,0,0,3,0,104,11,1,0,115,1,3,0
10/10/2020,GRAND,0,2,0,0,2,0,106,11,1,0,117,1,2,0
10/11/2020,GRAND,0,2,0,0,2,0,108,11,1,0,119,1,2,0
10/12/2020,GRAND,0,1,0,0,1,0,109,11,1,0,120,1,1,0
10/13/2020,GRAND,0,2,0,0,2,0,111,11,1,0,122,1,2,0
10/14/2020,GRAND,0,7,0,0,7,0,118,11,1,0,129,1,7,0
10/15/2020,GRAND,0,2,0,0,2,0,120,11,1,0,131,1,2,0
10/16/2020,GRAND,0,2,0,0,2,0,122,11,1,0,133,1,2,0
10/17/2020,GRAND,0,1,0,0,1,0,123,11,1,0,134,1,1,0
10/18/2020,GRAND,0,5,0,0,5,0,128,11,1,0,139,1,5,0
10/19/2020,GRAND,0,2,0,0,2,0,130,11,1,0,141,1,2,0
10/20/2020,GRAND,0,1,0,0,1,0,131,11,1,0,142,1,1,0
10/21/2020,GRAND,0,1,0,0,1,0,132,11,1,0,143,1,1,0
10/22/2020,GRAND,0,2,0,0,2,0,134,11,1,0,145,1,2,0
10/23/2020,GRAND,0,1,0,0,1,0,135,11,1,0,146,1,1,0
10/24/2020,GRAND,0,3,0,0,3,0,138,11,1,0,149,1,3,0
10/25/2020,GRAND,0,4,0,0,4,0,142,11,1,0,153,1,4,0
10/26/2020,GRAND,0,3,0,0,3,0,145,11,1,0,156,1,3,0
10/27/2020,GRAND,0,1,0,0,1,0,146,11,1,0,157,1,1,0
10/30/2020,GRAND,2,4,0,0,6,0,150,13,1,0,163,1,6,0
11/01/2020,GRAND,1,4,0,0,5,0,154,14,1,0,168,1,5,0
11/03/2020,GRAND,1,1,0,0,2,0,155,15,1,0,170,1,2,0
11/04/2020,GRAND,2,3,0,0,5,0,158,17,1,0,175,1,5,0
11/05/2020,GRAND,1,2,0,0,3,0,160,18,1,0,178,1,3,0
11/06/2020,GRAND,1,5,0,0,6,0,165,19,1,0,184,1,6,0
11/07/2020,GRAND,1,1,0,0,2,0,166,20,1,0,186,1,2,0
11/08/2020,GRAND,0,5,0,1,5,1,171,20,2,0,191,2,5,1
11/09/2020,GRAND,0,5,0,0,5,0,176,20,2,0,196,2,5,0
11/10/2020,GRAND,0,5,0,0,5,0,181,20,2,0,201,2,5,0
11/11/2020,GRAND,0,8,0,0,8,0,189,20,2,0,209,2,8,0
11/12/2020,GRAND,0,4,0,0,4,0,193,20,2,0,213,2,4,0
11/13/2020,GRAND,0,5,0,0,5,0,198,20,2,0,218,2,5,0
11/14/2020,GRAND,1,8,0,0,9,0,206,21,2,0,227,2,9,0
11/15/2020,GRAND,4,2,0,0,6,0,208,25,2,0,233,2,6,0
11/16/2020,GRAND,2,12,0,1,14,1,220,27,3,0,247,3,14,1
11/17/2020,GRAND,2,10,0,0,12,0,230,29,3,0,259,3,12,0
11/18/2020,GRAND,2,7,0,0,9,0,237,31,3,0,268,3,9,0
11/19/2020,GRAND,0,12,0,0,12,0,249,31,3,0,280,3,12,0
11/20/2020,GRAND,1,5,0,1,6,1,254,32,4,0,286,4,6,1
11/21/2020,GRAND,2,6,0,0,8,0,260,34,4,0,294,4,8,0
11/22/2020,GRAND,0,8,0,0,8,0,268,34,4,0,302,4,8,0
11/23/2020,GRAND,11,33,0,0,44,0,301,45,4,0,346,4,44,0
11/24/2020,GRAND,5,17,0,0,22,0,318,50,4,0,368,4,22,0
11/25/2020,GRAND,5,16,0,0,21,0,334,55,4,0,389,4,21,0
11/26/2020,GRAND,0,4,0,0,4,0,338,55,4,0,393,4,4,0
11/27/2020,GRAND,1,8,0,0,9,0,346,56,4,0,402,4,9,0
11/28/2020,GRAND,0,7,0,0,7,0,353,56,4,0,409,4,7,0
11/29/2020,GRAND,1,4,0,0,5,0,357,57,4,0,414,4,5,0
11/30/2020,GRAND,4,12,0,0,16,0,369,61,4,0,430,4,16,0
12/01/2020,GRAND,3,3,0,0,6,0,372,64,4,0,436,4,6,0
12/02/2020,GRAND,11,8,0,0,19,0,380,75,4,0,455,4,19,0
12/03/2020,GRAND,5,10,0,0,15,0,390,80,4,0,470,4,15,0
12/04/2020,GRAND,8,5,0,0,13,0,395,88,4,0,483,4,13,0
12/05/2020,GRAND,1,4,0,0,5,0,399,89,4,0,488,4,5,0
12/06/2020,GRAND,4,10,0,0,14,0,409,93,4,0,502,4,14,0
12/07/2020,GRAND,4,4,0,0,8,0,413,97,4,0,510,4,8,0
12/08/2020,GRAND,0,4,0,0,4,0,417,97,4,0,514,4,4,0
12/09/2020,GRAND,1,7,0,0,8,0,424,98,4,0,522,4,8,0
12/10/2020,GRAND,3,7,0,0,10,0,431,101,4,0,532,4,10,0
12/11/2020,GRAND,2,2,0,0,4,0,433,103,4,0,536,4,4,0
12/12/2020,GRAND,1,3,0,0,4,0,436,104,4,0,540,4,4,0
12/13/2020,GRAND,3,5,0,0,8,0,441,107,4,0,548,4,8,0
12/14/2020,GRAND,2,4,0,0,6,0,445,109,4,0,554,4,6,0
12/15/2020,GRAND,14,5,0,0,19,0,450,123,4,0,573,4,19,0
12/16/2020,GRAND,1,6,0,0,7,0,456,124,4,0,580,4,7,0
12/17/2020,GRAND,4,6,0,0,10,0,462,128,4,0,590,4,10,0
12/18/2020,GRAND,4,4,0,0,8,0,466,132,4,0,598,4,8,0
12/19/2020,GRAND,1,5,0,0,6,0,471,133,4,0,604,4,6,0
12/20/2020,GRAND,1,0,0,0,1,0,471,134,4,0,605,4,1,0
12/21/2020,GRAND,0,2,0,0,2,0,473,134,4,0,607,4,2,0
12/22/2020,GRAND,3,0,0,0,3,0,473,137,4,0,610,4,3,0
12/23/2020,GRAND,3,9,0,0,12,0,482,140,4,0,622,4,12,0
12/24/2020,GRAND,2,2,0,0,4,0,484,142,4,0,626,4,4,0
12/26/2020,GRAND,0,2,0,0,2,0,486,142,4,0,628,4,2,0
12/27/2020,GRAND,1,6,0,0,7,0,492,143,4,0,635,4,7,0
12/28/2020,GRAND,1,0,0,0,1,0,492,144,4,0,636,4,1,0
12/29/2020,GRAND,4,8,0,0,12,0,500,148,4,0,648,4,12,0
12/30/2020,GRAND,7,5,0,0,12,0,505,155,4,0,660,4,12,0
12/31/2020,GRAND,3,9,0,0,12,0,514,158,4,0,672,4,12,0
01/01/2021,GRAND,1,3,0,0,4,0,517,159,4,0,676,4,4,0
01/02/2021,GRAND,1,2,0,0,3,0,519,160,4,0,679,4,3,0
01/03/2021,GRAND,6,3,0,0,9,0,522,166,4,0,688,4,9,0
01/04/2021,GRAND,1,3,0,0,4,0,525,167,4,0,692,4,4,0
01/05/2021,GRAND,5,0,0,0,5,0,525,172,4,0,697,4,5,0
01/06/2021,GRAND,4,12,0,0,16,0,537,176,4,0,713,4,16,0
01/07/2021,GRAND,20,10,0,0,30,0,547,196,4,0,743,4,30,0
01/08/2021,GRAND,0,4,0,0,4,0,551,196,4,0,747,4,4,0
01/09/2021,GRAND,4,4,0,0,8,0,555,200,4,0,755,4,8,0
01/10/2021,GRAND,0,4,0,0,4,0,559,200,4,0,759,4,4,0
01/11/2021,GRAND,1,1,0,0,2,0,560,201,4,0,761,4,2,0
01/12/2021,GRAND,6,2,0,0,8,0,562,207,4,0,769,4,8,0
01/13/2021,GRAND,1,6,0,0,7,0,568,208,4,0,776,4,7,0
01/14/2021,GRAND,3,7,0,0,10,0,575,211,4,0,786,4,10,0
01/15/2021,GRAND,2,2,0,0,4,0,577,213,4,0,790,4,4,0
01/16/2021,GRAND,7,2,1,0,9,1,579,220,4,1,799,5,9,1
01/17/2021,GRAND,2,7,0,0,9,0,586,222,4,1,808,5,9,0
01/18/2021,GRAND,2,0,0,0,2,0,586,224,4,1,810,5,2,0
01/19/2021,GRAND,16,6,0,0,22,0,592,240,4,1,832,5,22,0
01/20/2021,GRAND,11,6,0,0,17,0,598,251,4,1,849,5,17,0
01/21/2021,GRAND,7,7,0,0,14,0,605,258,4,1,863,5,14,0
01/22/2021,GRAND,18,8,0,0,26,0,613,276,4,1,889,5,26,0
01/23/2021,GRAND,3,2,0,0,5,0,615,279,4,1,894,5,5,0
01/24/2021,GRAND,1,7,0,0,8,0,622,280,4,1,902,5,8,0
01/25/2021,GRAND,2,1,0,0,3,0,623,282,4,1,905,5,3,0
01/26/2021,GRAND,7,3,0,0,10,0,626,289,4,1,915,5,10,0
01/27/2021,GRAND,1,5,0,0,6,0,631,290,4,1,921,5,6,0
01/28/2021,GRAND,1,8,0,0,9,0,639,291,4,1,930,5,9,0
01/29/2021,GRAND,16,7,0,0,23,0,646,307,4,1,953,5,23,0
01/30/2021,GRAND,12,10,0,0,22,0,656,319,4,1,975,5,22,0
01/31/2021,GRAND,1,1,0,0,2,0,657,320,4,1,977,5,2,0
02/01/2021,GRAND,2,2,0,0,4,0,659,322,4,1,981,5,4,0
02/02/2021,GRAND,30,11,0,0,41,0,670,352,4,1,1022,5,41,0
02/03/2021,GRAND,2,17,0,0,19,0,687,354,4,1,1041,5,19,0
02/04/2021,GRAND,20,12,0,0,32,0,699,374,4,1,1073,5,32,0
02/05/2021,GRAND,1,7,0,0,8,0,706,375,4,1,1081,5,8,0
02/06/2021,GRAND,11,1,0,0,12,0,707,386,4,1,1093,5,12,0
02/07/2021,GRAND,9,6,0,0,15,0,713,395,4,1,1108,5,15,0
02/08/2021,GRAND,1,0,0,0,1,0,713,396,4,1,1109,5,1,0
02/09/2021,GRAND,10,7,0,0,17,0,720,406,4,1,1126,5,17,0
02/10/2021,GRAND,0,11,0,0,11,0,731,406,4,1,1137,5,11,0
02/11/2021,GRAND,23,8,0,0,31,0,739,429,4,1,1168,5,31,0
02/12/2021,GRAND,1,2,0,0,3,0,741,430,4,1,1171,5,3,0
02/13/2021,GRAND,8,5,0,0,13,0,746,438,4,1,1184,5,13,0
02/14/2021,GRAND,0,1,0,0,1,0,747,438,4,1,1185,5,1,0
02/15/2021,GRAND,7,0,0,0,7,0,747,445,4,1,1192,5,7,0
02/16/2021,GRAND,20,9,0,0,29,0,756,465,4,1,1221,5,29,0
02/17/2021,GRAND,1,8,0,1,9,1,764,466,5,1,1230,6,9,1
02/18/2021,GRAND,2,4,0,0,6,0,768,468,5,1,1236,6,6,0
02/19/2021,GRAND,4,5,0,0,9,0,773,472,5,1,1245,6,9,0
02/20/2021,GRAND,7,3,0,0,10,0,776,479,5,1,1255,6,10,0
02/23/2021,GRAND,10,7,0,0,17,0,783,489,5,1,1272,6,17,0
02/24/2021,GRAND,0,1,0,0,1,0,784,489,5,1,1273,6,1,0
02/25/2021,GRAND,4,4,0,0,8,0,788,493,5,1,1281,6,8,0
02/26/2021,GRAND,0,4,0,0,4,0,792,493,5,1,1285,6,4,0
03/02/2021,GRAND,8,3,0,0,11,0,795,501,5,1,1296,6,11,0
03/03/2021,GRAND,0,2,0,0,2,0,797,501,5,1,1298,6,2,0
03/05/2021,GRAND,0,1,0,0,1,0,798,501,5,1,1299,6,1,0
03/07/2021,GRAND,0,1,0,0,1,0,799,501,5,1,1300,6,1,0
03/08/2021,GRAND,0,1,0,0,1,0,800,501,5,1,1301,6,1,0
03/09/2021,GRAND,1,2,0,0,3,0,802,502,5,1,1304,6,3,0
03/10/2021,GRAND,0,1,0,0,1,0,803,502,5,1,1305,6,1,0
03/11/2021,GRAND,1,1,0,0,2,0,804,503,5,1,1307,6,2,0
03/12/2021,GRAND,1,0,0,0,1,0,804,504,5,1,1308,6,1,0
03/14/2021,GRAND,2,0,0,0,2,0,804,506,5,1,1310,6,2,0
03/15/2021,GRAND,0,1,0,0,1,0,805,506,5,1,1311,6,1,0
03/16/2021,GRAND,0,2,0,0,2,0,807,506,5,1,1313,6,2,0
03/17/2021,GRAND,2,1,0,0,3,0,808,508,5,1,1316,6,3,0
03/18/2021,GRAND,0,2,0,0,2,0,810,508,5,1,1318,6,2,0
03/19/2021,GRAND,1,0,0,0,1,0,810,509,5,1,1319,6,1,0
03/20/2021,GRAND,1,2,0,0,3,0,812,510,5,1,1322,6,3,0
03/22/2021,GRAND,2,0,0,0,2,0,812,512,5,1,1324,6,2,0
03/23/2021,GRAND,1,4,0,0,5,0,816,513,5,1,1329,6,5,0
03/24/2021,GRAND,0,1,0,0,1,0,817,513,5,1,1330,6,1,0
03/25/2021,GRAND,1,1,0,0,2,0,818,514,5,1,1332,6,2,0
03/26/2021,GRAND,0,2,0,0,2,0,820,514,5,1,1334,6,2,0
03/27/2021,GRAND,1,2,0,0,3,0,822,515,5,1,1337,6,3,0
03/29/2021,GRAND,1,0,0,0,1,0,822,516,5,1,1338,6,1,0
03/30/2021,GRAND,4,2,0,0,6,0,824,520,5,1,1344,6,6,0
03/31/2021,GRAND,1,3,0,0,4,0,827,521,5,1,1348,6,4,0
04/01/2021,GRAND,2,1,0,0,3,0,828,523,5,1,1351,6,3,0
04/02/2021,GRAND,1,0,0,0,1,0,828,524,5,1,1352,6,1,0
04/03/2021,GRAND,1,0,0,0,1,0,828,525,5,1,1353,6,1,0
04/04/2021,GRAND,1,5,0,0,6,0,833,526,5,1,1359,6,6,0
04/06/2021,GRAND,1,8,0,0,9,0,841,527,5,1,1368,6,9,0
04/07/2021,GRAND,4,6,0,0,10,0,847,531,5,1,1378,6,10,0
04/08/2021,GRAND,0,2,0,0,2,0,849,531,5,1,1380,6,2,0
04/09/2021,GRAND,0,4,0,0,4,0,853,531,5,1,1384,6,4,0
04/10/2021,GRAND,4,1,0,0,5,0,854,535,5,1,1389,6,5,0
04/11/2021,GRAND,2,6,0,0,8,0,860,537,5,1,1397,6,8,0
04/12/2021,GRAND,1,2,0,0,3,0,862,538,5,1,1400,6,3,0
04/13/2021,GRAND,0,1,0,0,1,0,863,538,5,1,1401,6,1,0
04/14/2021,GRAND,4,3,0,0,7,0,866,542,5,1,1408,6,7,0
04/15/2021,GRAND,2,1,0,0,3,0,867,544,5,1,1411,6,3,0
04/16/2021,GRAND,0,3,0,0,3,0,870,544,5,1,1414,6,3,0
04/17/2021,GRAND,5,0,0,0,5,0,870,549,5,1,1419,6,5,0
04/18/2021,GRAND,0,2,0,0,2,0,872,549,5,1,1421,6,2,0
04/19/2021,GRAND,0,1,0,0,1,0,873,549,5,1,1422,6,1,0
04/21/2021,GRAND,3,4,0,0,7,0,877,552,5,1,1429,6,7,0
04/22/2021,GRAND,1,4,0,0,5,0,881,553,5,1,1434,6,5,0
04/23/2021,GRAND,0,6,0,0,6,0,887,553,5,1,1440,6,6,0
04/24/2021,GRAND,7,3,0,0,10,0,890,560,5,1,1450,6,10,0
04/25/2021,GRAND,0,1,0,0,1,0,891,560,5,1,1451,6,1,0
04/26/2021,GRAND,0,1,0,0,1,0,892,560,5,1,1452,6,1,0
04/28/2021,GRAND,5,3,0,0,8,0,895,565,5,1,1460,6,8,0
04/29/2021,GRAND,0,2,0,0,2,0,897,565,5,1,1462,6,2,0
04/30/2021,GRAND,0,4,0,0,4,0,901,565,5,1,1466,6,4,0
05/01/2021,GRAND,5,0,0,0,5,0,901,570,5,1,1471,6,5,0
05/02/2021,GRAND,0,2,0,0,2,0,903,570,5,1,1473,6,2,0
05/03/2021,GRAND,3,1,0,0,4,0,904,573,5,1,1477,6,4,0
05/04/2021,GRAND,1,1,0,0,2,0,905,574,5,1,1479,6,2,0
05/05/2021,GRAND,0,1,0,0,1,0,906,574,5,1,1480,6,1,0
05/06/2021,GRAND,0,1,0,0,1,0,907,574,5,1,1481,6,1,0
05/07/2021,GRAND,1,1,0,0,2,0,908,575,5,1,1483,6,2,0
05/10/2021,GRAND,0,1,0,0,1,0,909,575,5,1,1484,6,1,0
05/12/2021,GRAND,0,1,0,0,1,0,910,575,5,1,1485,6,1,0
05/14/2021,GRAND,1,1,0,0,2,0,911,576,5,1,1487,6,2,0
05/16/2021,GRAND,0,2,0,1,2,1,913,576,6,1,1489,7,2,1
05/19/2021,GRAND,0,1,0,0,1,0,914,576,6,1,1490,7,1,0
05/20/2021,GRAND,2,2,0,0,4,0,916,578,6,1,1494,7,4,0
05/23/2021,GRAND,0,2,0,0,2,0,918,578,6,1,1496,7,2,0
05/24/2021,GRAND,1,0,0,0,1,0,918,579,6,1,1497,7,1,0
05/27/2021,GRAND,1,1,0,0,2,0,919,580,6,1,1499,7,2,0
05/29/2021,GRAND,1,0,0,0,1,0,919,581,6,1,1500,7,1,0
06/02/2021,GRAND,1,1,0,0,2,0,920,582,6,1,1502,7,2,0
06/05/2021,GRAND,2,0,0,0,2,0,920,584,6,1,1504,7,2,0
06/06/2021,GRAND,3,1,0,0,4,0,921,587,6,1,1508,7,4,0
06/07/2021,GRAND,3,1,0,0,4,0,922,590,6,1,1512,7,4,0
06/08/2021,GRAND,0,1,0,0,1,0,923,590,6,1,1513,7,1,0
06/11/2021,GRAND,1,2,0,0,3,0,925,591,6,1,1516,7,3,0
06/20/2021,GRAND,0,1,0,0,1,0,926,591,6,1,1517,7,1,0
06/25/2021,GRAND,0,2,0,0,2,0,928,591,6,1,1519,7,2,0
06/27/2021,GRAND,0,1,0,0,1,0,929,591,6,1,1520,7,1,0
06/29/2021,GRAND,0,1,0,0,1,0,930,591,6,1,1521,7,1,0
06/30/2021,GRAND,0,1,0,0,1,0,931,591,6,1,1522,7,1,0
07/07/2021,GRAND,2,0,0,0,2,0,931,593,6,1,1524,7,2,0
07/10/2021,GRAND,0,1,0,0,1,0,932,593,6,1,1525,7,1,0
07/11/2021,GRAND,0,2,0,0,2,0,934,593,6,1,1527,7,2,0
07/13/2021,GRAND,0,2,0,0,2,0,936,593,6,1,1529,7,2,0
07/14/2021,GRAND,0,1,0,0,1,0,937,593,6,1,1530,7,1,0
07/19/2021,GRAND,0,1,0,0,1,0,938,593,6,1,1531,7,1,0
07/20/2021,GRAND,1,4,0,0,5,0,942,594,6,1,1536,7,5,0
07/21/2021,GRAND,0,2,0,0,2,0,944,594,6,1,1538,7,2,0
07/22/2021,GRAND,1,2,0,0,3,0,946,595,6,1,1541,7,3,0
07/27/2021,GRAND,1,1,0,0,2,0,947,596,6,1,1543,7,2,0
07/28/2021,GRAND,2,0,0,0,2,0,947,598,6,1,1545,7,2,0
07/29/2021,GRAND,0,2,0,0,2,0,949,598,6,1,1547,7,2,0
07/30/2021,GRAND,0,2,0,0,2,0,951,598,6,1,1549,7,2,0
07/31/2021,GRAND,0,1,0,0,1,0,952,598,6,1,1550,7,1,0
08/01/2021,GRAND,0,3,0,0,3,0,955,598,6,1,1553,7,3,0
08/02/2021,GRAND,1,0,0,0,1,0,955,599,6,1,1554,7,1,0
08/03/2021,GRAND,0,4,0,0,4,0,959,599,6,1,1558,7,4,0
08/04/2021,GRAND,1,1,0,0,2,0,960,600,6,1,1560,7,2,0
08/05/2021,GRAND,1,0,0,0,1,0,960,601,6,1,1561,7,1,0
08/06/2021,GRAND,1,1,0,0,2,0,961,602,6,1,1563,7,2,0
08/08/2021,GRAND,0,3,0,0,3,0,964,602,6,1,1566,7,3,0
08/09/2021,GRAND,1,1,0,0,2,0,965,603,6,1,1568,7,2,0
08/11/2021,GRAND,3,2,0,0,5,0,967,606,6,1,1573,7,5,0
08/12/2021,GRAND,0,5,0,0,5,0,972,606,6,1,1578,7,5,0
08/13/2021,GRAND,0,2,0,0,2,0,974,606,6,1,1580,7,2,0
08/14/2021,GRAND,0,2,0,0,2,0,976,606,6,1,1582,7,2,0
08/15/2021,GRAND,0,6,0,0,6,0,982,606,6,1,1588,7,6,0
08/16/2021,GRAND,0,2,0,0,2,0,984,606,6,1,1590,7,2,0
08/17/2021,GRAND,3,2,0,0,5,0,986,609,6,1,1595,7,5,0
08/18/2021,GRAND,1,5,0,0,6,0,991,610,6,1,1601,7,6,0
08/19/2021,GRAND,0,11,0,0,11,0,1002,610,6,1,1612,7,11,0
08/20/2021,GRAND,5,3,0,0,8,0,1005,615,6,1,1620,7,8,0
08/21/2021,GRAND,3,7,0,0,10,0,1012,618,6,1,1630,7,10,0
08/22/2021,GRAND,1,3,0,0,4,0,1015,619,6,1,1634,7,4,0
08/23/2021,GRAND,1,1,0,0,2,0,1016,620,6,1,1636,7,2,0
08/24/2021,GRAND,8,6,0,0,14,0,1022,628,6,1,1650,7,14,0
08/25/2021,GRAND,1,5,0,0,6,0,1027,629,6,1,1656,7,6,0
08/26/2021,GRAND,0,7,0,0,7,0,1034,629,6,1,1663,7,7,0
08/27/2021,GRAND,4,2,0,1,6,1,1036,633,7,1,1669,8,6,1
08/28/2021,GRAND,0,1,0,0,1,0,1037,633,7,1,1670,8,1,0
08/29/2021,GRAND,2,6,0,0,8,0,1043,635,7,1,1678,8,8,0
08/30/2021,GRAND,4,10,0,1,14,1,1053,639,8,1,1692,9,14,1
08/31/2021,GRAND,7,5,0,0,12,0,1058,646,8,1,1704,9,12,0
09/01/2021,GRAND,6,4,0,0,10,0,1062,652,8,1,1714,9,10,0
09/02/2021,GRAND,1,5,0,0,6,0,1067,653,8,1,1720,9,6,0
09/03/2021,GRAND,10,9,0,0,19,0,1076,663,8,1,1739,9,19,0
09/04/2021,GRAND,0,2,0,0,2,0,1078,663,8,1,1741,9,2,0
09/05/2021,GRAND,0,4,0,0,4,0,1082,663,8,1,1745,9,4,0
09/06/2021,GRAND,1,4,0,1,5,1,1086,664,9,1,1750,10,5,1
09/07/2021,GRAND,6,4,0,0,10,0,1090,670,9,1,1760,10,10,0
09/08/2021,GRAND,7,2,0,0,9,0,1092,677,9,1,1769,10,9,0
09/09/2021,GRAND,2,1,0,0,3,0,1093,679,9,1,1772,10,3,0
09/10/2021,GRAND,6,5,0,0,11,0,1098,685,9,1,1783,10,11,0
09/11/2021,GRAND,0,7,0,0,7,0,1105,685,9,1,1790,10,7,0
09/12/2021,GRAND,4,2,1,0,6,1,1107,689,9,2,1796,11,6,1
09/13/2021,GRAND,4,10,0,0,14,0,1117,693,9,2,1810,11,14,0
09/14/2021,GRAND,5,11,0,0,16,0,1128,698,9,2,1826,11,16,0
09/15/2021,GRAND,6,8,0,0,14,0,1136,704,9,2,1840,11,14,0
09/16/2021,GRAND,8,10,0,0,18,0,1146,712,9,2,1858,11,18,0
09/17/2021,GRAND,8,3,0,0,11,0,1149,720,9,2,1869,11,11,0
09/18/2021,GRAND,5,12,0,0,17,0,1161,725,9,2,1886,11,17,0
09/19/2021,GRAND,2,11,0,0,13,0,1172,727,9,2,1899,11,13,0
09/20/2021,GRAND,9,3,0,0,12,0,1175,736,9,2,1911,11,12,0
09/21/2021,GRAND,13,5,0,0,18,0,1180,749,9,2,1929,11,18,0
09/22/2021,GRAND,4,13,0,1,17,1,1193,753,10,2,1946,12,17,1
09/23/2021,GRAND,4,11,0,0,15,0,1204,757,10,2,1961,12,15,0
09/24/2021,GRAND,10,8,0,0,18,0,1212,767,10,2,1979,12,18,0
09/25/2021,GRAND,1,14,0,0,15,0,1226,768,10,2,1994,12,15,0
09/26/2021,GRAND,1,7,0,1,8,1,1233,769,11,2,2002,13,8,1
09/27/2021,GRAND,4,8,0,0,12,0,1241,773,11,2,2014,13,12,0
09/28/2021,GRAND,4,1,0,0,5,0,1242,777,11,2,2019,13,5,0
09/29/2021,GRAND,5,5,0,0,10,0,1247,782,11,2,2029,13,10,0
09/30/2021,GRAND,5,5,0,0,10,0,1252,787,11,2,2039,13,10,0
10/01/2021,GRAND,5,11,0,0,16,0,1263,792,11,2,2055,13,16,0
10/02/2021,GRAND,2,3,0,0,5,0,1266,794,11,2,2060,13,5,0
10/03/2021,GRAND,0,2,0,0,2,0,1268,794,11,2,2062,13,2,0
10/04/2021,GRAND,2,0,0,0,2,0,1268,796,11,2,2064,13,2,0
10/05/2021,GRAND,4,3,0,0,7,0,1271,800,11,2,2071,13,7,0
10/06/2021,GRAND,3,3,0,0,6,0,1274,803,11,2,2077,13,6,0
10/07/2021,GRAND,2,2,0,0,4,0,1276,805,11,2,2081,13,4,0
10/08/2021,GRAND,4,5,2,0,9,2,1281,809,11,4,2090,15,9,2
10/09/2021,GRAND,0,1,0,0,1,0,1282,809,11,4,2091,15,1,0
10/10/2021,GRAND,1,3,0,0,4,0,1285,810,11,4,2095,15,4,0
10/11/2021,GRAND,3,1,0,0,4,0,1286,813,11,4,2099,15,4,0
10/12/2021,GRAND,4,5,0,0,9,0,1291,817,11,4,2108,15,9,0
10/13/2021,GRAND,3,6,0,0,9,0,1297,820,11,4,2117,15,9,0
10/14/2021,GRAND,1,2,1,0,3,1,1299,821,11,5,2120,16,3,1
10/15/2021,GRAND,4,6,0,0,10,0,1305,825,11,5,2130,16,10,0
10/16/2021,GRAND,2,7,0,0,9,0,1312,827,11,5,2139,16,9,0
10/17/2021,GRAND,1,0,0,0,1,0,1312,828,11,5,2140,16,1,0
10/18/2021,GRAND,1,0,0,0,1,0,1312,829,11,5,2141,16,1,0
10/19/2021,GRAND,5,1,0,0,6,0,1313,834,11,5,2147,16,6,0
10/20/2021,GRAND,0,3,0,0,3,0,1316,834,11,5,2150,16,3,0
10/21/2021,GRAND,4,2,0,0,6,0,1318,838,11,5,2156,16,6,0
10/22/2021,GRAND,1,1,0,0,2,0,1319,839,11,5,2158,16,2,0
10/23/2021,GRAND,2,2,0,0,4,0,1321,841,11,5,2162,16,4,0
10/24/2021,GRAND,1,3,0,0,4,0,1324,842,11,5,2166,16,4,0
10/25/2021,GRAND,1,1,0,0,2,0,1325,843,11,5,2168,16,2,0
10/26/2021,GRAND,1,0,0,0,1,0,1325,844,11,5,2169,16,1,0
10/27/2021,GRAND,1,1,0,0,2,0,1326,845,11,5,2171,16,2,0
10/28/2021,GRAND,2,2,0,0,4,0,1328,847,11,5,2175,16,4,0
10/29/2021,GRAND,0,2,0,0,2,0,1330,847,11,5,2177,16,2,0
10/30/2021,GRAND,1,3,0,0,4,0,1333,848,11,5,2181,16,4,0
10/31/2021,GRAND,0,3,0,0,3,0,1336,848,11,5,2184,16,3,0
11/01/2021,GRAND,5,1,0,1,6,1,1337,853,12,5,2190,17,6,1
11/02/2021,GRAND,1,0,0,0,1,0,1337,854,12,5,2191,17,1,0
11/03/2021,GRAND,1,1,0,0,2,0,1338,855,12,5,2193,17,2,0
11/04/2021,GRAND,3,4,0,0,7,0,1342,858,12,5,2200,17,7,0
11/05/2021,GRAND,2,4,0,0,6,0,1346,860,12,5,2206,17,6,0
11/06/2021,GRAND,0,1,0,0,1,0,1347,860,12,5,2207,17,1,0
11/07/2021,GRAND,2,2,0,0,4,0,1349,862,12,5,2211,17,4,0
11/08/2021,GRAND,0,3,0,0,3,0,1352,862,12,5,2214,17,3,0
11/09/2021,GRAND,3,1,0,0,4,0,1353,865,12,5,2218,17,4,0
11/10/2021,GRAND,2,6,0,0,8,0,1359,867,12,5,2226,17,8,0
11/11/2021,GRAND,4,3,0,0,7,0,1362,871,12,5,2233,17,7,0
11/12/2021,GRAND,1,7,0,0,8,0,1369,872,12,5,2241,17,8,0
11/13/2021,GRAND,2,5,0,0,7,0,1374,874,12,5,2248,17,7,0
11/15/2021,GRAND,1,2,0,0,3,0,1376,875,12,5,2251,17,3,0
11/16/2021,GRAND,1,7,0,0,8,0,1383,876,12,5,2259,17,8,0
11/17/2021,GRAND,3,6,0,0,9,0,1389,879,12,5,2268,17,9,0
11/18/2021,GRAND,1,5,0,0,6,0,1394,880,12,5,2274,17,6,0
11/19/2021,GRAND,1,3,0,0,4,0,1397,881,12,5,2278,17,4,0
11/20/2021,GRAND,0,3,0,0,3,0,1400,881,12,5,2281,17,3,0
11/21/2021,GRAND,0,1,0,0,1,0,1401,881,12,5,2282,17,1,0
11/22/2021,GRAND,1,3,0,0,4,0,1404,882,12,5,2286,17,4,0
11/23/2021,GRAND,1,0,0,0,1,0,1404,883,12,5,2287,17,1,0
11/24/2021,GRAND,3,8,0,0,11,0,1412,886,12,5,2298,17,11,0
11/26/2021,GRAND,1,3,0,0,4,0,1415,887,12,5,2302,17,4,0
11/27/2021,GRAND,0,3,0,0,3,0,1418,887,12,5,2305,17,3,0
11/28/2021,GRAND,2,0,0,0,2,0,1418,889,12,5,2307,17,2,0
11/29/2021,GRAND,2,3,0,0,5,0,1421,891,12,5,2312,17,5,0
11/30/2021,GRAND,0,2,0,0,2,0,1423,891,12,5,2314,17,2,0
12/01/2021,GRAND,5,7,0,0,12,0,1430,896,12,5,2326,17,12,0
12/02/2021,GRAND,3,3,0,0,6,0,1433,899,12,5,2332,17,6,0
12/03/2021,GRAND,2,4,0,0,6,0,1437,901,12,5,2338,17,6,0
12/04/2021,GRAND,0,3,0,0,3,0,1440,901,12,5,2341,17,3,0
12/05/2021,GRAND,0,1,0,0,1,0,1441,901,12,5,2342,17,1,0
12/06/2021,GRAND,6,6,0,1,12,1,1447,907,13,5,2354,18,12,1
12/07/2021,GRAND,1,3,0,0,4,0,1450,908,13,5,2358,18,4,0
12/08/2021,GRAND,4,9,0,0,13,0,1459,912,13,5,2371,18,13,0
12/09/2021,GRAND,2,0,0,0,2,0,1459,914,13,5,2373,18,2,0
12/10/2021,GRAND,1,1,0,0,2,0,1460,915,13,5,2375,18,2,0
12/11/2021,GRAND,0,2,0,0,2,0,1462,915,13,5,2377,18,2,0
12/12/2021,GRAND,0,3,0,0,3,0,1465,915,13,5,2380,18,3,0
12/13/2021,GRAND,0,1,0,0,1,0,1466,915,13,5,2381,18,1,0
12/14/2021,GRAND,0,1,0,0,1,0,1467,915,13,5,2382,18,1,0
12/15/2021,GRAND,2,3,0,0,5,0,1470,917,13,5,2387,18,5,0
12/16/2021,GRAND,2,4,0,0,6,0,1474,919,13,5,2393,18,6,0
12/17/2021,GRAND,1,2,0,0,3,0,1476,920,13,5,2396,18,3,0
12/18/2021,GRAND,0,2,0,0,2,0,1478,920,13,5,2398,18,2,0
12/19/2021,GRAND,0,4,0,0,4,0,1482,920,13,5,2402,18,4,0
12/20/2021,GRAND,2,6,0,0,8,0,1488,922,13,5,2410,18,8,0
12/21/2021,GRAND,3,7,0,0,10,0,1495,925,13,5,2420,18,10,0
12/22/2021,GRAND,4,10,1,0,14,1,1505,929,13,6,2434,19,14,1
12/23/2021,GRAND,5,4,0,1,9,1,1509,934,14,6,2443,20,9,1
12/24/2021,GRAND,0,9,0,0,9,0,1518,934,14,6,2452,20,9,0
12/25/2021,GRAND,1,7,0,0,8,0,1525,935,14,6,2460,20,8,0
12/26/2021,GRAND,1,13,0,0,14,0,1538,936,14,6,2474,20,14,0
12/27/2021,GRAND,5,5,0,0,10,0,1543,941,14,6,2484,20,10,0
12/28/2021,GRAND,3,10,0,0,13,0,1553,944,14,6,2497,20,13,0
12/29/2021,GRAND,4,54,0,0,58,0,1607,948,14,6,2555,20,58,0
12/30/2021,GRAND,14,36,0,0,50,0,1643,962,14,6,2605,20,50,0
12/31/2021,GRAND,0,4,0,0,4,0,1647,962,14,6,2609,20,4,0
01/01/2022,GRAND,1,13,0,0,14,0,1660,963,14,6,2623,20,14,0
01/02/2022,GRAND,3,50,0,0,53,0,1710,966,14,6,2676,20,53,0
01/03/2022,GRAND,5,2,0,0,7,0,1712,971,14,6,2683,20,7,0
01/04/2022,GRAND,14,5,0,0,19,0,1717,985,14,6,2702,20,19,0
01/05/2022,GRAND,7,6,0,0,13,0,1723,992,14,6,2715,20,13,0
01/06/2022,GRAND,16,95,0,1,111,1,1818,1008,15,6,2826,21,111,1
01/07/2022,GRAND,6,2,0,0,8,0,1820,1014,15,6,2834,21,8,0
01/08/2022,GRAND,21,9,1,0,30,1,1829,1035,15,7,2864,22,30,1
01/09/2022,GRAND,1,38,0,0,39,0,1867,1036,15,7,2903,22,39,0
01/10/2022,GRAND,6,4,0,0,10,0,1871,1042,15,7,2913,22,10,0
01/11/2022,GRAND,7,2,0,0,9,0,1873,1049,15,7,2922,22,9,0
01/12/2022,GRAND,16,75,0,0,91,0,1948,1065,15,7,3013,22,91,0
01/13/2022,GRAND,22,24,0,0,46,0,1972,1087,15,7,3059,22,46,0
01/14/2022,GRAND,7,12,0,0,19,0,1984,1094,15,7,3078,22,19,0
01/15/2022,GRAND,1,31,0,0,32,0,2015,1095,15,7,3110,22,32,0
01/16/2022,GRAND,1,0,0,0,1,0,2015,1096,15,7,3111,22,1,0
01/17/2022,GRAND,3,2,0,0,5,0,2017,1099,15,7,3116,22,5,0
01/18/2022,GRAND,10,17,0,0,27,0,2034,1109,15,7,3143,22,27,0
01/19/2022,GRAND,4,21,0,0,25,0,2055,1113,15,7,3168,22,25,0
01/20/2022,GRAND,15,15,0,0,30,0,2070,1128,15,7,3198,22,30,0
01/21/2022,GRAND,14,9,0,0,23,0,2079,1142,15,7,3221,22,23,0
01/22/2022,GRAND,2,27,0,0,29,0,2106,1144,15,7,3250,22,29,0
01/23/2022,GRAND,1,1,0,0,2,0,2107,1145,15,7,3252,22,2,0
01/24/2022,GRAND,11,3,0,0,14,0,2110,1156,15,7,3266,22,14,0
01/25/2022,GRAND,13,3,0,0,16,0,2113,1169,15,7,3282,22,16,0
01/26/2022,GRAND,6,25,0,0,31,0,2138,1175,15,7,3313,22,31,0
01/27/2022,GRAND,11,17,0,0,28,0,2155,1186,15,7,3341,22,28,0
01/28/2022,GRAND,2,3,0,0,5,0,2158,1188,15,7,3346,22,5,0
01/29/2022,GRAND,2,1,0,0,3,0,2159,1190,15,7,3349,22,3,0
01/31/2022,GRAND,3,0,0,0,3,0,2159,1193,15,7,3352,22,3,0
02/01/2022,GRAND,3,2,1,0,5,1,2161,1196,15,8,3357,23,5,1
02/02/2022,GRAND,2,17,0,0,19,0,2178,1198,15,8,3376,23,19,0
02/03/2022,GRAND,4,12,0,0,16,0,2190,1202,15,8,3392,23,16,0
02/05/2022,GRAND,0,1,0,0,1,0,2191,1202,15,8,3393,23,1,0
02/06/2022,GRAND,1,0,0,0,1,0,2191,1203,15,8,3394,23,1,0
02/07/2022,GRAND,1,0,0,0,1,0,2191,1204,15,8,3395,23,1,0
02/08/2022,GRAND,1,3,0,0,4,0,2194,1205,15,8,3399,23,4,0
02/09/2022,GRAND,2,2,0,0,4,0,2196,1207,15,8,3403,23,4,0
02/10/2022,GRAND,0,1,0,0,1,0,2197,1207,15,8,3404,23,1,0
02/11/2022,GRAND,2,1,0,0,3,0,2198,1209,15,8,3407,23,3,0
02/12/2022,GRAND,1,0,0,0,1,0,2198,1210,15,8,3408,23,1,0
02/13/2022,GRAND,1,0,0,0,1,0,2198,1211,15,8,3409,23,1,0
02/14/2022,GRAND,1,2,0,1,3,1,2200,1212,16,8,3412,24,3,1
02/15/2022,GRAND,1,9,0,0,10,0,2209,1213,16,8,3422,24,10,0
02/16/2022,GRAND,3,3,0,0,6,0,2212,1216,16,8,3428,24,6,0
02/17/2022,GRAND,3,2,0,0,5,0,2214,1219,16,8,3433,24,5,0
02/19/2022,GRAND,0,2,0,0,2,0,2216,1219,16,8,3435,24,2,0
02/21/2022,GRAND,1,2,0,0,3,0,2218,1220,16,8,3438,24,3,0
02/25/2022,GRAND,1,1,0,0,2,0,2219,1221,16,8,3440,24,2,0
02/26/2022,GRAND,0,1,0,0,1,0,2220,1221,16,8,3441,24,1,0
02/28/2022,GRAND,1,0,0,0,1,0,2220,1222,16,8,3442,24,1,0
03/02/2022,GRAND,0,1,0,0,1,0,2221,1222,16,8,3443,24,1,0
03/04/2022,GRAND,0,1,0,0,1,0,2222,1222,16,8,3444,24,1,0
03/08/2022,GRAND,0,2,0,0,2,0,2224,1222,16,8,3446,24,2,0
03/10/2022,GRAND,0,1,0,0,1,0,2225,1222,16,8,3447,24,1,0
03/15/2022,GRAND,1,0,0,0,1,0,2225,1223,16,8,3448,24,1,0
03/16/2022,GRAND,1,1,0,0,2,0,2226,1224,16,8,3450,24,2,0
03/18/2022,GRAND,0,1,0,0,1,0,2227,1224,16,8,3451,24,1,0
03/10/2020,GUNNISON,0,1,0,0,1,0,1,0,0,0,1,0,-3450,-24
03/11/2020,GUNNISON,0,1,0,0,1,0,2,0,0,0,2,0,1,0
03/12/2020,GUNNISON,0,1,0,0,1,0,3,0,0,0,3,0,1,0
03/13/2020,GUNNISON,0,1,0,0,1,0,4,0,0,0,4,0,1,0
03/14/2020,GUNNISON,0,2,0,0,2,0,6,0,0,0,6,0,2,0
03/15/2020,GUNNISON,0,2,0,0,2,0,8,0,0,0,8,0,2,0
03/16/2020,GUNNISON,0,1,0,0,1,0,9,0,0,0,9,0,1,0
03/18/2020,GUNNISON,0,4,0,1,4,1,13,0,1,0,13,1,4,1
03/20/2020,GUNNISON,0,5,0,0,5,0,18,0,1,0,18,1,5,0
03/21/2020,GUNNISON,0,4,0,1,4,1,22,0,2,0,22,2,4,1
03/22/2020,GUNNISON,0,6,0,0,6,0,28,0,2,0,28,2,6,0
03/23/2020,GUNNISON,0,13,0,1,13,1,41,0,3,0,41,3,13,1
03/24/2020,GUNNISON,0,11,0,0,11,0,52,0,3,0,52,3,11,0
03/25/2020,GUNNISON,0,6,0,1,6,1,58,0,4,0,58,4,6,1
03/26/2020,GUNNISON,0,8,0,0,8,0,66,0,4,0,66,4,8,0
03/27/2020,GUNNISON,0,10,0,0,10,0,76,0,4,0,76,4,10,0
03/28/2020,GUNNISON,0,1,0,0,1,0,77,0,4,0,77,4,1,0
03/29/2020,GUNNISON,0,1,0,0,1,0,78,0,4,0,78,4,1,0
03/30/2020,GUNNISON,0,2,0,0,2,0,80,0,4,0,80,4,2,0
03/31/2020,GUNNISON,0,2,0,0,2,0,82,0,4,0,82,4,2,0
04/01/2020,GUNNISON,0,2,0,0,2,0,84,0,4,0,84,4,2,0
04/02/2020,GUNNISON,0,1,0,0,1,0,85,0,4,0,85,4,1,0
04/03/2020,GUNNISON,0,2,0,1,2,1,87,0,5,0,87,5,2,1
04/04/2020,GUNNISON,0,3,0,0,3,0,90,0,5,0,90,5,3,0
04/05/2020,GUNNISON,0,2,0,0,2,0,92,0,5,0,92,5,2,0
04/07/2020,GUNNISON,1,2,0,1,3,1,94,1,6,0,95,6,3,1
04/08/2020,GUNNISON,0,1,0,0,1,0,95,1,6,0,96,6,1,0
04/09/2020,GUNNISON,0,1,0,0,1,0,96,1,6,0,97,6,1,0
04/13/2020,GUNNISON,0,1,0,0,1,0,97,1,6,0,98,6,1,0
04/14/2020,GUNNISON,4,0,0,0,4,0,97,5,6,0,102,6,4,0
04/15/2020,GUNNISON,6,1,0,0,7,0,98,11,6,0,109,6,7,0
04/16/2020,GUNNISON,1,0,0,0,1,0,98,12,6,0,110,6,1,0
04/17/2020,GUNNISON,1,0,0,0,1,0,98,13,6,0,111,6,1,0
04/19/2020,GUNNISON,3,0,0,0,3,0,98,16,6,0,114,6,3,0
04/20/2020,GUNNISON,2,1,0,0,3,0,99,18,6,0,117,6,3,0
04/23/2020,GUNNISON,2,0,0,0,2,0,99,20,6,0,119,6,2,0
04/24/2020,GUNNISON,22,5,2,0,27,2,104,42,6,2,146,8,27,2
04/25/2020,GUNNISON,5,2,1,0,7,1,106,47,6,3,153,9,7,1
04/27/2020,GUNNISON,3,0,0,0,3,0,106,50,6,3,156,9,3,0
04/29/2020,GUNNISON,5,0,1,0,5,1,106,55,6,4,161,10,5,1
05/01/2020,GUNNISON,0,1,0,0,1,0,107,55,6,4,162,10,1,0
05/03/2020,GUNNISON,3,0,0,0,3,0,107,58,6,4,165,10,3,0
05/05/2020,GUNNISON,4,0,0,0,4,0,107,62,6,4,169,10,4,0
05/06/2020,GUNNISON,0,1,0,0,1,0,108,62,6,4,170,10,1,0
05/12/2020,GUNNISON,0,1,0,0,1,0,109,62,6,4,171,10,1,0
05/13/2020,GUNNISON,2,0,0,0,2,0,109,64,6,4,173,10,2,0
05/15/2020,GUNNISON,0,1,0,0,1,0,110,64,6,4,174,10,1,0
05/16/2020,GUNNISON,0,1,0,0,1,0,111,64,6,4,175,10,1,0
05/20/2020,GUNNISON,0,1,0,0,1,0,112,64,6,4,176,10,1,0
05/22/2020,GUNNISON,0,1,0,0,1,0,113,64,6,4,177,10,1,0
05/23/2020,GUNNISON,1,1,0,0,2,0,114,65,6,4,179,10,2,0
05/24/2020,GUNNISON,0,1,0,0,1,0,115,65,6,4,180,10,1,0
05/25/2020,GUNNISON,1,0,0,0,1,0,115,66,6,4,181,10,1,0
06/01/2020,GUNNISON,0,1,0,0,1,0,116,66,6,4,182,10,1,0
06/06/2020,GUNNISON,0,1,0,0,1,0,117,66,6,4,183,10,1,0
06/07/2020,GUNNISON,0,1,0,0,1,0,118,66,6,4,184,10,1,0
06/08/2020,GUNNISON,0,1,0,0,1,0,119,66,6,4,185,10,1,0
06/15/2020,GUNNISON,0,2,0,0,2,0,121,66,6,4,187,10,2,0
06/18/2020,GUNNISON,0,1,0,0,1,0,122,66,6,4,188,10,1,0
06/22/2020,GUNNISON,0,2,0,0,2,0,124,66,6,4,190,10,2,0
06/23/2020,GUNNISON,0,2,0,0,2,0,126,66,6,4,192,10,2,0
06/24/2020,GUNNISON,1,0,0,0,1,0,126,67,6,4,193,10,1,0
06/25/2020,GUNNISON,1,0,0,0,1,0,126,68,6,4,194,10,1,0
06/29/2020,GUNNISON,1,2,0,0,3,0,128,69,6,4,197,10,3,0
07/03/2020,GUNNISON,0,1,0,0,1,0,129,69,6,4,198,10,1,0
07/06/2020,GUNNISON,1,0,0,0,1,0,129,70,6,4,199,10,1,0
07/07/2020,GUNNISON,0,1,0,0,1,0,130,70,6,4,200,10,1,0
07/09/2020,GUNNISON,0,2,0,0,2,0,132,70,6,4,202,10,2,0
07/11/2020,GUNNISON,0,1,0,0,1,0,133,70,6,4,203,10,1,0
07/13/2020,GUNNISON,0,2,0,0,2,0,135,70,6,4,205,10,2,0
07/16/2020,GUNNISON,0,3,0,0,3,0,138,70,6,4,208,10,3,0
07/18/2020,GUNNISON,0,1,0,0,1,0,139,70,6,4,209,10,1,0
07/19/2020,GUNNISON,0,2,0,0,2,0,141,70,6,4,211,10,2,0
07/20/2020,GUNNISON,0,8,0,0,8,0,149,70,6,4,219,10,8,0
07/21/2020,GUNNISON,0,6,0,0,6,0,155,70,6,4,225,10,6,0
07/25/2020,GUNNISON,0,3,0,0,3,0,158,70,6,4,228,10,3,0
07/26/2020,GUNNISON,0,1,0,0,1,0,159,70,6,4,229,10,1,0
07/27/2020,GUNNISON,0,11,0,0,11,0,170,70,6,4,240,10,11,0
07/28/2020,GUNNISON,0,12,0,0,12,0,182,70,6,4,252,10,12,0
07/29/2020,GUNNISON,0,2,0,0,2,0,184,70,6,4,254,10,2,0
07/31/2020,GUNNISON,0,2,0,0,2,0,186,70,6,4,256,10,2,0
08/01/2020,GUNNISON,0,6,0,0,6,0,192,70,6,4,262,10,6,0
08/02/2020,GUNNISON,0,3,0,0,3,0,195,70,6,4,265,10,3,0
08/03/2020,GUNNISON,0,5,0,0,5,0,200,70,6,4,270,10,5,0
08/04/2020,GUNNISON,0,5,0,0,5,0,205,70,6,4,275,10,5,0
08/05/2020,GUNNISON,0,1,0,0,1,0,206,70,6,4,276,10,1,0
08/06/2020,GUNNISON,0,1,0,0,1,0,207,70,6,4,277,10,1,0
08/07/2020,GUNNISON,0,1,0,0,1,0,208,70,6,4,278,10,1,0
08/08/2020,GUNNISON,0,3,0,1,3,1,211,70,7,4,281,11,3,1
08/09/2020,GUNNISON,0,1,0,0,1,0,212,70,7,4,282,11,1,0
08/11/2020,GUNNISON,1,0,0,0,1,0,212,71,7,4,283,11,1,0
08/12/2020,GUNNISON,0,3,0,0,3,0,215,71,7,4,286,11,3,0
08/13/2020,GUNNISON,0,1,0,0,1,0,216,71,7,4,287,11,1,0
08/17/2020,GUNNISON,0,1,0,0,1,0,217,71,7,4,288,11,1,0
08/19/2020,GUNNISON,0,1,0,0,1,0,218,71,7,4,289,11,1,0
08/20/2020,GUNNISON,0,3,0,0,3,0,221,71,7,4,292,11,3,0
08/25/2020,GUNNISON,0,3,0,0,3,0,224,71,7,4,295,11,3,0
08/28/2020,GUNNISON,0,1,0,0,1,0,225,71,7,4,296,11,1,0
08/30/2020,GUNNISON,0,1,0,0,1,0,226,71,7,4,297,11,1,0
09/01/2020,GUNNISON,0,1,0,0,1,0,227,71,7,4,298,11,1,0
09/03/2020,GUNNISON,0,3,0,0,3,0,230,71,7,4,301,11,3,0
09/04/2020,GUNNISON,0,1,0,0,1,0,231,71,7,4,302,11,1,0
09/05/2020,GUNNISON,0,1,0,0,1,0,232,71,7,4,303,11,1,0
10/05/2020,GUNNISON,0,1,0,0,1,0,233,71,7,4,304,11,1,0
10/17/2020,GUNNISON,0,1,0,0,1,0,234,71,7,4,305,11,1,0
10/18/2020,GUNNISON,0,2,0,0,2,0,236,71,7,4,307,11,2,0
10/19/2020,GUNNISON,0,2,0,0,2,0,238,71,7,4,309,11,2,0
10/20/2020,GUNNISON,0,3,0,0,3,0,241,71,7,4,312,11,3,0
10/21/2020,GUNNISON,0,1,0,0,1,0,242,71,7,4,313,11,1,0
10/25/2020,GUNNISON,0,1,0,0,1,0,243,71,7,4,314,11,1,0
10/27/2020,GUNNISON,0,2,0,0,2,0,245,71,7,4,316,11,2,0
10/28/2020,GUNNISON,0,3,0,0,3,0,248,71,7,4,319,11,3,0
10/29/2020,GUNNISON,0,3,0,0,3,0,251,71,7,4,322,11,3,0
10/30/2020,GUNNISON,0,6,0,0,6,0,257,71,7,4,328,11,6,0
10/31/2020,GUNNISON,0,3,0,0,3,0,260,71,7,4,331,11,3,0
11/03/2020,GUNNISON,0,6,0,0,6,0,266,71,7,4,337,11,6,0
11/04/2020,GUNNISON,0,3,0,0,3,0,269,71,7,4,340,11,3,0
11/05/2020,GUNNISON,0,1,0,0,1,0,270,71,7,4,341,11,1,0
11/06/2020,GUNNISON,0,15,0,0,15,0,285,71,7,4,356,11,15,0
11/08/2020,GUNNISON,0,23,0,0,23,0,308,71,7,4,379,11,23,0
11/09/2020,GUNNISON,0,4,0,0,4,0,312,71,7,4,383,11,4,0
11/10/2020,GUNNISON,0,2,0,0,2,0,314,71,7,4,385,11,2,0
11/11/2020,GUNNISON,0,19,0,0,19,0,333,71,7,4,404,11,19,0
11/12/2020,GUNNISON,0,7,0,0,7,0,340,71,7,4,411,11,7,0
11/13/2020,GUNNISON,0,5,0,0,5,0,345,71,7,4,416,11,5,0
11/14/2020,GUNNISON,0,1,0,0,1,0,346,71,7,4,417,11,1,0
11/15/2020,GUNNISON,0,17,0,0,17,0,363,71,7,4,434,11,17,0
11/16/2020,GUNNISON,0,2,0,0,2,0,365,71,7,4,436,11,2,0
11/18/2020,GUNNISON,0,1,0,0,1,0,366,71,7,4,437,11,1,0
11/19/2020,GUNNISON,0,2,0,0,2,0,368,71,7,4,439,11,2,0
11/20/2020,GUNNISON,0,8,0,0,8,0,376,71,7,4,447,11,8,0
11/21/2020,GUNNISON,0,1,0,0,1,0,377,71,7,4,448,11,1,0
11/22/2020,GUNNISON,0,8,0,0,8,0,385,71,7,4,456,11,8,0
11/23/2020,GUNNISON,0,1,0,0,1,0,386,71,7,4,457,11,1,0
11/25/2020,GUNNISON,0,3,0,0,3,0,389,71,7,4,460,11,3,0
11/26/2020,GUNNISON,0,11,0,0,11,0,400,71,7,4,471,11,11,0
11/27/2020,GUNNISON,0,5,0,0,5,0,405,71,7,4,476,11,5,0
11/28/2020,GUNNISON,0,5,0,0,5,0,410,71,7,4,481,11,5,0
11/29/2020,GUNNISON,0,4,0,0,4,0,414,71,7,4,485,11,4,0
11/30/2020,GUNNISON,0,3,0,0,3,0,417,71,7,4,488,11,3,0
12/01/2020,GUNNISON,0,1,0,0,1,0,418,71,7,4,489,11,1,0
12/02/2020,GUNNISON,0,14,0,0,14,0,432,71,7,4,503,11,14,0
12/03/2020,GUNNISON,1,2,0,0,3,0,434,72,7,4,506,11,3,0
12/04/2020,GUNNISON,0,3,0,0,3,0,437,72,7,4,509,11,3,0
12/05/2020,GUNNISON,0,7,0,0,7,0,444,72,7,4,516,11,7,0
12/06/2020,GUNNISON,0,5,0,0,5,0,449,72,7,4,521,11,5,0
12/07/2020,GUNNISON,0,4,0,0,4,0,453,72,7,4,525,11,4,0
12/09/2020,GUNNISON,1,5,0,0,6,0,458,73,7,4,531,11,6,0
12/10/2020,GUNNISON,1,11,0,0,12,0,469,74,7,4,543,11,12,0
12/11/2020,GUNNISON,0,5,0,0,5,0,474,74,7,4,548,11,5,0
12/12/2020,GUNNISON,0,7,0,0,7,0,481,74,7,4,555,11,7,0
12/13/2020,GUNNISON,0,1,0,0,1,0,482,74,7,4,556,11,1,0
12/14/2020,GUNNISON,0,11,0,0,11,0,493,74,7,4,567,11,11,0
12/15/2020,GUNNISON,1,7,0,0,8,0,500,75,7,4,575,11,8,0
12/16/2020,GUNNISON,0,7,0,0,7,0,507,75,7,4,582,11,7,0
12/17/2020,GUNNISON,0,14,0,0,14,0,521,75,7,4,596,11,14,0
12/18/2020,GUNNISON,0,16,0,0,16,0,537,75,7,4,612,11,16,0
12/19/2020,GUNNISON,0,3,0,0,3,0,540,75,7,4,615,11,3,0
12/20/2020,GUNNISON,0,2,0,0,2,0,542,75,7,4,617,11,2,0
12/21/2020,GUNNISON,0,21,0,0,21,0,563,75,7,4,638,11,21,0
12/22/2020,GUNNISON,0,27,0,0,27,0,590,75,7,4,665,11,27,0
12/23/2020,GUNNISON,2,0,0,0,2,0,590,77,7,4,667,11,2,0
12/24/2020,GUNNISON,0,12,0,0,12,0,602,77,7,4,679,11,12,0
12/25/2020,GUNNISON,0,2,0,0,2,0,604,77,7,4,681,11,2,0
12/26/2020,GUNNISON,0,4,0,0,4,0,608,77,7,4,685,11,4,0
12/27/2020,GUNNISON,0,6,0,0,6,0,614,77,7,4,691,11,6,0
12/28/2020,GUNNISON,0,7,0,0,7,0,621,77,7,4,698,11,7,0
12/29/2020,GUNNISON,0,5,0,0,5,0,626,77,7,4,703,11,5,0
12/30/2020,GUNNISON,0,2,0,1,2,1,628,77,8,4,705,12,2,1
12/31/2020,GUNNISON,0,15,0,0,15,0,643,77,8,4,720,12,15,0
01/01/2021,GUNNISON,0,4,0,0,4,0,647,77,8,4,724,12,4,0
01/02/2021,GUNNISON,0,4,0,0,4,0,651,77,8,4,728,12,4,0
01/03/2021,GUNNISON,0,1,0,0,1,0,652,77,8,4,729,12,1,0
01/04/2021,GUNNISON,0,9,0,0,9,0,661,77,8,4,738,12,9,0
01/05/2021,GUNNISON,0,1,0,0,1,0,662,77,8,4,739,12,1,0
01/06/2021,GUNNISON,1,11,0,0,12,0,673,78,8,4,751,12,12,0
01/07/2021,GUNNISON,0,14,0,0,14,0,687,78,8,4,765,12,14,0
01/08/2021,GUNNISON,0,18,0,0,18,0,705,78,8,4,783,12,18,0
01/09/2021,GUNNISON,0,13,0,0,13,0,718,78,8,4,796,12,13,0
01/10/2021,GUNNISON,0,4,0,0,4,0,722,78,8,4,800,12,4,0
01/11/2021,GUNNISON,0,4,0,0,4,0,726,78,8,4,804,12,4,0
01/12/2021,GUNNISON,0,17,0,0,17,0,743,78,8,4,821,12,17,0
01/13/2021,GUNNISON,1,10,0,0,11,0,753,79,8,4,832,12,11,0
01/14/2021,GUNNISON,0,22,0,0,22,0,775,79,8,4,854,12,22,0
01/15/2021,GUNNISON,0,19,0,0,19,0,794,79,8,4,873,12,19,0
01/16/2021,GUNNISON,0,13,0,0,13,0,807,79,8,4,886,12,13,0
01/17/2021,GUNNISON,0,46,0,0,46,0,853,79,8,4,932,12,46,0
01/18/2021,GUNNISON,0,14,0,0,14,0,867,79,8,4,946,12,14,0
01/19/2021,GUNNISON,1,3,0,0,4,0,870,80,8,4,950,12,4,0
01/20/2021,GUNNISON,0,11,0,0,11,0,881,80,8,4,961,12,11,0
01/21/2021,GUNNISON,0,8,0,0,8,0,889,80,8,4,969,12,8,0
01/22/2021,GUNNISON,0,12,0,0,12,0,901,80,8,4,981,12,12,0
01/23/2021,GUNNISON,0,13,0,0,13,0,914,80,8,4,994,12,13,0
01/24/2021,GUNNISON,0,9,0,0,9,0,923,80,8,4,1003,12,9,0
01/25/2021,GUNNISON,1,82,0,0,83,0,1005,81,8,4,1086,12,83,0
01/26/2021,GUNNISON,0,18,0,0,18,0,1023,81,8,4,1104,12,18,0
01/27/2021,GUNNISON,0,4,0,0,4,0,1027,81,8,4,1108,12,4,0
01/28/2021,GUNNISON,0,9,0,0,9,0,1036,81,8,4,1117,12,9,0
01/29/2021,GUNNISON,0,9,0,0,9,0,1045,81,8,4,1126,12,9,0
01/30/2021,GUNNISON,1,6,0,0,7,0,1051,82,8,4,1133,12,7,0
01/31/2021,GUNNISON,0,1,0,0,1,0,1052,82,8,4,1134,12,1,0
02/01/2021,GUNNISON,0,4,0,0,4,0,1056,82,8,4,1138,12,4,0
02/02/2021,GUNNISON,0,7,0,0,7,0,1063,82,8,4,1145,12,7,0
02/03/2021,GUNNISON,0,7,0,0,7,0,1070,82,8,4,1152,12,7,0
02/04/2021,GUNNISON,0,3,0,0,3,0,1073,82,8,4,1155,12,3,0
02/05/2021,GUNNISON,0,4,0,0,4,0,1077,82,8,4,1159,12,4,0
02/06/2021,GUNNISON,0,6,0,0,6,0,1083,82,8,4,1165,12,6,0
02/07/2021,GUNNISON,0,1,0,0,1,0,1084,82,8,4,1166,12,1,0
02/08/2021,GUNNISON,1,3,0,0,4,0,1087,83,8,4,1170,12,4,0
02/09/2021,GUNNISON,0,5,0,0,5,0,1092,83,8,4,1175,12,5,0
02/10/2021,GUNNISON,0,4,0,0,4,0,1096,83,8,4,1179,12,4,0
02/11/2021,GUNNISON,0,1,0,0,1,0,1097,83,8,4,1180,12,1,0
02/12/2021,GUNNISON,0,3,0,0,3,0,1100,83,8,4,1183,12,3,0
02/13/2021,GUNNISON,0,5,0,0,5,0,1105,83,8,4,1188,12,5,0
02/15/2021,GUNNISON,0,2,0,0,2,0,1107,83,8,4,1190,12,2,0
02/16/2021,GUNNISON,0,2,0,0,2,0,1109,83,8,4,1192,12,2,0
02/18/2021,GUNNISON,0,2,0,0,2,0,1111,83,8,4,1194,12,2,0
02/19/2021,GUNNISON,0,1,0,0,1,0,1112,83,8,4,1195,12,1,0
02/22/2021,GUNNISON,0,10,0,0,10,0,1122,83,8,4,1205,12,10,0
02/23/2021,GUNNISON,1,5,0,0,6,0,1127,84,8,4,1211,12,6,0
02/24/2021,GUNNISON,0,1,0,0,1,0,1128,84,8,4,1212,12,1,0
02/25/2021,GUNNISON,0,1,0,0,1,0,1129,84,8,4,1213,12,1,0
02/26/2021,GUNNISON,0,1,0,0,1,0,1130,84,8,4,1214,12,1,0
03/01/2021,GUNNISON,1,0,0,0,1,0,1130,85,8,4,1215,12,1,0
03/02/2021,GUNNISON,0,3,0,0,3,0,1133,85,8,4,1218,12,3,0
03/05/2021,GUNNISON,1,0,0,0,1,0,1133,86,8,4,1219,12,1,0
03/08/2021,GUNNISON,2,0,0,0,2,0,1133,88,8,4,1221,12,2,0
03/09/2021,GUNNISON,0,1,0,0,1,0,1134,88,8,4,1222,12,1,0
03/10/2021,GUNNISON,0,5,0,0,5,0,1139,88,8,4,1227,12,5,0
03/11/2021,GUNNISON,1,1,0,0,2,0,1140,89,8,4,1229,12,2,0
03/12/2021,GUNNISON,1,2,0,0,3,0,1142,90,8,4,1232,12,3,0
03/16/2021,GUNNISON,1,0,0,0,1,0,1142,91,8,4,1233,12,1,0
03/17/2021,GUNNISON,0,1,0,0,1,0,1143,91,8,4,1234,12,1,0
03/19/2021,GUNNISON,0,1,0,0,1,0,1144,91,8,4,1235,12,1,0
03/23/2021,GUNNISON,1,0,0,0,1,0,1144,92,8,4,1236,12,1,0
03/24/2021,GUNNISON,0,3,0,0,3,0,1147,92,8,4,1239,12,3,0
03/25/2021,GUNNISON,0,1,0,0,1,0,1148,92,8,4,1240,12,1,0
03/26/2021,GUNNISON,0,6,0,0,6,0,1154,92,8,4,1246,12,6,0
03/27/2021,GUNNISON,0,2,0,0,2,0,1156,92,8,4,1248,12,2,0
03/28/2021,GUNNISON,0,1,0,0,1,0,1157,92,8,4,1249,12,1,0
03/29/2021,GUNNISON,0,2,0,0,2,0,1159,92,8,4,1251,12,2,0
03/30/2021,GUNNISON,0,12,0,0,12,0,1171,92,8,4,1263,12,12,0
03/31/2021,GUNNISON,1,1,0,0,2,0,1172,93,8,4,1265,12,2,0
04/01/2021,GUNNISON,0,2,0,0,2,0,1174,93,8,4,1267,12,2,0
04/02/2021,GUNNISON,0,2,0,0,2,0,1176,93,8,4,1269,12,2,0
04/03/2021,GUNNISON,0,5,0,0,5,0,1181,93,8,4,1274,12,5,0
04/05/2021,GUNNISON,0,1,0,0,1,0,1182,93,8,4,1275,12,1,0
04/06/2021,GUNNISON,0,1,0,0,1,0,1183,93,8,4,1276,12,1,0
04/07/2021,GUNNISON,0,2,0,0,2,0,1185,93,8,4,1278,12,2,0
04/08/2021,GUNNISON,0,4,0,0,4,0,1189,93,8,4,1282,12,4,0
04/09/2021,GUNNISON,0,1,0,0,1,0,1190,93,8,4,1283,12,1,0
04/10/2021,GUNNISON,0,2,0,0,2,0,1192,93,8,4,1285,12,2,0
04/12/2021,GUNNISON,0,6,0,0,6,0,1198,93,8,4,1291,12,6,0
04/13/2021,GUNNISON,0,8,0,0,8,0,1206,93,8,4,1299,12,8,0
04/14/2021,GUNNISON,0,2,0,0,2,0,1208,93,8,4,1301,12,2,0
04/15/2021,GUNNISON,0,3,0,0,3,0,1211,93,8,4,1304,12,3,0
04/16/2021,GUNNISON,0,4,0,0,4,0,1215,93,8,4,1308,12,4,0
04/17/2021,GUNNISON,0,2,0,0,2,0,1217,93,8,4,1310,12,2,0
04/18/2021,GUNNISON,0,1,0,0,1,0,1218,93,8,4,1311,12,1,0
04/19/2021,GUNNISON,2,1,0,0,3,0,1219,95,8,4,1314,12,3,0
04/21/2021,GUNNISON,0,5,0,0,5,0,1224,95,8,4,1319,12,5,0
04/23/2021,GUNNISON,0,2,0,0,2,0,1226,95,8,4,1321,12,2,0
04/24/2021,GUNNISON,0,3,0,0,3,0,1229,95,8,4,1324,12,3,0
04/25/2021,GUNNISON,0,1,0,0,1,0,1230,95,8,4,1325,12,1,0
04/26/2021,GUNNISON,2,1,0,0,3,0,1231,97,8,4,1328,12,3,0
04/27/2021,GUNNISON,0,4,0,0,4,0,1235,97,8,4,1332,12,4,0
04/29/2021,GUNNISON,0,1,0,0,1,0,1236,97,8,4,1333,12,1,0
04/30/2021,GUNNISON,0,2,0,0,2,0,1238,97,8,4,1335,12,2,0
05/01/2021,GUNNISON,0,2,0,0,2,0,1240,97,8,4,1337,12,2,0
05/04/2021,GUNNISON,1,0,0,0,1,0,1240,98,8,4,1338,12,1,0
05/05/2021,GUNNISON,0,1,0,0,1,0,1241,98,8,4,1339,12,1,0
05/06/2021,GUNNISON,0,1,0,0,1,0,1242,98,8,4,1340,12,1,0
05/07/2021,GUNNISON,0,1,0,0,1,0,1243,98,8,4,1341,12,1,0
05/08/2021,GUNNISON,0,1,0,0,1,0,1244,98,8,4,1342,12,1,0
05/09/2021,GUNNISON,0,1,0,0,1,0,1245,98,8,4,1343,12,1,0
05/11/2021,GUNNISON,0,3,0,0,3,0,1248,98,8,4,1346,12,3,0
05/12/2021,GUNNISON,0,3,0,0,3,0,1251,98,8,4,1349,12,3,0
05/14/2021,GUNNISON,0,4,0,0,4,0,1255,98,8,4,1353,12,4,0
05/16/2021,GUNNISON,0,1,0,0,1,0,1256,98,8,4,1354,12,1,0
05/17/2021,GUNNISON,0,1,0,0,1,0,1257,98,8,4,1355,12,1,0
05/19/2021,GUNNISON,0,2,0,0,2,0,1259,98,8,4,1357,12,2,0
05/20/2021,GUNNISON,0,2,0,0,2,0,1261,98,8,4,1359,12,2,0
05/21/2021,GUNNISON,0,3,0,0,3,0,1264,98,8,4,1362,12,3,0
05/22/2021,GUNNISON,0,1,0,0,1,0,1265,98,8,4,1363,12,1,0
05/29/2021,GUNNISON,0,2,0,0,2,0,1267,98,8,4,1365,12,2,0
06/02/2021,GUNNISON,0,3,0,1,3,1,1270,98,9,4,1368,13,3,1
06/03/2021,GUNNISON,0,1,0,0,1,0,1271,98,9,4,1369,13,1,0
06/04/2021,GUNNISON,0,4,0,0,4,0,1275,98,9,4,1373,13,4,0
06/07/2021,GUNNISON,2,1,0,0,3,0,1276,100,9,4,1376,13,3,0
06/08/2021,GUNNISON,0,4,0,0,4,0,1280,100,9,4,1380,13,4,0
06/09/2021,GUNNISON,0,2,0,0,2,0,1282,100,9,4,1382,13,2,0
06/12/2021,GUNNISON,0,2,0,0,2,0,1284,100,9,4,1384,13,2,0
06/14/2021,GUNNISON,0,1,0,0,1,0,1285,100,9,4,1385,13,1,0
06/16/2021,GUNNISON,0,1,0,0,1,0,1286,100,9,4,1386,13,1,0
06/18/2021,GUNNISON,0,1,0,0,1,0,1287,100,9,4,1387,13,1,0
06/19/2021,GUNNISON,0,2,0,0,2,0,1289,100,9,4,1389,13,2,0
06/21/2021,GUNNISON,0,2,0,0,2,0,1291,100,9,4,1391,13,2,0
06/23/2021,GUNNISON,0,1,0,0,1,0,1292,100,9,4,1392,13,1,0
06/24/2021,GUNNISON,0,3,0,0,3,0,1295,100,9,4,1395,13,3,0
06/25/2021,GUNNISON,1,5,0,0,6,0,1300,101,9,4,1401,13,6,0
06/29/2021,GUNNISON,0,4,0,0,4,0,1304,101,9,4,1405,13,4,0
06/30/2021,GUNNISON,0,2,0,0,2,0,1306,101,9,4,1407,13,2,0
07/01/2021,GUNNISON,0,1,0,0,1,0,1307,101,9,4,1408,13,1,0
07/08/2021,GUNNISON,0,1,0,0,1,0,1308,101,9,4,1409,13,1,0
07/12/2021,GUNNISON,0,3,0,0,3,0,1311,101,9,4,1412,13,3,0
07/15/2021,GUNNISON,0,1,0,0,1,0,1312,101,9,4,1413,13,1,0
07/16/2021,GUNNISON,1,0,0,0,1,0,1312,102,9,4,1414,13,1,0
07/21/2021,GUNNISON,0,2,0,0,2,0,1314,102,9,4,1416,13,2,0
07/23/2021,GUNNISON,0,1,0,0,1,0,1315,102,9,4,1417,13,1,0
07/24/2021,GUNNISON,0,1,0,0,1,0,1316,102,9,4,1418,13,1,0
07/26/2021,GUNNISON,0,2,0,0,2,0,1318,102,9,4,1420,13,2,0
07/27/2021,GUNNISON,3,1,0,0,4,0,1319,105,9,4,1424,13,4,0
07/28/2021,GUNNISON,1,4,0,0,5,0,1323,106,9,4,1429,13,5,0
07/29/2021,GUNNISON,1,6,0,0,7,0,1329,107,9,4,1436,13,7,0
07/30/2021,GUNNISON,1,2,0,0,3,0,1331,108,9,4,1439,13,3,0
07/31/2021,GUNNISON,0,3,0,0,3,0,1334,108,9,4,1442,13,3,0
08/02/2021,GUNNISON,0,1,0,0,1,0,1335,108,9,4,1443,13,1,0
08/03/2021,GUNNISON,0,4,0,0,4,0,1339,108,9,4,1447,13,4,0
08/04/2021,GUNNISON,0,5,0,0,5,0,1344,108,9,4,1452,13,5,0
08/05/2021,GUNNISON,0,3,0,0,3,0,1347,108,9,4,1455,13,3,0
08/06/2021,GUNNISON,0,7,0,0,7,0,1354,108,9,4,1462,13,7,0
08/07/2021,GUNNISON,0,2,0,0,2,0,1356,108,9,4,1464,13,2,0
08/09/2021,GUNNISON,0,2,0,0,2,0,1358,108,9,4,1466,13,2,0
08/12/2021,GUNNISON,1,4,0,0,5,0,1362,109,9,4,1471,13,5,0
08/13/2021,GUNNISON,0,7,0,0,7,0,1369,109,9,4,1478,13,7,0
08/14/2021,GUNNISON,0,3,0,0,3,0,1372,109,9,4,1481,13,3,0
08/15/2021,GUNNISON,0,2,0,0,2,0,1374,109,9,4,1483,13,2,0
08/16/2021,GUNNISON,0,4,0,1,4,1,1378,109,10,4,1487,14,4,1
08/17/2021,GUNNISON,0,4,0,0,4,0,1382,109,10,4,1491,14,4,0
08/19/2021,GUNNISON,0,6,0,0,6,0,1388,109,10,4,1497,14,6,0
08/20/2021,GUNNISON,1,9,0,0,10,0,1397,110,10,4,1507,14,10,0
08/21/2021,GUNNISON,0,13,0,0,13,0,1410,110,10,4,1520,14,13,0
08/22/2021,GUNNISON,0,2,0,0,2,0,1412,110,10,4,1522,14,2,0
08/23/2021,GUNNISON,1,4,0,0,5,0,1416,111,10,4,1527,14,5,0
08/24/2021,GUNNISON,0,2,0,0,2,0,1418,111,10,4,1529,14,2,0
08/25/2021,GUNNISON,2,18,0,0,20,0,1436,113,10,4,1549,14,20,0
08/26/2021,GUNNISON,0,1,0,0,1,0,1437,113,10,4,1550,14,1,0
08/27/2021,GUNNISON,0,11,0,0,11,0,1448,113,10,4,1561,14,11,0
08/28/2021,GUNNISON,0,4,0,0,4,0,1452,113,10,4,1565,14,4,0
08/30/2021,GUNNISON,2,7,0,0,9,0,1459,115,10,4,1574,14,9,0
08/31/2021,GUNNISON,0,10,0,0,10,0,1469,115,10,4,1584,14,10,0
09/01/2021,GUNNISON,0,6,0,0,6,0,1475,115,10,4,1590,14,6,0
09/02/2021,GUNNISON,0,3,0,0,3,0,1478,115,10,4,1593,14,3,0
09/03/2021,GUNNISON,0,19,0,0,19,0,1497,115,10,4,1612,14,19,0
09/04/2021,GUNNISON,0,2,0,0,2,0,1499,115,10,4,1614,14,2,0
09/06/2021,GUNNISON,0,2,0,0,2,0,1501,115,10,4,1616,14,2,0
09/07/2021,GUNNISON,0,2,0,0,2,0,1503,115,10,4,1618,14,2,0
09/08/2021,GUNNISON,0,5,0,0,5,0,1508,115,10,4,1623,14,5,0
09/09/2021,GUNNISON,0,2,0,0,2,0,1510,115,10,4,1625,14,2,0
09/10/2021,GUNNISON,0,29,0,0,29,0,1539,115,10,4,1654,14,29,0
09/11/2021,GUNNISON,0,9,0,0,9,0,1548,115,10,4,1663,14,9,0
09/12/2021,GUNNISON,0,2,0,0,2,0,1550,115,10,4,1665,14,2,0
09/13/2021,GUNNISON,2,2,0,0,4,0,1552,117,10,4,1669,14,4,0
09/14/2021,GUNNISON,0,2,0,0,2,0,1554,117,10,4,1671,14,2,0
09/15/2021,GUNNISON,0,12,0,0,12,0,1566,117,10,4,1683,14,12,0
09/16/2021,GUNNISON,0,9,0,0,9,0,1575,117,10,4,1692,14,9,0
09/17/2021,GUNNISON,0,5,0,0,5,0,1580,117,10,4,1697,14,5,0
09/18/2021,GUNNISON,0,6,0,0,6,0,1586,117,10,4,1703,14,6,0
09/19/2021,GUNNISON,0,1,0,1,1,1,1587,117,11,4,1704,15,1,1
09/20/2021,GUNNISON,2,1,0,0,3,0,1588,119,11,4,1707,15,3,0
09/21/2021,GUNNISON,0,4,0,0,4,0,1592,119,11,4,1711,15,4,0
09/22/2021,GUNNISON,0,14,0,1,14,1,1606,119,12,4,1725,16,14,1
09/23/2021,GUNNISON,0,5,0,1,5,1,1611,119,13,4,1730,17,5,1
09/24/2021,GUNNISON,4,2,0,0,6,0,1613,123,13,4,1736,17,6,0
09/25/2021,GUNNISON,0,7,0,0,7,0,1620,123,13,4,1743,17,7,0
09/27/2021,GUNNISON,1,2,0,0,3,0,1622,124,13,4,1746,17,3,0
09/28/2021,GUNNISON,0,1,0,0,1,0,1623,124,13,4,1747,17,1,0
09/29/2021,GUNNISON,1,1,0,0,2,0,1624,125,13,4,1749,17,2,0
09/30/2021,GUNNISON,0,6,0,0,6,0,1630,125,13,4,1755,17,6,0
10/01/2021,GUNNISON,1,9,0,0,10,0,1639,126,13,4,1765,17,10,0
10/02/2021,GUNNISON,0,4,0,0,4,0,1643,126,13,4,1769,17,4,0
10/03/2021,GUNNISON,0,1,0,0,1,0,1644,126,13,4,1770,17,1,0
10/04/2021,GUNNISON,2,1,0,0,3,0,1645,128,13,4,1773,17,3,0
10/05/2021,GUNNISON,1,3,0,0,4,0,1648,129,13,4,1777,17,4,0
10/06/2021,GUNNISON,1,9,0,0,10,0,1657,130,13,4,1787,17,10,0
10/07/2021,GUNNISON,0,7,0,0,7,0,1664,130,13,4,1794,17,7,0
10/08/2021,GUNNISON,2,2,1,0,4,1,1666,132,13,5,1798,18,4,1
10/09/2021,GUNNISON,0,3,0,0,3,0,1669,132,13,5,1801,18,3,0
10/11/2021,GUNNISON,1,2,0,0,3,0,1671,133,13,5,1804,18,3,0
10/12/2021,GUNNISON,0,2,0,0,2,0,1673,133,13,5,1806,18,2,0
10/13/2021,GUNNISON,0,5,0,0,5,0,1678,133,13,5,1811,18,5,0
10/14/2021,GUNNISON,0,5,0,0,5,0,1683,133,13,5,1816,18,5,0
10/15/2021,GUNNISON,0,3,0,0,3,0,1686,133,13,5,1819,18,3,0
10/16/2021,GUNNISON,0,2,0,0,2,0,1688,133,13,5,1821,18,2,0
10/18/2021,GUNNISON,0,1,0,0,1,0,1689,133,13,5,1822,18,1,0
10/19/2021,GUNNISON,0,2,0,0,2,0,1691,133,13,5,1824,18,2,0
10/20/2021,GUNNISON,0,2,0,0,2,0,1693,133,13,5,1826,18,2,0
10/21/2021,GUNNISON,0,4,0,0,4,0,1697,133,13,5,1830,18,4,0
10/22/2021,GUNNISON,0,5,0,0,5,0,1702,133,13,5,1835,18,5,0
10/23/2021,GUNNISON,0,1,0,0,1,0,1703,133,13,5,1836,18,1,0
10/24/2021,GUNNISON,1,1,0,0,2,0,1704,134,13,5,1838,18,2,0
10/25/2021,GUNNISON,1,2,0,0,3,0,1706,135,13,5,1841,18,3,0
10/26/2021,GUNNISON,1,5,0,0,6,0,1711,136,13,5,1847,18,6,0
10/27/2021,GUNNISON,0,5,0,0,5,0,1716,136,13,5,1852,18,5,0
10/28/2021,GUNNISON,0,2,0,0,2,0,1718,136,13,5,1854,18,2,0
10/30/2021,GUNNISON,0,5,0,0,5,0,1723,136,13,5,1859,18,5,0
10/31/2021,GUNNISON,0,1,0,0,1,0,1724,136,13,5,1860,18,1,0
11/01/2021,GUNNISON,1,0,0,0,1,0,1724,137,13,5,1861,18,1,0
11/02/2021,GUNNISON,0,5,0,0,5,0,1729,137,13,5,1866,18,5,0
11/03/2021,GUNNISON,0,6,0,0,6,0,1735,137,13,5,1872,18,6,0
11/04/2021,GUNNISON,0,5,0,0,5,0,1740,137,13,5,1877,18,5,0
11/05/2021,GUNNISON,0,4,0,0,4,0,1744,137,13,5,1881,18,4,0
11/06/2021,GUNNISON,0,3,0,0,3,0,1747,137,13,5,1884,18,3,0
11/07/2021,GUNNISON,0,2,0,0,2,0,1749,137,13,5,1886,18,2,0
11/08/2021,GUNNISON,3,5,0,0,8,0,1754,140,13,5,1894,18,8,0
11/09/2021,GUNNISON,0,3,0,0,3,0,1757,140,13,5,1897,18,3,0
11/10/2021,GUNNISON,0,8,0,0,8,0,1765,140,13,5,1905,18,8,0
11/11/2021,GUNNISON,0,6,0,0,6,0,1771,140,13,5,1911,18,6,0
11/12/2021,GUNNISON,0,7,0,0,7,0,1778,140,13,5,1918,18,7,0
11/13/2021,GUNNISON,0,3,0,0,3,0,1781,140,13,5,1921,18,3,0
11/14/2021,GUNNISON,0,2,0,0,2,0,1783,140,13,5,1923,18,2,0
11/15/2021,GUNNISON,2,3,0,0,5,0,1786,142,13,5,1928,18,5,0
11/16/2021,GUNNISON,5,15,0,0,20,0,1801,147,13,5,1948,18,20,0
11/17/2021,GUNNISON,0,8,0,0,8,0,1809,147,13,5,1956,18,8,0
11/18/2021,GUNNISON,4,5,0,0,9,0,1814,151,13,5,1965,18,9,0
11/19/2021,GUNNISON,5,9,0,0,14,0,1823,156,13,5,1979,18,14,0
11/20/2021,GUNNISON,0,2,0,0,2,0,1825,156,13,5,1981,18,2,0
11/22/2021,GUNNISON,2,5,0,0,7,0,1830,158,13,5,1988,18,7,0
11/23/2021,GUNNISON,0,7,0,0,7,0,1837,158,13,5,1995,18,7,0
11/24/2021,GUNNISON,0,4,0,0,4,0,1841,158,13,5,1999,18,4,0
11/26/2021,GUNNISON,0,3,0,0,3,0,1844,158,13,5,2002,18,3,0
11/29/2021,GUNNISON,1,3,0,0,4,0,1847,159,13,5,2006,18,4,0
11/30/2021,GUNNISON,1,11,0,0,12,0,1858,160,13,5,2018,18,12,0
12/01/2021,GUNNISON,0,11,0,0,11,0,1869,160,13,5,2029,18,11,0
12/02/2021,GUNNISON,0,1,0,0,1,0,1870,160,13,5,2030,18,1,0
12/03/2021,GUNNISON,4,8,0,0,12,0,1878,164,13,5,2042,18,12,0
12/04/2021,GUNNISON,0,7,0,0,7,0,1885,164,13,5,2049,18,7,0
12/06/2021,GUNNISON,0,2,0,0,2,0,1887,164,13,5,2051,18,2,0
12/07/2021,GUNNISON,1,4,0,0,5,0,1891,165,13,5,2056,18,5,0
12/08/2021,GUNNISON,1,7,0,0,8,0,1898,166,13,5,2064,18,8,0
12/09/2021,GUNNISON,1,4,0,1,5,1,1902,167,14,5,2069,19,5,1
12/10/2021,GUNNISON,7,7,0,0,14,0,1909,174,14,5,2083,19,14,0
12/13/2021,GUNNISON,0,3,0,0,3,0,1912,174,14,5,2086,19,3,0
12/14/2021,GUNNISON,2,1,0,0,3,0,1913,176,14,5,2089,19,3,0
12/15/2021,GUNNISON,2,1,0,0,3,0,1914,178,14,5,2092,19,3,0
12/16/2021,GUNNISON,0,1,0,0,1,0,1915,178,14,5,2093,19,1,0
12/17/2021,GUNNISON,2,1,0,0,3,0,1916,180,14,5,2096,19,3,0
12/18/2021,GUNNISON,0,1,0,0,1,0,1917,180,14,5,2097,19,1,0
12/20/2021,GUNNISON,1,4,0,0,5,0,1921,181,14,5,2102,19,5,0
12/21/2021,GUNNISON,0,8,0,0,8,0,1929,181,14,5,2110,19,8,0
12/22/2021,GUNNISON,0,7,0,0,7,0,1936,181,14,5,2117,19,7,0
12/23/2021,GUNNISON,0,21,0,0,21,0,1957,181,14,5,2138,19,21,0
12/24/2021,GUNNISON,2,0,0,0,2,0,1957,183,14,5,2140,19,2,0
12/25/2021,GUNNISON,0,1,0,0,1,0,1958,183,14,5,2141,19,1,0
12/26/2021,GUNNISON,0,2,0,0,2,0,1960,183,14,5,2143,19,2,0
12/28/2021,GUNNISON,2,16,0,0,18,0,1976,185,14,5,2161,19,18,0
12/29/2021,GUNNISON,0,24,0,0,24,0,2000,185,14,5,2185,19,24,0
12/30/2021,GUNNISON,0,31,0,0,31,0,2031,185,14,5,2216,19,31,0
12/31/2021,GUNNISON,4,33,0,0,37,0,2064,189,14,5,2253,19,37,0
01/01/2022,GUNNISON,2,7,0,0,9,0,2071,191,14,5,2262,19,9,0
01/02/2022,GUNNISON,9,4,0,0,13,0,2075,200,14,5,2275,19,13,0
01/03/2022,GUNNISON,6,11,0,0,17,0,2086,206,14,5,2292,19,17,0
01/04/2022,GUNNISON,5,78,0,0,83,0,2164,211,14,5,2375,19,83,0
01/05/2022,GUNNISON,6,45,0,0,51,0,2209,217,14,5,2426,19,51,0
01/06/2022,GUNNISON,3,80,0,0,83,0,2289,220,14,5,2509,19,83,0
01/07/2022,GUNNISON,1,68,0,0,69,0,2357,221,14,5,2578,19,69,0
01/08/2022,GUNNISON,2,59,0,0,61,0,2416,223,14,5,2639,19,61,0
01/09/2022,GUNNISON,0,32,0,0,32,0,2448,223,14,5,2671,19,32,0
01/10/2022,GUNNISON,2,24,0,0,26,0,2472,225,14,5,2697,19,26,0
01/11/2022,GUNNISON,2,26,0,0,28,0,2498,227,14,5,2725,19,28,0
01/12/2022,GUNNISON,2,35,0,0,37,0,2533,229,14,5,2762,19,37,0
01/13/2022,GUNNISON,3,48,0,0,51,0,2581,232,14,5,2813,19,51,0
01/14/2022,GUNNISON,1,18,0,0,19,0,2599,233,14,5,2832,19,19,0
01/15/2022,GUNNISON,0,88,0,0,88,0,2687,233,14,5,2920,19,88,0
01/16/2022,GUNNISON,0,2,0,0,2,0,2689,233,14,5,2922,19,2,0
01/17/2022,GUNNISON,0,31,0,0,31,0,2720,233,14,5,2953,19,31,0
01/18/2022,GUNNISON,0,23,0,0,23,0,2743,233,14,5,2976,19,23,0
01/19/2022,GUNNISON,0,30,0,0,30,0,2773,233,14,5,3006,19,30,0
01/20/2022,GUNNISON,2,43,0,0,45,0,2816,235,14,5,3051,19,45,0
01/21/2022,GUNNISON,1,14,0,0,15,0,2830,236,14,5,3066,19,15,0
01/22/2022,GUNNISON,2,18,0,0,20,0,2848,238,14,5,3086,19,20,0
01/23/2022,GUNNISON,0,17,0,0,17,0,2865,238,14,5,3103,19,17,0
01/24/2022,GUNNISON,2,14,1,0,16,1,2879,240,14,6,3119,20,16,1
01/25/2022,GUNNISON,0,11,0,0,11,0,2890,240,14,6,3130,20,11,0
01/26/2022,GUNNISON,1,11,0,0,12,0,2901,241,14,6,3142,20,12,0
01/27/2022,GUNNISON,0,12,0,0,12,0,2913,241,14,6,3154,20,12,0
01/28/2022,GUNNISON,8,25,0,0,33,0,2938,249,14,6,3187,20,33,0
01/29/2022,GUNNISON,0,3,0,0,3,0,2941,249,14,6,3190,20,3,0
01/30/2022,GUNNISON,0,2,0,0,2,0,2943,249,14,6,3192,20,2,0
01/31/2022,GUNNISON,1,2,0,0,3,0,2945,250,14,6,3195,20,3,0
02/01/2022,GUNNISON,2,8,0,0,10,0,2953,252,14,6,3205,20,10,0
02/02/2022,GUNNISON,2,14,0,0,16,0,2967,254,14,6,3221,20,16,0
02/03/2022,GUNNISON,2,11,0,0,13,0,2978,256,14,6,3234,20,13,0
02/04/2022,GUNNISON,5,0,0,0,5,0,2978,261,14,6,3239,20,5,0
02/05/2022,GUNNISON,0,1,0,0,1,0,2979,261,14,6,3240,20,1,0
02/06/2022,GUNNISON,0,1,0,0,1,0,2980,261,14,6,3241,20,1,0
02/07/2022,GUNNISON,0,2,0,0,2,0,2982,261,14,6,3243,20,2,0
02/08/2022,GUNNISON,1,7,0,0,8,0,2989,262,14,6,3251,20,8,0
02/09/2022,GUNNISON,1,6,0,0,7,0,2995,263,14,6,3258,20,7,0
02/10/2022,GUNNISON,4,4,0,0,8,0,2999,267,14,6,3266,20,8,0
02/11/2022,GUNNISON,0,4,0,0,4,0,3003,267,14,6,3270,20,4,0
02/12/2022,GUNNISON,0,1,0,0,1,0,3004,267,14,6,3271,20,1,0
02/14/2022,GUNNISON,0,5,0,0,5,0,3009,267,14,6,3276,20,5,0
02/15/2022,GUNNISON,1,4,0,0,5,0,3013,268,14,6,3281,20,5,0
02/16/2022,GUNNISON,2,5,0,0,7,0,3018,270,14,6,3288,20,7,0
02/17/2022,GUNNISON,0,3,0,0,3,0,3021,270,14,6,3291,20,3,0
02/18/2022,GUNNISON,1,6,0,0,7,0,3027,271,14,6,3298,20,7,0
02/22/2022,GUNNISON,1,2,0,0,3,0,3029,272,14,6,3301,20,3,0
02/23/2022,GUNNISON,1,0,0,0,1,0,3029,273,14,6,3302,20,1,0
02/25/2022,GUNNISON,0,2,0,0,2,0,3031,273,14,6,3304,20,2,0
02/28/2022,GUNNISON,1,2,0,0,3,0,3033,274,14,6,3307,20,3,0
03/01/2022,GUNNISON,0,1,0,0,1,0,3034,274,14,6,3308,20,1,0
03/03/2022,GUNNISON,0,1,0,0,1,0,3035,274,14,6,3309,20,1,0
03/04/2022,GUNNISON,0,1,0,0,1,0,3036,274,14,6,3310,20,1,0
03/05/2022,GUNNISON,0,1,0,0,1,0,3037,274,14,6,3311,20,1,0
03/08/2022,GUNNISON,0,1,0,0,1,0,3038,274,14,6,3312,20,1,0
03/10/2022,GUNNISON,1,0,0,0,1,0,3038,275,14,6,3313,20,1,0
03/11/2022,GUNNISON,0,6,0,0,6,0,3044,275,14,6,3319,20,6,0
03/14/2022,GUNNISON,0,2,0,0,2,0,3046,275,14,6,3321,20,2,0
03/15/2022,GUNNISON,0,2,0,0,2,0,3048,275,14,6,3323,20,2,0
03/16/2022,GUNNISON,1,1,0,0,2,0,3049,276,14,6,3325,20,2,0
03/17/2022,GUNNISON,0,2,0,0,2,0,3051,276,14,6,3327,20,2,0
03/20/2020,HINSDALE,0,1,0,0,1,0,1,0,0,0,1,0,-3326,-20
04/11/2020,HINSDALE,0,1,0,0,1,0,2,0,0,0,2,0,1,0
04/13/2020,HINSDALE,1,0,0,0,1,0,2,1,0,0,3,0,1,0
10/30/2020,HINSDALE,0,1,0,0,1,0,3,1,0,0,4,0,1,0
11/03/2020,HINSDALE,2,0,0,0,2,0,3,3,0,0,6,0,2,0
11/06/2020,HINSDALE,0,1,0,0,1,0,4,3,0,0,7,0,1,0
11/10/2020,HINSDALE,0,1,0,0,1,0,5,3,0,0,8,0,1,0
11/16/2020,HINSDALE,0,1,0,0,1,0,6,3,0,0,9,0,1,0
11/19/2020,HINSDALE,0,1,0,0,1,0,7,3,0,0,10,0,1,0
11/21/2020,HINSDALE,0,2,0,0,2,0,9,3,0,0,12,0,2,0
11/28/2020,HINSDALE,1,0,0,0,1,0,9,4,0,0,13,0,1,0
11/30/2020,HINSDALE,1,0,0,0,1,0,9,5,0,0,14,0,1,0
12/08/2020,HINSDALE,1,0,0,0,1,0,9,6,0,0,15,0,1,0
12/09/2020,HINSDALE,1,0,0,0,1,0,9,7,0,0,16,0,1,0
12/10/2020,HINSDALE,1,0,0,0,1,0,9,8,0,0,17,0,1,0
12/30/2020,HINSDALE,0,1,0,0,1,0,10,8,0,0,18,0,1,0
01/06/2021,HINSDALE,1,0,0,0,1,0,10,9,0,0,19,0,1,0
02/08/2021,HINSDALE,1,0,0,0,1,0,10,10,0,0,20,0,1,0
06/07/2021,HINSDALE,1,0,0,0,1,0,10,11,0,0,21,0,1,0
06/26/2021,HINSDALE,0,1,0,0,1,0,11,11,0,0,22,0,1,0
06/28/2021,HINSDALE,1,0,0,0,1,0,11,12,0,0,23,0,1,0
06/29/2021,HINSDALE,1,0,0,0,1,0,11,13,0,0,24,0,1,0
07/02/2021,HINSDALE,2,0,0,0,2,0,11,15,0,0,26,0,2,0
07/05/2021,HINSDALE,0,2,0,0,2,0,13,15,0,0,28,0,2,0
07/11/2021,HINSDALE,0,1,0,0,1,0,14,15,0,0,29,0,1,0
07/13/2021,HINSDALE,1,1,0,0,2,0,15,16,0,0,31,0,2,0
07/22/2021,HINSDALE,0,1,0,0,1,0,16,16,0,0,32,0,1,0
07/23/2021,HINSDALE,1,0,0,0,1,0,16,17,0,0,33,0,1,0
07/28/2021,HINSDALE,1,0,0,0,1,0,16,18,0,0,34,0,1,0
07/30/2021,HINSDALE,0,1,0,0,1,0,17,18,0,0,35,0,1,0
08/05/2021,HINSDALE,1,0,0,0,1,0,17,19,0,0,36,0,1,0
08/06/2021,HINSDALE,2,0,0,0,2,0,17,21,0,0,38,0,2,0
08/09/2021,HINSDALE,1,0,0,0,1,0,17,22,0,0,39,0,1,0
08/10/2021,HINSDALE,1,0,0,0,1,0,17,23,0,0,40,0,1,0
08/19/2021,HINSDALE,2,0,0,0,2,0,17,25,0,0,42,0,2,0
08/23/2021,HINSDALE,2,0,0,0,2,0,17,27,0,0,44,0,2,0
08/25/2021,HINSDALE,3,0,0,0,3,0,17,30,0,0,47,0,3,0
08/26/2021,HINSDALE,2,0,0,0,2,0,17,32,0,0,49,0,2,0
09/02/2021,HINSDALE,1,0,0,0,1,0,17,33,0,0,50,0,1,0
09/07/2021,HINSDALE,1,0,0,0,1,0,17,34,0,0,51,0,1,0
09/09/2021,HINSDALE,1,0,0,0,1,0,17,35,0,0,52,0,1,0
09/11/2021,HINSDALE,0,1,0,0,1,0,18,35,0,0,53,0,1,0
09/21/2021,HINSDALE,1,0,0,0,1,0,18,36,0,0,54,0,1,0
10/04/2021,HINSDALE,1,0,0,0,1,0,18,37,0,0,55,0,1,0
10/15/2021,HINSDALE,1,0,0,0,1,0,18,38,0,0,56,0,1,0
10/21/2021,HINSDALE,1,0,0,0,1,0,18,39,0,0,57,0,1,0
10/22/2021,HINSDALE,0,2,0,0,2,0,20,39,0,0,59,0,2,0
10/25/2021,HINSDALE,0,1,0,0,1,0,21,39,0,0,60,0,1,0
11/01/2021,HINSDALE,1,0,0,0,1,0,21,40,0,0,61,0,1,0
11/04/2021,HINSDALE,1,0,0,0,1,0,21,41,0,0,62,0,1,0
11/08/2021,HINSDALE,2,0,0,0,2,0,21,43,0,0,64,0,2,0
11/16/2021,HINSDALE,1,0,0,0,1,0,21,44,0,0,65,0,1,0
11/30/2021,HINSDALE,0,1,0,0,1,0,22,44,0,0,66,0,1,0
12/14/2021,HINSDALE,1,1,0,0,2,0,23,45,0,0,68,0,2,0
12/15/2021,HINSDALE,1,0,0,0,1,0,23,46,0,0,69,0,1,0
12/20/2021,HINSDALE,1,0,0,0,1,0,23,47,0,0,70,0,1,0
01/03/2022,HINSDALE,2,0,0,0,2,0,23,49,0,0,72,0,2,0
01/04/2022,HINSDALE,1,0,0,0,1,0,23,50,0,0,73,0,1,0
01/05/2022,HINSDALE,3,0,0,0,3,0,23,53,0,0,76,0,3,0
01/06/2022,HINSDALE,1,2,0,0,3,0,25,54,0,0,79,0,3,0
01/07/2022,HINSDALE,1,0,0,0,1,0,25,55,0,0,80,0,1,0
01/10/2022,HINSDALE,0,1,0,0,1,0,26,55,0,0,81,0,1,0
01/11/2022,HINSDALE,13,0,0,0,13,0,26,68,0,0,94,0,13,0
01/13/2022,HINSDALE,4,0,0,0,4,0,26,72,0,0,98,0,4,0
01/14/2022,HINSDALE,6,0,0,0,6,0,26,78,0,0,104,0,6,0
01/18/2022,HINSDALE,2,0,0,0,2,0,26,80,0,0,106,0,2,0
01/20/2022,HINSDALE,1,0,0,0,1,0,26,81,0,0,107,0,1,0
01/22/2022,HINSDALE,0,2,0,0,2,0,28,81,0,0,109,0,2,0
01/24/2022,HINSDALE,4,3,0,0,7,0,31,85,0,0,116,0,7,0
01/26/2022,HINSDALE,2,0,0,0,2,0,31,87,0,0,118,0,2,0
01/31/2022,HINSDALE,1,0,0,0,1,0,31,88,0,0,119,0,1,0
02/07/2022,HINSDALE,1,0,0,0,1,0,31,89,0,0,120,0,1,0
02/08/2022,HINSDALE,1,0,0,0,1,0,31,90,0,0,121,0,1,0
02/12/2022,HINSDALE,1,0,0,0,1,0,31,91,0,0,122,0,1,0
03/10/2022,HINSDALE,1,0,0,0,1,0,31,92,0,0,123,0,1,0
03/23/2020,HUERFANO,0,1,0,0,1,0,1,0,0,0,1,0,-122,0
04/24/2020,HUERFANO,0,1,0,0,1,0,2,0,0,0,2,0,1,0
05/07/2020,HUERFANO,0,1,0,0,1,0,3,0,0,0,3,0,1,0
06/19/2020,HUERFANO,0,1,0,1,1,1,4,0,1,0,4,1,1,1
07/10/2020,HUERFANO,0,1,0,0,1,0,5,0,1,0,5,1,1,0
07/21/2020,HUERFANO,0,1,0,1,1,1,6,0,2,0,6,2,1,1
08/04/2020,HUERFANO,0,1,0,0,1,0,7,0,2,0,7,2,1,0
08/05/2020,HUERFANO,0,1,0,0,1,0,8,0,2,0,8,2,1,0
08/27/2020,HUERFANO,0,1,0,0,1,0,9,0,2,0,9,2,1,0
09/06/2020,HUERFANO,0,1,0,0,1,0,10,0,2,0,10,2,1,0
09/15/2020,HUERFANO,0,2,0,0,2,0,12,0,2,0,12,2,2,0
09/16/2020,HUERFANO,0,1,0,0,1,0,13,0,2,0,13,2,1,0
09/19/2020,HUERFANO,0,1,0,0,1,0,14,0,2,0,14,2,1,0
09/21/2020,HUERFANO,0,1,0,0,1,0,15,0,2,0,15,2,1,0
09/22/2020,HUERFANO,0,4,0,0,4,0,19,0,2,0,19,2,4,0
09/24/2020,HUERFANO,0,2,0,0,2,0,21,0,2,0,21,2,2,0
09/25/2020,HUERFANO,0,3,0,0,3,0,24,0,2,0,24,2,3,0
09/28/2020,HUERFANO,0,1,0,0,1,0,25,0,2,0,25,2,1,0
10/01/2020,HUERFANO,0,1,0,0,1,0,26,0,2,0,26,2,1,0
10/07/2020,HUERFANO,0,1,0,0,1,0,27,0,2,0,27,2,1,0
10/10/2020,HUERFANO,0,1,0,0,1,0,28,0,2,0,28,2,1,0
10/12/2020,HUERFANO,0,1,0,0,1,0,29,0,2,0,29,2,1,0
10/15/2020,HUERFANO,0,1,0,0,1,0,30,0,2,0,30,2,1,0
10/18/2020,HUERFANO,0,1,0,0,1,0,31,0,2,0,31,2,1,0
10/20/2020,HUERFANO,0,3,0,0,3,0,34,0,2,0,34,2,3,0
10/21/2020,HUERFANO,0,1,0,0,1,0,35,0,2,0,35,2,1,0
10/29/2020,HUERFANO,0,1,0,0,1,0,36,0,2,0,36,2,1,0
10/30/2020,HUERFANO,0,1,0,0,1,0,37,0,2,0,37,2,1,0
10/31/2020,HUERFANO,0,2,0,0,2,0,39,0,2,0,39,2,2,0
11/02/2020,HUERFANO,0,1,0,0,1,0,40,0,2,0,40,2,1,0
11/03/2020,HUERFANO,0,5,0,1,5,1,45,0,3,0,45,3,5,1
11/04/2020,HUERFANO,0,4,0,0,4,0,49,0,3,0,49,3,4,0
11/05/2020,HUERFANO,0,2,0,1,2,1,51,0,4,0,51,4,2,1
11/07/2020,HUERFANO,0,1,0,0,1,0,52,0,4,0,52,4,1,0
11/08/2020,HUERFANO,0,1,0,0,1,0,53,0,4,0,53,4,1,0
11/09/2020,HUERFANO,0,8,0,0,8,0,61,0,4,0,61,4,8,0
11/10/2020,HUERFANO,0,7,0,0,7,0,68,0,4,0,68,4,7,0
11/11/2020,HUERFANO,0,7,0,0,7,0,75,0,4,0,75,4,7,0
11/12/2020,HUERFANO,0,4,0,0,4,0,79,0,4,0,79,4,4,0
11/13/2020,HUERFANO,0,7,0,0,7,0,86,0,4,0,86,4,7,0
11/14/2020,HUERFANO,0,3,0,0,3,0,89,0,4,0,89,4,3,0
11/15/2020,HUERFANO,0,6,0,0,6,0,95,0,4,0,95,4,6,0
11/16/2020,HUERFANO,0,4,0,0,4,0,99,0,4,0,99,4,4,0
11/17/2020,HUERFANO,0,3,0,0,3,0,102,0,4,0,102,4,3,0
11/18/2020,HUERFANO,0,3,0,0,3,0,105,0,4,0,105,4,3,0
11/19/2020,HUERFANO,0,5,0,0,5,0,110,0,4,0,110,4,5,0
11/20/2020,HUERFANO,0,10,0,2,10,2,120,0,6,0,120,6,10,2
11/21/2020,HUERFANO,0,1,0,0,1,0,121,0,6,0,121,6,1,0
11/22/2020,HUERFANO,0,10,0,0,10,0,131,0,6,0,131,6,10,0
11/23/2020,HUERFANO,0,2,0,0,2,0,133,0,6,0,133,6,2,0
11/24/2020,HUERFANO,0,2,0,0,2,0,135,0,6,0,135,6,2,0
11/25/2020,HUERFANO,0,12,0,2,12,2,147,0,8,0,147,8,12,2
11/26/2020,HUERFANO,0,13,0,1,13,1,160,0,9,0,160,9,13,1
11/27/2020,HUERFANO,0,2,0,0,2,0,162,0,9,0,162,9,2,0
11/28/2020,HUERFANO,0,8,0,1,8,1,170,0,10,0,170,10,8,1
11/29/2020,HUERFANO,0,10,0,1,10,1,180,0,11,0,180,11,10,1
11/30/2020,HUERFANO,0,12,0,0,12,0,192,0,11,0,192,11,12,0
12/01/2020,HUERFANO,0,3,0,0,3,0,195,0,11,0,195,11,3,0
12/02/2020,HUERFANO,0,3,0,1,3,1,198,0,12,0,198,12,3,1
12/03/2020,HUERFANO,0,12,0,0,12,0,210,0,12,0,210,12,12,0
12/04/2020,HUERFANO,0,4,0,0,4,0,214,0,12,0,214,12,4,0
12/05/2020,HUERFANO,0,3,0,1,3,1,217,0,13,0,217,13,3,1
12/06/2020,HUERFANO,0,7,0,1,7,1,224,0,14,0,224,14,7,1
12/07/2020,HUERFANO,0,11,0,0,11,0,235,0,14,0,235,14,11,0
12/09/2020,HUERFANO,0,6,0,0,6,0,241,0,14,0,241,14,6,0
12/10/2020,HUERFANO,0,2,0,0,2,0,243,0,14,0,243,14,2,0
12/11/2020,HUERFANO,0,5,0,0,5,0,248,0,14,0,248,14,5,0
12/12/2020,HUERFANO,0,2,0,0,2,0,250,0,14,0,250,14,2,0
12/13/2020,HUERFANO,0,2,0,0,2,0,252,0,14,0,252,14,2,0
12/14/2020,HUERFANO,0,1,0,0,1,0,253,0,14,0,253,14,1,0
12/15/2020,HUERFANO,0,2,0,1,2,1,255,0,15,0,255,15,2,1
12/17/2020,HUERFANO,0,2,0,0,2,0,257,0,15,0,257,15,2,0
12/18/2020,HUERFANO,0,5,0,1,5,1,262,0,16,0,262,16,5,1
12/19/2020,HUERFANO,0,4,0,0,4,0,266,0,16,0,266,16,4,0
12/20/2020,HUERFANO,0,1,0,0,1,0,267,0,16,0,267,16,1,0
12/21/2020,HUERFANO,0,1,0,0,1,0,268,0,16,0,268,16,1,0
12/22/2020,HUERFANO,0,1,0,0,1,0,269,0,16,0,269,16,1,0
12/23/2020,HUERFANO,0,3,0,0,3,0,272,0,16,0,272,16,3,0
12/24/2020,HUERFANO,0,1,0,0,1,0,273,0,16,0,273,16,1,0
12/25/2020,HUERFANO,0,2,0,0,2,0,275,0,16,0,275,16,2,0
12/26/2020,HUERFANO,0,1,0,0,1,0,276,0,16,0,276,16,1,0
12/29/2020,HUERFANO,0,1,0,1,1,1,277,0,17,0,277,17,1,1
01/01/2021,HUERFANO,0,3,0,0,3,0,280,0,17,0,280,17,3,0
01/03/2021,HUERFANO,0,1,0,0,1,0,281,0,17,0,281,17,1,0
01/05/2021,HUERFANO,0,1,0,0,1,0,282,0,17,0,282,17,1,0
01/08/2021,HUERFANO,0,1,0,0,1,0,283,0,17,0,283,17,1,0
01/09/2021,HUERFANO,0,1,0,0,1,0,284,0,17,0,284,17,1,0
01/12/2021,HUERFANO,0,1,0,0,1,0,285,0,17,0,285,17,1,0
01/15/2021,HUERFANO,0,2,0,0,2,0,287,0,17,0,287,17,2,0
01/16/2021,HUERFANO,0,1,0,0,1,0,288,0,17,0,288,17,1,0
01/21/2021,HUERFANO,0,1,0,0,1,0,289,0,17,0,289,17,1,0
01/26/2021,HUERFANO,0,1,0,0,1,0,290,0,17,0,290,17,1,0
01/27/2021,HUERFANO,0,3,0,0,3,0,293,0,17,0,293,17,3,0
01/28/2021,HUERFANO,0,1,0,0,1,0,294,0,17,0,294,17,1,0
01/29/2021,HUERFANO,0,1,0,0,1,0,295,0,17,0,295,17,1,0
01/30/2021,HUERFANO,0,1,0,0,1,0,296,0,17,0,296,17,1,0
02/06/2021,HUERFANO,0,1,0,0,1,0,297,0,17,0,297,17,1,0
02/09/2021,HUERFANO,0,1,0,0,1,0,298,0,17,0,298,17,1,0
02/10/2021,HUERFANO,0,2,0,0,2,0,300,0,17,0,300,17,2,0
02/11/2021,HUERFANO,0,1,0,0,1,0,301,0,17,0,301,17,1,0
02/12/2021,HUERFANO,0,1,0,0,1,0,302,0,17,0,302,17,1,0
02/19/2021,HUERFANO,0,1,0,0,1,0,303,0,17,0,303,17,1,0
02/23/2021,HUERFANO,0,6,0,0,6,0,309,0,17,0,309,17,6,0
02/24/2021,HUERFANO,0,1,0,0,1,0,310,0,17,0,310,17,1,0
02/25/2021,HUERFANO,0,3,0,0,3,0,313,0,17,0,313,17,3,0
03/01/2021,HUERFANO,1,0,0,0,1,0,313,1,17,0,314,17,1,0
03/02/2021,HUERFANO,1,1,0,0,2,0,314,2,17,0,316,17,2,0
03/03/2021,HUERFANO,0,2,0,0,2,0,316,2,17,0,318,17,2,0
03/05/2021,HUERFANO,0,1,0,0,1,0,317,2,17,0,319,17,1,0
03/09/2021,HUERFANO,0,4,0,0,4,0,321,2,17,0,323,17,4,0
03/10/2021,HUERFANO,1,2,0,0,3,0,323,3,17,0,326,17,3,0
03/13/2021,HUERFANO,0,1,0,0,1,0,324,3,17,0,327,17,1,0
03/14/2021,HUERFANO,0,1,0,0,1,0,325,3,17,0,328,17,1,0
03/16/2021,HUERFANO,0,1,0,0,1,0,326,3,17,0,329,17,1,0
03/17/2021,HUERFANO,0,4,0,0,4,0,330,3,17,0,333,17,4,0
03/19/2021,HUERFANO,0,1,0,0,1,0,331,3,17,0,334,17,1,0
03/22/2021,HUERFANO,1,0,0,0,1,0,331,4,17,0,335,17,1,0
03/23/2021,HUERFANO,0,1,0,0,1,0,332,4,17,0,336,17,1,0
03/24/2021,HUERFANO,1,1,0,0,2,0,333,5,17,0,338,17,2,0
03/25/2021,HUERFANO,0,1,0,1,1,1,334,5,18,0,339,18,1,1
03/27/2021,HUERFANO,1,0,0,0,1,0,334,6,18,0,340,18,1,0
03/29/2021,HUERFANO,0,1,0,0,1,0,335,6,18,0,341,18,1,0
03/30/2021,HUERFANO,0,1,0,0,1,0,336,6,18,0,342,18,1,0
04/01/2021,HUERFANO,0,1,0,0,1,0,337,6,18,0,343,18,1,0
04/05/2021,HUERFANO,0,1,0,0,1,0,338,6,18,0,344,18,1,0
04/10/2021,HUERFANO,0,5,0,0,5,0,343,6,18,0,349,18,5,0
04/11/2021,HUERFANO,0,1,0,0,1,0,344,6,18,0,350,18,1,0
04/12/2021,HUERFANO,1,0,0,0,1,0,344,7,18,0,351,18,1,0
04/13/2021,HUERFANO,0,1,0,0,1,0,345,7,18,0,352,18,1,0
04/14/2021,HUERFANO,0,2,0,0,2,0,347,7,18,0,354,18,2,0
04/15/2021,HUERFANO,0,1,0,0,1,0,348,7,18,0,355,18,1,0
04/16/2021,HUERFANO,0,1,0,0,1,0,349,7,18,0,356,18,1,0
04/18/2021,HUERFANO,0,4,0,0,4,0,353,7,18,0,360,18,4,0
04/19/2021,HUERFANO,0,2,0,0,2,0,355,7,18,0,362,18,2,0
04/20/2021,HUERFANO,1,1,0,0,2,0,356,8,18,0,364,18,2,0
04/21/2021,HUERFANO,2,1,0,0,3,0,357,10,18,0,367,18,3,0
04/22/2021,HUERFANO,0,1,0,0,1,0,358,10,18,0,368,18,1,0
04/23/2021,HUERFANO,0,4,0,0,4,0,362,10,18,0,372,18,4,0
04/24/2021,HUERFANO,0,1,0,0,1,0,363,10,18,0,373,18,1,0
04/26/2021,HUERFANO,1,4,0,0,5,0,367,11,18,0,378,18,5,0
04/27/2021,HUERFANO,0,3,0,0,3,0,370,11,18,0,381,18,3,0
04/28/2021,HUERFANO,1,5,0,0,6,0,375,12,18,0,387,18,6,0
04/29/2021,HUERFANO,0,5,0,0,5,0,380,12,18,0,392,18,5,0
04/30/2021,HUERFANO,0,1,0,0,1,0,381,12,18,0,393,18,1,0
05/01/2021,HUERFANO,0,5,0,0,5,0,386,12,18,0,398,18,5,0
05/03/2021,HUERFANO,1,4,0,0,5,0,390,13,18,0,403,18,5,0
05/04/2021,HUERFANO,0,4,0,0,4,0,394,13,18,0,407,18,4,0
05/05/2021,HUERFANO,0,3,0,0,3,0,397,13,18,0,410,18,3,0
05/06/2021,HUERFANO,0,1,0,0,1,0,398,13,18,0,411,18,1,0
05/08/2021,HUERFANO,0,5,0,0,5,0,403,13,18,0,416,18,5,0
05/10/2021,HUERFANO,2,1,0,0,3,0,404,15,18,0,419,18,3,0
05/13/2021,HUERFANO,0,1,0,0,1,0,405,15,18,0,420,18,1,0
05/14/2021,HUERFANO,0,1,0,0,1,0,406,15,18,0,421,18,1,0
05/19/2021,HUERFANO,2,1,0,0,3,0,407,17,18,0,424,18,3,0
05/20/2021,HUERFANO,0,1,0,0,1,0,408,17,18,0,425,18,1,0
05/21/2021,HUERFANO,0,1,0,0,1,0,409,17,18,0,426,18,1,0
05/22/2021,HUERFANO,0,2,0,0,2,0,411,17,18,0,428,18,2,0
05/25/2021,HUERFANO,0,1,0,0,1,0,412,17,18,0,429,18,1,0
05/28/2021,HUERFANO,0,3,0,0,3,0,415,17,18,0,432,18,3,0
06/01/2021,HUERFANO,1,0,0,0,1,0,415,18,18,0,433,18,1,0
06/02/2021,HUERFANO,0,1,0,0,1,0,416,18,18,0,434,18,1,0
06/11/2021,HUERFANO,0,1,0,0,1,0,417,18,18,0,435,18,1,0
06/17/2021,HUERFANO,0,1,0,0,1,0,418,18,18,0,436,18,1,0
06/18/2021,HUERFANO,0,1,0,0,1,0,419,18,18,0,437,18,1,0
06/30/2021,HUERFANO,0,1,0,0,1,0,420,18,18,0,438,18,1,0
07/01/2021,HUERFANO,0,1,0,0,1,0,421,18,18,0,439,18,1,0
07/02/2021,HUERFANO,0,1,0,0,1,0,422,18,18,0,440,18,1,0
07/07/2021,HUERFANO,0,1,0,0,1,0,423,18,18,0,441,18,1,0
07/08/2021,HUERFANO,0,1,0,0,1,0,424,18,18,0,442,18,1,0
07/09/2021,HUERFANO,0,1,0,0,1,0,425,18,18,0,443,18,1,0
07/10/2021,HUERFANO,0,1,0,0,1,0,426,18,18,0,444,18,1,0
07/14/2021,HUERFANO,0,1,0,0,1,0,427,18,18,0,445,18,1,0
07/16/2021,HUERFANO,0,1,0,0,1,0,428,18,18,0,446,18,1,0
07/17/2021,HUERFANO,0,1,0,0,1,0,429,18,18,0,447,18,1,0
07/18/2021,HUERFANO,1,3,0,0,4,0,432,19,18,0,451,18,4,0
07/24/2021,HUERFANO,0,1,0,0,1,0,433,19,18,0,452,18,1,0
07/27/2021,HUERFANO,0,1,0,0,1,0,434,19,18,0,453,18,1,0
07/28/2021,HUERFANO,0,1,0,0,1,0,435,19,18,0,454,18,1,0
07/29/2021,HUERFANO,0,2,0,0,2,0,437,19,18,0,456,18,2,0
08/01/2021,HUERFANO,0,1,0,0,1,0,438,19,18,0,457,18,1,0
08/03/2021,HUERFANO,0,1,0,0,1,0,439,19,18,0,458,18,1,0
08/07/2021,HUERFANO,0,1,0,0,1,0,440,19,18,0,459,18,1,0
08/08/2021,HUERFANO,0,2,0,0,2,0,442,19,18,0,461,18,2,0
08/09/2021,HUERFANO,0,1,0,0,1,0,443,19,18,0,462,18,1,0
08/10/2021,HUERFANO,1,2,0,0,3,0,445,20,18,0,465,18,3,0
08/11/2021,HUERFANO,0,3,0,0,3,0,448,20,18,0,468,18,3,0
08/12/2021,HUERFANO,0,2,0,0,2,0,450,20,18,0,470,18,2,0
08/13/2021,HUERFANO,0,1,0,0,1,0,451,20,18,0,471,18,1,0
08/15/2021,HUERFANO,1,0,0,0,1,0,451,21,18,0,472,18,1,0
08/17/2021,HUERFANO,0,3,0,0,3,0,454,21,18,0,475,18,3,0
08/18/2021,HUERFANO,0,2,0,0,2,0,456,21,18,0,477,18,2,0
08/19/2021,HUERFANO,0,1,0,0,1,0,457,21,18,0,478,18,1,0
08/20/2021,HUERFANO,0,1,0,0,1,0,458,21,18,0,479,18,1,0
08/21/2021,HUERFANO,0,1,0,0,1,0,459,21,18,0,480,18,1,0
08/22/2021,HUERFANO,0,1,0,0,1,0,460,21,18,0,481,18,1,0
08/24/2021,HUERFANO,0,1,0,0,1,0,461,21,18,0,482,18,1,0
08/25/2021,HUERFANO,0,6,0,0,6,0,467,21,18,0,488,18,6,0
09/01/2021,HUERFANO,0,4,0,0,4,0,471,21,18,0,492,18,4,0
09/02/2021,HUERFANO,1,1,0,0,2,0,472,22,18,0,494,18,2,0
09/03/2021,HUERFANO,0,3,0,0,3,0,475,22,18,0,497,18,3,0
09/04/2021,HUERFANO,0,1,0,1,1,1,476,22,19,0,498,19,1,1
09/05/2021,HUERFANO,0,2,0,0,2,0,478,22,19,0,500,19,2,0
09/06/2021,HUERFANO,0,5,0,1,5,1,483,22,20,0,505,20,5,1
09/07/2021,HUERFANO,1,3,0,0,4,0,486,23,20,0,509,20,4,0
09/08/2021,HUERFANO,1,6,0,0,7,0,492,24,20,0,516,20,7,0
09/09/2021,HUERFANO,0,2,0,0,2,0,494,24,20,0,518,20,2,0
09/10/2021,HUERFANO,0,5,0,0,5,0,499,24,20,0,523,20,5,0
09/11/2021,HUERFANO,0,3,0,0,3,0,502,24,20,0,526,20,3,0
09/12/2021,HUERFANO,0,3,0,0,3,0,505,24,20,0,529,20,3,0
09/13/2021,HUERFANO,0,2,0,0,2,0,507,24,20,0,531,20,2,0
09/14/2021,HUERFANO,1,5,0,0,6,0,512,25,20,0,537,20,6,0
09/15/2021,HUERFANO,0,3,0,0,3,0,515,25,20,0,540,20,3,0
09/17/2021,HUERFANO,1,0,0,0,1,0,515,26,20,0,541,20,1,0
09/18/2021,HUERFANO,0,1,0,0,1,0,516,26,20,0,542,20,1,0
09/20/2021,HUERFANO,0,1,0,0,1,0,517,26,20,0,543,20,1,0
09/21/2021,HUERFANO,2,1,0,0,3,0,518,28,20,0,546,20,3,0
09/22/2021,HUERFANO,1,5,0,0,6,0,523,29,20,0,552,20,6,0
09/23/2021,HUERFANO,0,1,0,0,1,0,524,29,20,0,553,20,1,0
09/24/2021,HUERFANO,0,10,0,0,10,0,534,29,20,0,563,20,10,0
09/25/2021,HUERFANO,0,4,0,0,4,0,538,29,20,0,567,20,4,0
09/27/2021,HUERFANO,0,2,0,0,2,0,540,29,20,0,569,20,2,0
09/28/2021,HUERFANO,0,1,0,0,1,0,541,29,20,0,570,20,1,0
09/29/2021,HUERFANO,0,5,0,0,5,0,546,29,20,0,575,20,5,0
09/30/2021,HUERFANO,0,1,0,0,1,0,547,29,20,0,576,20,1,0
10/01/2021,HUERFANO,1,4,0,0,5,0,551,30,20,0,581,20,5,0
10/02/2021,HUERFANO,0,1,0,0,1,0,552,30,20,0,582,20,1,0
10/04/2021,HUERFANO,0,1,0,0,1,0,553,30,20,0,583,20,1,0
10/05/2021,HUERFANO,0,2,0,0,2,0,555,30,20,0,585,20,2,0
10/06/2021,HUERFANO,1,4,0,0,5,0,559,31,20,0,590,20,5,0
10/07/2021,HUERFANO,0,1,0,0,1,0,560,31,20,0,591,20,1,0
10/08/2021,HUERFANO,0,4,0,0,4,0,564,31,20,0,595,20,4,0
10/10/2021,HUERFANO,0,2,0,0,2,0,566,31,20,0,597,20,2,0
10/11/2021,HUERFANO,0,1,0,0,1,0,567,31,20,0,598,20,1,0
10/12/2021,HUERFANO,0,3,0,0,3,0,570,31,20,0,601,20,3,0
10/13/2021,HUERFANO,0,4,0,0,4,0,574,31,20,0,605,20,4,0
10/14/2021,HUERFANO,0,2,0,0,2,0,576,31,20,0,607,20,2,0
10/15/2021,HUERFANO,0,2,0,0,2,0,578,31,20,0,609,20,2,0
10/17/2021,HUERFANO,1,2,0,0,3,0,580,32,20,0,612,20,3,0
10/18/2021,HUERFANO,2,4,0,0,6,0,584,34,20,0,618,20,6,0
10/20/2021,HUERFANO,0,6,0,0,6,0,590,34,20,0,624,20,6,0
10/21/2021,HUERFANO,1,3,0,0,4,0,593,35,20,0,628,20,4,0
10/22/2021,HUERFANO,1,11,0,0,12,0,604,36,20,0,640,20,12,0
10/23/2021,HUERFANO,0,5,0,0,5,0,609,36,20,0,645,20,5,0
10/24/2021,HUERFANO,1,1,0,0,2,0,610,37,20,0,647,20,2,0
10/25/2021,HUERFANO,1,4,0,0,5,0,614,38,20,0,652,20,5,0
10/26/2021,HUERFANO,0,1,0,0,1,0,615,38,20,0,653,20,1,0
10/27/2021,HUERFANO,0,15,0,0,15,0,630,38,20,0,668,20,15,0
10/28/2021,HUERFANO,1,6,0,0,7,0,636,39,20,0,675,20,7,0
10/29/2021,HUERFANO,2,13,0,1,15,1,649,41,21,0,690,21,15,1
10/30/2021,HUERFANO,0,2,0,0,2,0,651,41,21,0,692,21,2,0
10/31/2021,HUERFANO,0,1,0,0,1,0,652,41,21,0,693,21,1,0
11/01/2021,HUERFANO,0,2,0,0,2,0,654,41,21,0,695,21,2,0
11/02/2021,HUERFANO,1,3,0,0,4,0,657,42,21,0,699,21,4,0
11/03/2021,HUERFANO,0,14,0,1,14,1,671,42,22,0,713,22,14,1
11/04/2021,HUERFANO,2,5,0,0,7,0,676,44,22,0,720,22,7,0
11/05/2021,HUERFANO,1,9,0,0,10,0,685,45,22,0,730,22,10,0
11/06/2021,HUERFANO,0,2,0,0,2,0,687,45,22,0,732,22,2,0
11/07/2021,HUERFANO,1,0,0,0,1,0,687,46,22,0,733,22,1,0
11/08/2021,HUERFANO,1,1,0,0,2,0,688,47,22,0,735,22,2,0
11/09/2021,HUERFANO,0,4,0,0,4,0,692,47,22,0,739,22,4,0
11/10/2021,HUERFANO,1,6,1,0,7,1,698,48,22,1,746,23,7,1
11/11/2021,HUERFANO,0,2,0,0,2,0,700,48,22,1,748,23,2,0
11/12/2021,HUERFANO,0,5,0,0,5,0,705,48,22,1,753,23,5,0
11/13/2021,HUERFANO,0,1,0,0,1,0,706,48,22,1,754,23,1,0
11/15/2021,HUERFANO,0,1,0,0,1,0,707,48,22,1,755,23,1,0
11/16/2021,HUERFANO,2,6,0,0,8,0,713,50,22,1,763,23,8,0
11/17/2021,HUERFANO,0,22,0,0,22,0,735,50,22,1,785,23,22,0
11/18/2021,HUERFANO,0,2,0,0,2,0,737,50,22,1,787,23,2,0
11/19/2021,HUERFANO,0,2,0,0,2,0,739,50,22,1,789,23,2,0
11/20/2021,HUERFANO,0,1,0,0,1,0,740,50,22,1,790,23,1,0
11/22/2021,HUERFANO,0,8,0,0,8,0,748,50,22,1,798,23,8,0
11/23/2021,HUERFANO,3,2,0,0,5,0,750,53,22,1,803,23,5,0
11/24/2021,HUERFANO,0,24,0,0,24,0,774,53,22,1,827,23,24,0
11/25/2021,HUERFANO,1,1,0,0,2,0,775,54,22,1,829,23,2,0
11/26/2021,HUERFANO,0,5,0,1,5,1,780,54,23,1,834,24,5,1
11/27/2021,HUERFANO,0,2,0,0,2,0,782,54,23,1,836,24,2,0
11/28/2021,HUERFANO,0,1,0,0,1,0,783,54,23,1,837,24,1,0
11/29/2021,HUERFANO,5,1,1,0,6,1,784,59,23,2,843,25,6,1
11/30/2021,HUERFANO,0,4,0,0,4,0,788,59,23,2,847,25,4,0
12/01/2021,HUERFANO,0,6,0,0,6,0,794,59,23,2,853,25,6,0
12/02/2021,HUERFANO,0,3,0,0,3,0,797,59,23,2,856,25,3,0
12/03/2021,HUERFANO,0,1,0,1,1,1,798,59,24,2,857,26,1,1
12/05/2021,HUERFANO,1,0,0,0,1,0,798,60,24,2,858,26,1,0
12/06/2021,HUERFANO,1,8,1,0,9,1,806,61,24,3,867,27,9,1
12/08/2021,HUERFANO,2,9,0,0,11,0,815,63,24,3,878,27,11,0
12/09/2021,HUERFANO,0,2,0,0,2,0,817,63,24,3,880,27,2,0
12/10/2021,HUERFANO,1,3,0,0,4,0,820,64,24,3,884,27,4,0
12/13/2021,HUERFANO,0,1,0,0,1,0,821,64,24,3,885,27,1,0
12/14/2021,HUERFANO,0,8,0,0,8,0,829,64,24,3,893,27,8,0
12/15/2021,HUERFANO,0,3,0,0,3,0,832,64,24,3,896,27,3,0
12/16/2021,HUERFANO,1,3,0,0,4,0,835,65,24,3,900,27,4,0
12/17/2021,HUERFANO,0,7,0,0,7,0,842,65,24,3,907,27,7,0
12/19/2021,HUERFANO,1,3,1,0,4,1,845,66,24,4,911,28,4,1
12/21/2021,HUERFANO,0,1,0,0,1,0,846,66,24,4,912,28,1,0
12/23/2021,HUERFANO,0,3,0,0,3,0,849,66,24,4,915,28,3,0
12/24/2021,HUERFANO,0,1,0,0,1,0,850,66,24,4,916,28,1,0
12/25/2021,HUERFANO,0,1,0,0,1,0,851,66,24,4,917,28,1,0
12/26/2021,HUERFANO,0,1,0,0,1,0,852,66,24,4,918,28,1,0
12/28/2021,HUERFANO,0,3,0,0,3,0,855,66,24,4,921,28,3,0
12/29/2021,HUERFANO,0,10,0,0,10,0,865,66,24,4,931,28,10,0
12/30/2021,HUERFANO,1,11,1,0,12,1,876,67,24,5,943,29,12,1
12/31/2021,HUERFANO,0,7,0,0,7,0,883,67,24,5,950,29,7,0
01/01/2022,HUERFANO,0,1,0,0,1,0,884,67,24,5,951,29,1,0
01/02/2022,HUERFANO,0,2,0,0,2,0,886,67,24,5,953,29,2,0
01/03/2022,HUERFANO,1,2,0,0,3,0,888,68,24,5,956,29,3,0
01/04/2022,HUERFANO,4,4,0,0,8,0,892,72,24,5,964,29,8,0
01/05/2022,HUERFANO,1,28,0,0,29,0,920,73,24,5,993,29,29,0
01/06/2022,HUERFANO,1,18,0,0,19,0,938,74,24,5,1012,29,19,0
01/07/2022,HUERFANO,2,7,0,0,9,0,945,76,24,5,1021,29,9,0
01/08/2022,HUERFANO,0,2,0,0,2,0,947,76,24,5,1023,29,2,0
01/10/2022,HUERFANO,1,4,0,0,5,0,951,77,24,5,1028,29,5,0
01/11/2022,HUERFANO,1,4,0,0,5,0,955,78,24,5,1033,29,5,0
01/12/2022,HUERFANO,1,42,0,0,43,0,997,79,24,5,1076,29,43,0
01/13/2022,HUERFANO,0,14,0,0,14,0,1011,79,24,5,1090,29,14,0
01/14/2022,HUERFANO,2,7,0,0,9,0,1018,81,24,5,1099,29,9,0
01/15/2022,HUERFANO,0,3,0,0,3,0,1021,81,24,5,1102,29,3,0
01/17/2022,HUERFANO,6,6,0,0,12,0,1027,87,24,5,1114,29,12,0
01/18/2022,HUERFANO,7,3,0,0,10,0,1030,94,24,5,1124,29,10,0
01/19/2022,HUERFANO,2,46,0,0,48,0,1076,96,24,5,1172,29,48,0
01/20/2022,HUERFANO,4,13,0,0,17,0,1089,100,24,5,1189,29,17,0
01/21/2022,HUERFANO,4,16,0,0,20,0,1105,104,24,5,1209,29,20,0
01/22/2022,HUERFANO,1,8,0,0,9,0,1113,105,24,5,1218,29,9,0
01/23/2022,HUERFANO,3,3,0,0,6,0,1116,108,24,5,1224,29,6,0
01/24/2022,HUERFANO,4,5,0,0,9,0,1121,112,24,5,1233,29,9,0
01/25/2022,HUERFANO,8,11,0,0,19,0,1132,120,24,5,1252,29,19,0
01/26/2022,HUERFANO,1,19,0,0,20,0,1151,121,24,5,1272,29,20,0
01/27/2022,HUERFANO,2,15,0,0,17,0,1166,123,24,5,1289,29,17,0
01/28/2022,HUERFANO,2,13,0,0,15,0,1179,125,24,5,1304,29,15,0
01/29/2022,HUERFANO,2,5,0,0,7,0,1184,127,24,5,1311,29,7,0
01/30/2022,HUERFANO,0,3,0,0,3,0,1187,127,24,5,1314,29,3,0
01/31/2022,HUERFANO,0,2,0,0,2,0,1189,127,24,5,1316,29,2,0
02/01/2022,HUERFANO,2,2,0,0,4,0,1191,129,24,5,1320,29,4,0
02/02/2022,HUERFANO,0,17,0,1,17,1,1208,129,25,5,1337,30,17,1
02/03/2022,HUERFANO,1,2,0,0,3,0,1210,130,25,5,1340,30,3,0
02/04/2022,HUERFANO,1,2,0,0,3,0,1212,131,25,5,1343,30,3,0
02/05/2022,HUERFANO,0,5,0,0,5,0,1217,131,25,5,1348,30,5,0
02/07/2022,HUERFANO,5,5,0,0,10,0,1222,136,25,5,1358,30,10,0
02/08/2022,HUERFANO,0,6,0,0,6,0,1228,136,25,5,1364,30,6,0
02/09/2022,HUERFANO,2,10,0,0,12,0,1238,138,25,5,1376,30,12,0
02/10/2022,HUERFANO,0,2,0,0,2,0,1240,138,25,5,1378,30,2,0
02/11/2022,HUERFANO,4,12,0,0,16,0,1252,142,25,5,1394,30,16,0
02/12/2022,HUERFANO,0,1,0,0,1,0,1253,142,25,5,1395,30,1,0
02/13/2022,HUERFANO,0,5,0,0,5,0,1258,142,25,5,1400,30,5,0
02/15/2022,HUERFANO,1,5,1,0,6,1,1263,143,25,6,1406,31,6,1
02/16/2022,HUERFANO,0,7,0,0,7,0,1270,143,25,6,1413,31,7,0
02/17/2022,HUERFANO,1,0,0,0,1,0,1270,144,25,6,1414,31,1,0
02/18/2022,HUERFANO,0,2,0,0,2,0,1272,144,25,6,1416,31,2,0
02/20/2022,HUERFANO,0,1,0,0,1,0,1273,144,25,6,1417,31,1,0
02/21/2022,HUERFANO,0,1,0,0,1,0,1274,144,25,6,1418,31,1,0
02/22/2022,HUERFANO,1,1,1,0,2,1,1275,145,25,7,1420,32,2,1
02/23/2022,HUERFANO,0,2,0,0,2,0,1277,145,25,7,1422,32,2,0
02/24/2022,HUERFANO,0,1,0,0,1,0,1278,145,25,7,1423,32,1,0
02/27/2022,HUERFANO,0,1,0,0,1,0,1279,145,25,7,1424,32,1,0
03/01/2022,HUERFANO,0,2,0,0,2,0,1281,145,25,7,1426,32,2,0
03/02/2022,HUERFANO,0,2,0,0,2,0,1283,145,25,7,1428,32,2,0
03/03/2022,HUERFANO,0,2,0,0,2,0,1285,145,25,7,1430,32,2,0
03/14/2022,HUERFANO,0,1,0,0,1,0,1286,145,25,7,1431,32,1,0
03/15/2022,HUERFANO,0,1,0,0,1,0,1287,145,25,7,1432,32,1,0
03/18/2022,HUERFANO,0,1,0,0,1,0,1288,145,25,7,1433,32,1,0
03/05/2020,INTERNATIONAL,0,1,0,0,1,0,1,0,0,0,1,0,-1432,-32
03/11/2020,INTERNATIONAL,0,7,0,0,7,0,8,0,0,0,8,0,7,0
03/12/2020,INTERNATIONAL,0,1,0,0,1,0,9,0,0,0,9,0,1,0
03/29/2020,INTERNATIONAL,0,1,0,0,1,0,10,0,0,0,10,0,1,0
03/30/2020,INTERNATIONAL,0,1,0,0,1,0,11,0,0,0,11,0,1,0
04/01/2020,INTERNATIONAL,0,1,0,0,1,0,12,0,0,0,12,0,1,0
05/23/2020,INTERNATIONAL,0,1,0,1,1,1,13,0,1,0,13,1,1,1
05/29/2020,INTERNATIONAL,0,1,0,0,1,0,14,0,1,0,14,1,1,0
06/20/2020,INTERNATIONAL,0,1,0,0,1,0,15,0,1,0,15,1,1,0
06/27/2020,INTERNATIONAL,0,1,0,0,1,0,16,0,1,0,16,1,1,0
07/08/2020,INTERNATIONAL,0,1,0,0,1,0,17,0,1,0,17,1,1,0
07/19/2020,INTERNATIONAL,0,1,0,0,1,0,18,0,1,0,18,1,1,0
08/22/2020,INTERNATIONAL,0,1,0,0,1,0,19,0,1,0,19,1,1,0
09/25/2020,INTERNATIONAL,1,0,0,0,1,0,19,1,1,0,20,1,1,0
10/01/2020,INTERNATIONAL,0,1,0,0,1,0,20,1,1,0,21,1,1,0
11/13/2020,INTERNATIONAL,0,1,0,0,1,0,21,1,1,0,22,1,1,0
11/17/2020,INTERNATIONAL,0,1,0,0,1,0,22,1,1,0,23,1,1,0
11/20/2020,INTERNATIONAL,0,1,0,0,1,0,23,1,1,0,24,1,1,0
12/08/2020,INTERNATIONAL,0,1,0,0,1,0,24,1,1,0,25,1,1,0
12/28/2020,INTERNATIONAL,1,0,0,0,1,0,24,2,1,0,26,1,1,0
12/29/2020,INTERNATIONAL,0,2,0,0,2,0,26,2,1,0,28,1,2,0
12/30/2020,INTERNATIONAL,0,1,0,0,1,0,27,2,1,0,29,1,1,0
01/02/2021,INTERNATIONAL,0,2,0,0,2,0,29,2,1,0,31,1,2,0
01/04/2021,INTERNATIONAL,1,0,0,0,1,0,29,3,1,0,32,1,1,0
01/05/2021,INTERNATIONAL,0,1,0,0,1,0,30,3,1,0,33,1,1,0
01/06/2021,INTERNATIONAL,0,2,0,0,2,0,32,3,1,0,35,1,2,0
01/07/2021,INTERNATIONAL,1,0,0,0,1,0,32,4,1,0,36,1,1,0
01/08/2021,INTERNATIONAL,1,1,0,0,2,0,33,5,1,0,38,1,2,0
01/09/2021,INTERNATIONAL,2,3,0,0,5,0,36,7,1,0,43,1,5,0
01/10/2021,INTERNATIONAL,1,0,0,0,1,0,36,8,1,0,44,1,1,0
01/14/2021,INTERNATIONAL,0,3,0,0,3,0,39,8,1,0,47,1,3,0
01/16/2021,INTERNATIONAL,0,1,0,0,1,0,40,8,1,0,48,1,1,0
01/18/2021,INTERNATIONAL,0,2,0,0,2,0,42,8,1,0,50,1,2,0
01/22/2021,INTERNATIONAL,1,0,0,0,1,0,42,9,1,0,51,1,1,0
01/29/2021,INTERNATIONAL,0,1,0,0,1,0,43,9,1,0,52,1,1,0
02/03/2021,INTERNATIONAL,0,1,0,0,1,0,44,9,1,0,53,1,1,0
02/09/2021,INTERNATIONAL,0,1,0,0,1,0,45,9,1,0,54,1,1,0
02/11/2021,INTERNATIONAL,0,1,0,0,1,0,46,9,1,0,55,1,1,0
02/23/2021,INTERNATIONAL,0,2,0,0,2,0,48,9,1,0,57,1,2,0
02/24/2021,INTERNATIONAL,0,1,0,0,1,0,49,9,1,0,58,1,1,0
02/25/2021,INTERNATIONAL,0,1,0,0,1,0,50,9,1,0,59,1,1,0
03/08/2021,INTERNATIONAL,0,1,0,0,1,0,51,9,1,0,60,1,1,0
03/09/2021,INTERNATIONAL,0,1,0,0,1,0,52,9,1,0,61,1,1,0
03/16/2021,INTERNATIONAL,0,1,0,0,1,0,53,9,1,0,62,1,1,0
03/20/2021,INTERNATIONAL,0,2,0,0,2,0,55,9,1,0,64,1,2,0
04/02/2021,INTERNATIONAL,3,0,0,0,3,0,55,12,1,0,67,1,3,0
04/05/2021,INTERNATIONAL,0,1,0,0,1,0,56,12,1,0,68,1,1,0
04/08/2021,INTERNATIONAL,0,1,0,0,1,0,57,12,1,0,69,1,1,0
04/12/2021,INTERNATIONAL,0,1,0,0,1,0,58,12,1,0,70,1,1,0
04/15/2021,INTERNATIONAL,0,1,0,0,1,0,59,12,1,0,71,1,1,0
04/26/2021,INTERNATIONAL,0,1,0,0,1,0,60,12,1,0,72,1,1,0
05/16/2021,INTERNATIONAL,0,1,0,0,1,0,61,12,1,0,73,1,1,0
05/20/2021,INTERNATIONAL,1,1,0,0,2,0,62,13,1,0,75,1,2,0
05/26/2021,INTERNATIONAL,0,1,0,0,1,0,63,13,1,0,76,1,1,0
06/24/2021,INTERNATIONAL,0,1,0,0,1,0,64,13,1,0,77,1,1,0
06/26/2021,INTERNATIONAL,0,1,0,0,1,0,65,13,1,0,78,1,1,0
07/10/2021,INTERNATIONAL,0,1,0,0,1,0,66,13,1,0,79,1,1,0
07/13/2021,INTERNATIONAL,0,1,0,0,1,0,67,13,1,0,80,1,1,0
07/18/2021,INTERNATIONAL,0,1,0,0,1,0,68,13,1,0,81,1,1,0
07/20/2021,INTERNATIONAL,0,1,0,0,1,0,69,13,1,0,82,1,1,0
07/31/2021,INTERNATIONAL,0,1,0,0,1,0,70,13,1,0,83,1,1,0
08/05/2021,INTERNATIONAL,0,1,0,0,1,0,71,13,1,0,84,1,1,0
08/09/2021,INTERNATIONAL,0,1,0,0,1,0,72,13,1,0,85,1,1,0
08/12/2021,INTERNATIONAL,0,1,0,0,1,0,73,13,1,0,86,1,1,0
08/20/2021,INTERNATIONAL,0,1,0,0,1,0,74,13,1,0,87,1,1,0
08/27/2021,INTERNATIONAL,0,1,0,0,1,0,75,13,1,0,88,1,1,0
08/30/2021,INTERNATIONAL,1,2,0,0,3,0,77,14,1,0,91,1,3,0
09/08/2021,INTERNATIONAL,0,1,0,0,1,0,78,14,1,0,92,1,1,0
09/16/2021,INTERNATIONAL,0,1,0,0,1,0,79,14,1,0,93,1,1,0
09/19/2021,INTERNATIONAL,0,1,0,0,1,0,80,14,1,0,94,1,1,0
09/23/2021,INTERNATIONAL,0,1,0,0,1,0,81,14,1,0,95,1,1,0
09/24/2021,INTERNATIONAL,0,1,0,0,1,0,82,14,1,0,96,1,1,0
10/12/2021,INTERNATIONAL,0,1,0,0,1,0,83,14,1,0,97,1,1,0
10/16/2021,INTERNATIONAL,0,1,0,0,1,0,84,14,1,0,98,1,1,0
10/30/2021,INTERNATIONAL,0,1,0,0,1,0,85,14,1,0,99,1,1,0
11/05/2021,INTERNATIONAL,0,1,0,0,1,0,86,14,1,0,100,1,1,0
11/13/2021,INTERNATIONAL,1,0,0,0,1,0,86,15,1,0,101,1,1,0
12/11/2021,INTERNATIONAL,0,1,0,0,1,0,87,15,1,0,102,1,1,0
12/23/2021,INTERNATIONAL,0,1,0,0,1,0,88,15,1,0,103,1,1,0
01/24/2022,INTERNATIONAL,0,1,0,0,1,0,89,15,1,0,104,1,1,0
01/25/2022,INTERNATIONAL,0,1,0,0,1,0,90,15,1,0,105,1,1,0
01/27/2022,INTERNATIONAL,0,1,0,0,1,0,91,15,1,0,106,1,1,0
01/29/2022,INTERNATIONAL,0,1,0,0,1,0,92,15,1,0,107,1,1,0
02/02/2022,INTERNATIONAL,0,1,0,0,1,0,93,15,1,0,108,1,1,0
02/06/2022,INTERNATIONAL,0,1,0,0,1,0,94,15,1,0,109,1,1,0
02/10/2022,INTERNATIONAL,0,1,0,0,1,0,95,15,1,0,110,1,1,0
02/14/2022,INTERNATIONAL,0,1,0,0,1,0,96,15,1,0,111,1,1,0
02/19/2022,INTERNATIONAL,0,2,0,0,2,0,98,15,1,0,113,1,2,0
02/20/2022,INTERNATIONAL,0,3,0,0,3,0,101,15,1,0,116,1,3,0
02/22/2022,INTERNATIONAL,0,2,0,0,2,0,103,15,1,0,118,1,2,0
02/23/2022,INTERNATIONAL,0,2,0,0,2,0,105,15,1,0,120,1,2,0
02/24/2022,INTERNATIONAL,0,2,0,0,2,0,107,15,1,0,122,1,2,0
02/26/2022,INTERNATIONAL,0,2,0,0,2,0,109,15,1,0,124,1,2,0
03/04/2022,INTERNATIONAL,0,1,0,0,1,0,110,15,1,0,125,1,1,0
06/24/2020,JACKSON,0,1,0,0,1,0,1,0,0,0,1,0,-124,-1
06/29/2020,JACKSON,0,1,0,0,1,0,2,0,0,0,2,0,1,0
07/09/2020,JACKSON,0,6,0,0,6,0,8,0,0,0,8,0,6,0
08/05/2020,JACKSON,0,1,0,0,1,0,9,0,0,0,9,0,1,0
11/08/2020,JACKSON,0,1,0,0,1,0,10,0,0,0,10,0,1,0
11/10/2020,JACKSON,0,3,0,0,3,0,13,0,0,0,13,0,3,0
11/13/2020,JACKSON,1,0,0,0,1,0,13,1,0,0,14,0,1,0
11/15/2020,JACKSON,0,2,0,0,2,0,15,1,0,0,16,0,2,0
11/18/2020,JACKSON,1,0,0,0,1,0,15,2,0,0,17,0,1,0
11/23/2020,JACKSON,0,3,0,0,3,0,18,2,0,0,20,0,3,0
11/26/2020,JACKSON,0,3,0,0,3,0,21,2,0,0,23,0,3,0
12/05/2020,JACKSON,0,1,0,0,1,0,22,2,0,0,24,0,1,0
12/09/2020,JACKSON,0,1,0,0,1,0,23,2,0,0,25,0,1,0
12/10/2020,JACKSON,0,2,0,0,2,0,25,2,0,0,27,0,2,0
12/13/2020,JACKSON,0,3,0,0,3,0,28,2,0,0,30,0,3,0
12/15/2020,JACKSON,0,1,0,0,1,0,29,2,0,0,31,0,1,0
12/22/2020,JACKSON,0,1,0,0,1,0,30,2,0,0,32,0,1,0
12/23/2020,JACKSON,0,1,0,0,1,0,31,2,0,0,33,0,1,0
12/30/2020,JACKSON,1,1,0,0,2,0,32,3,0,0,35,0,2,0
01/02/2021,JACKSON,0,2,0,0,2,0,34,3,0,0,37,0,2,0
01/03/2021,JACKSON,1,1,0,0,2,0,35,4,0,0,39,0,2,0
01/04/2021,JACKSON,0,2,0,0,2,0,37,4,0,0,41,0,2,0
01/07/2021,JACKSON,0,3,0,0,3,0,40,4,0,0,44,0,3,0
01/08/2021,JACKSON,0,1,0,0,1,0,41,4,0,0,45,0,1,0
01/10/2021,JACKSON,0,2,0,0,2,0,43,4,0,0,47,0,2,0
01/27/2021,JACKSON,0,1,0,0,1,0,44,4,0,0,48,0,1,0
02/02/2021,JACKSON,1,0,0,0,1,0,44,5,0,0,49,0,1,0
02/07/2021,JACKSON,0,1,0,0,1,0,45,5,0,0,50,0,1,0
02/10/2021,JACKSON,0,1,0,0,1,0,46,5,0,0,51,0,1,0
02/18/2021,JACKSON,0,2,0,0,2,0,48,5,0,0,53,0,2,0
03/10/2021,JACKSON,0,1,0,0,1,0,49,5,0,0,54,0,1,0
04/01/2021,JACKSON,1,0,0,0,1,0,49,6,0,0,55,0,1,0
04/11/2021,JACKSON,0,2,0,0,2,0,51,6,0,0,57,0,2,0
04/12/2021,JACKSON,0,1,0,0,1,0,52,6,0,0,58,0,1,0
04/30/2021,JACKSON,0,1,0,0,1,0,53,6,0,0,59,0,1,0
05/06/2021,JACKSON,0,1,0,0,1,0,54,6,0,0,60,0,1,0
05/14/2021,JACKSON,0,1,0,0,1,0,55,6,0,0,61,0,1,0
05/18/2021,JACKSON,0,2,0,0,2,0,57,6,0,0,63,0,2,0
05/19/2021,JACKSON,0,1,0,0,1,0,58,6,0,0,64,0,1,0
05/22/2021,JACKSON,0,1,0,0,1,0,59,6,0,0,65,0,1,0
05/23/2021,JACKSON,0,1,0,0,1,0,60,6,0,0,66,0,1,0
06/08/2021,JACKSON,0,1,0,0,1,0,61,6,0,0,67,0,1,0
07/30/2021,JACKSON,0,1,0,0,1,0,62,6,0,0,68,0,1,0
08/06/2021,JACKSON,0,1,0,0,1,0,63,6,0,0,69,0,1,0
09/01/2021,JACKSON,0,1,0,0,1,0,64,6,0,0,70,0,1,0
09/04/2021,JACKSON,0,1,0,0,1,0,65,6,0,0,71,0,1,0
09/05/2021,JACKSON,0,1,0,0,1,0,66,6,0,0,72,0,1,0
09/07/2021,JACKSON,0,1,0,0,1,0,67,6,0,0,73,0,1,0
09/10/2021,JACKSON,0,1,0,0,1,0,68,6,0,0,74,0,1,0
09/11/2021,JACKSON,0,1,0,0,1,0,69,6,0,0,75,0,1,0
09/12/2021,JACKSON,0,3,0,0,3,0,72,6,0,0,78,0,3,0
09/13/2021,JACKSON,1,0,0,0,1,0,72,7,0,0,79,0,1,0
09/15/2021,JACKSON,0,1,0,0,1,0,73,7,0,0,80,0,1,0
09/16/2021,JACKSON,0,5,0,0,5,0,78,7,0,0,85,0,5,0
09/17/2021,JACKSON,0,1,0,0,1,0,79,7,0,0,86,0,1,0
09/18/2021,JACKSON,1,1,0,0,2,0,80,8,0,0,88,0,2,0
09/19/2021,JACKSON,0,1,0,0,1,0,81,8,0,0,89,0,1,0
09/21/2021,JACKSON,0,1,0,0,1,0,82,8,0,0,90,0,1,0
09/26/2021,JACKSON,0,1,0,0,1,0,83,8,0,0,91,0,1,0
09/27/2021,JACKSON,0,1,0,0,1,0,84,8,0,0,92,0,1,0
09/29/2021,JACKSON,0,1,0,0,1,0,85,8,0,0,93,0,1,0
10/02/2021,JACKSON,0,2,0,0,2,0,87,8,0,0,95,0,2,0
10/03/2021,JACKSON,0,1,0,0,1,0,88,8,0,0,96,0,1,0
10/05/2021,JACKSON,0,1,0,0,1,0,89,8,0,0,97,0,1,0
10/06/2021,JACKSON,2,1,0,0,3,0,90,10,0,0,100,0,3,0
10/12/2021,JACKSON,1,0,0,0,1,0,90,11,0,0,101,0,1,0
10/13/2021,JACKSON,0,1,0,0,1,0,91,11,0,0,102,0,1,0
10/15/2021,JACKSON,0,1,0,0,1,0,92,11,0,0,103,0,1,0
10/16/2021,JACKSON,0,1,0,0,1,0,93,11,0,0,104,0,1,0
10/17/2021,JACKSON,0,2,0,0,2,0,95,11,0,0,106,0,2,0
10/19/2021,JACKSON,0,4,0,0,4,0,99,11,0,0,110,0,4,0
10/22/2021,JACKSON,0,2,0,0,2,0,101,11,0,0,112,0,2,0
10/23/2021,JACKSON,0,1,0,0,1,0,102,11,0,0,113,0,1,0
11/02/2021,JACKSON,0,1,0,0,1,0,103,11,0,0,114,0,1,0
11/06/2021,JACKSON,0,1,0,0,1,0,104,11,0,0,115,0,1,0
11/12/2021,JACKSON,0,1,0,0,1,0,105,11,0,0,116,0,1,0
11/17/2021,JACKSON,0,1,0,0,1,0,106,11,0,0,117,0,1,0
11/18/2021,JACKSON,0,3,0,0,3,0,109,11,0,0,120,0,3,0
11/23/2021,JACKSON,0,1,0,0,1,0,110,11,0,0,121,0,1,0
12/01/2021,JACKSON,0,1,0,0,1,0,111,11,0,0,122,0,1,0
12/02/2021,JACKSON,0,1,0,0,1,0,112,11,0,0,123,0,1,0
12/04/2021,JACKSON,0,1,0,0,1,0,113,11,0,0,124,0,1,0
12/08/2021,JACKSON,0,1,0,0,1,0,114,11,0,0,125,0,1,0
12/15/2021,JACKSON,0,1,0,0,1,0,115,11,0,0,126,0,1,0
12/28/2021,JACKSON,0,1,0,0,1,0,116,11,0,0,127,0,1,0
12/30/2021,JACKSON,0,1,0,0,1,0,117,11,0,0,128,0,1,0
12/31/2021,JACKSON,0,1,0,0,1,0,118,11,0,0,129,0,1,0
01/02/2022,JACKSON,0,1,0,0,1,0,119,11,0,0,130,0,1,0
01/09/2022,JACKSON,0,1,0,0,1,0,120,11,0,0,131,0,1,0
01/12/2022,JACKSON,1,0,0,0,1,0,120,12,0,0,132,0,1,0
01/14/2022,JACKSON,0,1,0,0,1,0,121,12,0,0,133,0,1,0
01/15/2022,JACKSON,0,1,0,0,1,0,122,12,0,0,134,0,1,0
01/19/2022,JACKSON,0,1,0,0,1,0,123,12,0,0,135,0,1,0
01/21/2022,JACKSON,1,0,0,0,1,0,123,13,0,0,136,0,1,0
01/22/2022,JACKSON,1,1,0,0,2,0,124,14,0,0,138,0,2,0
01/26/2022,JACKSON,1,3,0,0,4,0,127,15,0,0,142,0,4,0
01/27/2022,JACKSON,1,0,0,0,1,0,127,16,0,0,143,0,1,0
01/29/2022,JACKSON,2,0,0,0,2,0,127,18,0,0,145,0,2,0
01/31/2022,JACKSON,0,1,0,0,1,0,128,18,0,0,146,0,1,0
02/01/2022,JACKSON,1,3,0,0,4,0,131,19,0,0,150,0,4,0
02/02/2022,JACKSON,1,0,0,0,1,0,131,20,0,0,151,0,1,0
02/03/2022,JACKSON,3,0,0,0,3,0,131,23,0,0,154,0,3,0
02/04/2022,JACKSON,1,2,0,0,3,0,133,24,0,0,157,0,3,0
02/09/2022,JACKSON,0,2,0,0,2,0,135,24,0,0,159,0,2,0
02/10/2022,JACKSON,0,1,0,0,1,0,136,24,0,0,160,0,1,0
02/13/2022,JACKSON,0,1,0,0,1,0,137,24,0,0,161,0,1,0
02/15/2022,JACKSON,2,1,0,0,3,0,138,26,0,0,164,0,3,0
03/08/2022,JACKSON,0,1,0,0,1,0,139,26,0,0,165,0,1,0
03/10/2020,JEFFERSON,0,1,0,0,1,0,1,0,0,0,1,0,-164,0
03/11/2020,JEFFERSON,0,2,0,0,2,0,3,0,0,0,3,0,2,0
03/12/2020,JEFFERSON,0,1,0,0,1,0,4,0,0,0,4,0,1,0
03/13/2020,JEFFERSON,0,2,0,0,2,0,6,0,0,0,6,0,2,0
03/14/2020,JEFFERSON,0,2,0,0,2,0,8,0,0,0,8,0,2,0
03/15/2020,JEFFERSON,0,6,0,0,6,0,14,0,0,0,14,0,6,0
03/16/2020,JEFFERSON,0,2,0,0,2,0,16,0,0,0,16,0,2,0
03/17/2020,JEFFERSON,3,3,0,0,6,0,19,3,0,0,22,0,6,0
03/18/2020,JEFFERSON,6,4,0,1,10,1,23,9,1,0,32,1,10,1
03/19/2020,JEFFERSON,0,1,0,0,1,0,24,9,1,0,33,1,1,0
03/20/2020,JEFFERSON,0,7,0,0,7,0,31,9,1,0,40,1,7,0
03/21/2020,JEFFERSON,2,7,0,0,9,0,38,11,1,0,49,1,9,0
03/22/2020,JEFFERSON,0,5,0,0,5,0,43,11,1,0,54,1,5,0
03/23/2020,JEFFERSON,8,11,0,2,19,2,54,19,3,0,73,3,19,2
03/24/2020,JEFFERSON,4,17,0,2,21,2,71,23,5,0,94,5,21,2
03/25/2020,JEFFERSON,12,24,0,3,36,3,95,35,8,0,130,8,36,3
03/26/2020,JEFFERSON,7,23,0,1,30,1,118,42,9,0,160,9,30,1
03/27/2020,JEFFERSON,9,17,0,3,26,3,135,51,12,0,186,12,26,3
03/28/2020,JEFFERSON,6,27,0,1,33,1,162,57,13,0,219,13,33,1
03/29/2020,JEFFERSON,6,30,0,3,36,3,192,63,16,0,255,16,36,3
03/30/2020,JEFFERSON,18,33,0,3,51,3,225,81,19,0,306,19,51,3
03/31/2020,JEFFERSON,14,36,0,6,50,6,261,95,25,0,356,25,50,6
04/01/2020,JEFFERSON,6,26,0,2,32,2,287,101,27,0,388,27,32,2
04/02/2020,JEFFERSON,12,40,0,6,52,6,327,113,33,0,440,33,52,6
04/03/2020,JEFFERSON,17,35,0,5,52,5,362,130,38,0,492,38,52,5
04/04/2020,JEFFERSON,11,28,0,2,39,2,390,141,40,0,531,40,39,2
04/05/2020,JEFFERSON,9,14,0,3,23,3,404,150,43,0,554,43,23,3
04/06/2020,JEFFERSON,7,23,0,0,30,0,427,157,43,0,584,43,30,0
04/07/2020,JEFFERSON,7,24,0,3,31,3,451,164,46,0,615,46,31,3
04/08/2020,JEFFERSON,10,42,0,8,52,8,493,174,54,0,667,54,52,8
04/09/2020,JEFFERSON,7,15,0,6,22,6,508,181,60,0,689,60,22,6
04/10/2020,JEFFERSON,5,23,1,1,28,2,531,186,61,1,717,62,28,2
04/11/2020,JEFFERSON,7,37,1,5,44,6,568,193,66,2,761,68,44,6
04/12/2020,JEFFERSON,9,16,0,1,25,1,584,202,67,2,786,69,25,1
04/13/2020,JEFFERSON,8,17,0,2,25,2,601,210,69,2,811,71,25,2
04/14/2020,JEFFERSON,4,19,0,3,23,3,620,214,72,2,834,74,23,3
04/15/2020,JEFFERSON,1,27,0,7,28,7,647,215,79,2,862,81,28,7
04/16/2020,JEFFERSON,1,24,0,3,25,3,671,216,82,2,887,84,25,3
04/17/2020,JEFFERSON,15,29,0,7,44,7,700,231,89,2,931,91,44,7
04/18/2020,JEFFERSON,5,27,0,1,32,1,727,236,90,2,963,92,32,1
04/19/2020,JEFFERSON,7,21,0,8,28,8,748,243,98,2,991,100,28,8
04/20/2020,JEFFERSON,5,13,0,0,18,0,761,248,98,2,1009,100,18,0
04/21/2020,JEFFERSON,31,31,10,3,62,13,792,279,101,12,1071,113,62,13
04/22/2020,JEFFERSON,1,18,0,3,19,3,810,280,104,12,1090,116,19,3
04/23/2020,JEFFERSON,30,48,12,6,78,18,858,310,110,24,1168,134,78,18
04/24/2020,JEFFERSON,9,25,0,0,34,0,883,319,110,24,1202,134,34,0
04/25/2020,JEFFERSON,10,20,0,5,30,5,903,329,115,24,1232,139,30,5
04/26/2020,JEFFERSON,1,11,0,4,12,4,914,330,119,24,1244,143,12,4
04/27/2020,JEFFERSON,10,17,0,1,27,1,931,340,120,24,1271,144,27,1
04/28/2020,JEFFERSON,1,12,0,3,13,3,943,341,123,24,1284,147,13,3
04/29/2020,JEFFERSON,6,37,2,2,43,4,980,347,125,26,1327,151,43,4
04/30/2020,JEFFERSON,4,32,0,6,36,6,1012,351,131,26,1363,157,36,6
05/01/2020,JEFFERSON,6,24,0,3,30,3,1036,357,134,26,1393,160,30,3
05/02/2020,JEFFERSON,8,17,2,1,25,3,1053,365,135,28,1418,163,25,3
05/03/2020,JEFFERSON,12,14,2,0,26,2,1067,377,135,30,1444,165,26,2
05/04/2020,JEFFERSON,9,22,0,5,31,5,1089,386,140,30,1475,170,31,5
05/05/2020,JEFFERSON,13,31,0,4,44,4,1120,399,144,30,1519,174,44,4
05/06/2020,JEFFERSON,8,25,2,4,33,6,1145,407,148,32,1552,180,33,6
05/07/2020,JEFFERSON,3,30,0,6,33,6,1175,410,154,32,1585,186,33,6
05/08/2020,JEFFERSON,6,44,2,5,50,7,1219,416,159,34,1635,193,50,7
05/09/2020,JEFFERSON,4,26,0,1,30,1,1245,420,160,34,1665,194,30,1
05/10/2020,JEFFERSON,1,15,0,1,16,1,1260,421,161,34,1681,195,16,1
05/11/2020,JEFFERSON,4,17,2,0,21,2,1277,425,161,36,1702,197,21,2
05/12/2020,JEFFERSON,11,20,8,3,31,11,1297,436,164,44,1733,208,31,11
05/13/2020,JEFFERSON,2,34,0,7,36,7,1331,438,171,44,1769,215,36,7
05/14/2020,JEFFERSON,6,27,1,5,33,6,1358,444,176,45,1802,221,33,6
05/15/2020,JEFFERSON,4,28,1,0,32,1,1386,448,176,46,1834,222,32,1
05/16/2020,JEFFERSON,9,26,4,4,35,8,1412,457,180,50,1869,230,35,8
05/17/2020,JEFFERSON,4,15,0,2,19,2,1427,461,182,50,1888,232,19,2
05/18/2020,JEFFERSON,0,25,0,2,25,2,1452,461,184,50,1913,234,25,2
05/19/2020,JEFFERSON,6,34,3,11,40,14,1486,467,195,53,1953,248,40,14
05/20/2020,JEFFERSON,6,19,0,4,25,4,1505,473,199,53,1978,252,25,4
05/21/2020,JEFFERSON,6,19,1,3,25,4,1524,479,202,54,2003,256,25,4
05/22/2020,JEFFERSON,3,32,1,3,35,4,1556,482,205,55,2038,260,35,4
05/23/2020,JEFFERSON,3,5,1,1,8,2,1561,485,206,56,2046,262,8,2
05/24/2020,JEFFERSON,1,25,0,1,26,1,1586,486,207,56,2072,263,26,1
05/25/2020,JEFFERSON,5,29,0,5,34,5,1615,491,212,56,2106,268,34,5
05/26/2020,JEFFERSON,13,15,5,1,28,6,1630,504,213,61,2134,274,28,6
05/27/2020,JEFFERSON,6,17,4,2,23,6,1647,510,215,65,2157,280,23,6
05/28/2020,JEFFERSON,3,24,2,4,27,6,1671,513,219,67,2184,286,27,6
05/29/2020,JEFFERSON,3,26,0,3,29,3,1697,516,222,67,2213,289,29,3
05/30/2020,JEFFERSON,2,26,0,3,28,3,1723,518,225,67,2241,292,28,3
05/31/2020,JEFFERSON,0,7,0,2,7,2,1730,518,227,67,2248,294,7,2
06/01/2020,JEFFERSON,5,16,1,2,21,3,1746,523,229,68,2269,297,21,3
06/02/2020,JEFFERSON,5,19,2,3,24,5,1765,528,232,70,2293,302,24,5
06/03/2020,JEFFERSON,0,15,0,0,15,0,1780,528,232,70,2308,302,15,0
06/04/2020,JEFFERSON,4,38,1,11,42,12,1818,532,243,71,2350,314,42,12
06/05/2020,JEFFERSON,0,24,0,1,24,1,1842,532,244,71,2374,315,24,1
06/06/2020,JEFFERSON,1,3,0,1,4,1,1845,533,245,71,2378,316,4,1
06/07/2020,JEFFERSON,0,10,0,1,10,1,1855,533,246,71,2388,317,10,1
06/08/2020,JEFFERSON,2,5,1,0,7,1,1860,535,246,72,2395,318,7,1
06/09/2020,JEFFERSON,12,13,4,3,25,7,1873,547,249,76,2420,325,25,7
06/10/2020,JEFFERSON,0,9,0,0,9,0,1882,547,249,76,2429,325,9,0
06/11/2020,JEFFERSON,0,16,0,0,16,0,1898,547,249,76,2445,325,16,0
06/12/2020,JEFFERSON,1,16,0,1,17,1,1914,548,250,76,2462,326,17,1
06/13/2020,JEFFERSON,0,3,0,1,3,1,1917,548,251,76,2465,327,3,1
06/14/2020,JEFFERSON,0,6,0,0,6,0,1923,548,251,76,2471,327,6,0
06/15/2020,JEFFERSON,2,8,1,0,10,1,1931,550,251,77,2481,328,10,1
06/16/2020,JEFFERSON,1,11,1,0,12,1,1942,551,251,78,2493,329,12,1
06/17/2020,JEFFERSON,0,18,0,0,18,0,1960,551,251,78,2511,329,18,0
06/18/2020,JEFFERSON,8,7,1,0,15,1,1967,559,251,79,2526,330,15,1
06/19/2020,JEFFERSON,2,7,0,0,9,0,1974,561,251,79,2535,330,9,0
06/20/2020,JEFFERSON,1,7,1,0,8,1,1981,562,251,80,2543,331,8,1
06/21/2020,JEFFERSON,0,6,0,0,6,0,1987,562,251,80,2549,331,6,0
06/22/2020,JEFFERSON,4,7,0,0,11,0,1994,566,251,80,2560,331,11,0
06/23/2020,JEFFERSON,1,14,0,1,15,1,2008,567,252,80,2575,332,15,1
06/24/2020,JEFFERSON,1,15,0,0,16,0,2023,568,252,80,2591,332,16,0
06/25/2020,JEFFERSON,1,21,0,1,22,1,2044,569,253,80,2613,333,22,1
06/26/2020,JEFFERSON,0,21,0,0,21,0,2065,569,253,80,2634,333,21,0
06/27/2020,JEFFERSON,2,21,0,0,23,0,2086,571,253,80,2657,333,23,0
06/28/2020,JEFFERSON,0,15,0,1,15,1,2101,571,254,80,2672,334,15,1
06/29/2020,JEFFERSON,5,9,0,0,14,0,2110,576,254,80,2686,334,14,0
06/30/2020,JEFFERSON,2,24,0,3,26,3,2134,578,257,80,2712,337,26,3
07/01/2020,JEFFERSON,2,38,0,1,40,1,2172,580,258,80,2752,338,40,1
07/02/2020,JEFFERSON,6,21,1,0,27,1,2193,586,258,81,2779,339,27,1
07/03/2020,JEFFERSON,1,13,0,1,14,1,2206,587,259,81,2793,340,14,1
07/04/2020,JEFFERSON,0,15,0,0,15,0,2221,587,259,81,2808,340,15,0
07/05/2020,JEFFERSON,0,11,0,0,11,0,2232,587,259,81,2819,340,11,0
07/06/2020,JEFFERSON,8,34,0,2,42,2,2266,595,261,81,2861,342,42,2
07/07/2020,JEFFERSON,3,32,0,2,35,2,2298,598,263,81,2896,344,35,2
07/08/2020,JEFFERSON,2,30,0,0,32,0,2328,600,263,81,2928,344,32,0
07/09/2020,JEFFERSON,2,49,0,0,51,0,2377,602,263,81,2979,344,51,0
07/10/2020,JEFFERSON,4,43,0,1,47,1,2420,606,264,81,3026,345,47,1
07/11/2020,JEFFERSON,1,22,0,1,23,1,2442,607,265,81,3049,346,23,1
07/12/2020,JEFFERSON,3,22,0,0,25,0,2464,610,265,81,3074,346,25,0
07/13/2020,JEFFERSON,7,31,2,0,38,2,2495,617,265,83,3112,348,38,2
07/14/2020,JEFFERSON,2,24,0,2,26,2,2519,619,267,83,3138,350,26,2
07/15/2020,JEFFERSON,2,54,0,0,56,0,2573,621,267,83,3194,350,56,0
07/16/2020,JEFFERSON,5,37,0,1,42,1,2610,626,268,83,3236,351,42,1
07/17/2020,JEFFERSON,6,32,0,0,38,0,2642,632,268,83,3274,351,38,0
07/18/2020,JEFFERSON,2,28,0,0,30,0,2670,634,268,83,3304,351,30,0
07/19/2020,JEFFERSON,0,19,0,0,19,0,2689,634,268,83,3323,351,19,0
07/20/2020,JEFFERSON,0,45,0,1,45,1,2734,634,269,83,3368,352,45,1
07/21/2020,JEFFERSON,3,53,1,0,56,1,2787,637,269,84,3424,353,56,1
07/22/2020,JEFFERSON,6,58,0,1,64,1,2845,643,270,84,3488,354,64,1
07/23/2020,JEFFERSON,4,60,0,1,64,1,2905,647,271,84,3552,355,64,1
07/24/2020,JEFFERSON,3,103,0,13,106,13,3008,650,284,84,3658,368,106,13
07/25/2020,JEFFERSON,1,40,0,2,41,2,3048,651,286,84,3699,370,41,2
07/26/2020,JEFFERSON,0,20,0,1,20,1,3068,651,287,84,3719,371,20,1
07/27/2020,JEFFERSON,5,79,0,0,84,0,3147,656,287,84,3803,371,84,0
07/28/2020,JEFFERSON,1,27,0,0,28,0,3174,657,287,84,3831,371,28,0
07/29/2020,JEFFERSON,7,35,0,1,42,1,3209,664,288,84,3873,372,42,1
07/30/2020,JEFFERSON,5,45,0,1,50,1,3254,669,289,84,3923,373,50,1
07/31/2020,JEFFERSON,2,38,0,0,40,0,3292,671,289,84,3963,373,40,0
08/01/2020,JEFFERSON,5,35,0,0,40,0,3327,676,289,84,4003,373,40,0
08/02/2020,JEFFERSON,0,16,0,0,16,0,3343,676,289,84,4019,373,16,0
08/03/2020,JEFFERSON,4,33,0,0,37,0,3376,680,289,84,4056,373,37,0
08/04/2020,JEFFERSON,8,41,0,0,49,0,3417,688,289,84,4105,373,49,0
08/05/2020,JEFFERSON,2,30,0,0,32,0,3447,690,289,84,4137,373,32,0
08/06/2020,JEFFERSON,3,32,0,0,35,0,3479,693,289,84,4172,373,35,0
08/07/2020,JEFFERSON,1,40,0,1,41,1,3519,694,290,84,4213,374,41,1
08/08/2020,JEFFERSON,2,13,0,0,15,0,3532,696,290,84,4228,374,15,0
08/09/2020,JEFFERSON,4,28,0,0,32,0,3560,700,290,84,4260,374,32,0
08/10/2020,JEFFERSON,0,27,0,1,27,1,3587,700,291,84,4287,375,27,1
08/11/2020,JEFFERSON,3,20,0,0,23,0,3607,703,291,84,4310,375,23,0
08/12/2020,JEFFERSON,0,39,0,1,39,1,3646,703,292,84,4349,376,39,1
08/13/2020,JEFFERSON,1,36,0,0,37,0,3682,704,292,84,4386,376,37,0
08/14/2020,JEFFERSON,0,11,0,0,11,0,3693,704,292,84,4397,376,11,0
08/15/2020,JEFFERSON,3,35,0,1,38,1,3728,707,293,84,4435,377,38,1
08/16/2020,JEFFERSON,0,14,0,0,14,0,3742,707,293,84,4449,377,14,0
08/17/2020,JEFFERSON,4,21,0,0,25,0,3763,711,293,84,4474,377,25,0
08/18/2020,JEFFERSON,3,20,0,0,23,0,3783,714,293,84,4497,377,23,0
08/19/2020,JEFFERSON,1,24,0,1,25,1,3807,715,294,84,4522,378,25,1
08/20/2020,JEFFERSON,0,38,0,1,38,1,3845,715,295,84,4560,379,38,1
08/21/2020,JEFFERSON,1,24,0,0,25,0,3869,716,295,84,4585,379,25,0
08/22/2020,JEFFERSON,2,27,0,0,29,0,3896,718,295,84,4614,379,29,0
08/23/2020,JEFFERSON,0,22,0,1,22,1,3918,718,296,84,4636,380,22,1
08/24/2020,JEFFERSON,1,28,0,0,29,0,3946,719,296,84,4665,380,29,0
08/25/2020,JEFFERSON,3,20,0,1,23,1,3966,722,297,84,4688,381,23,1
08/26/2020,JEFFERSON,3,28,0,1,31,1,3994,725,298,84,4719,382,31,1
08/27/2020,JEFFERSON,2,37,0,0,39,0,4031,727,298,84,4758,382,39,0
08/28/2020,JEFFERSON,9,25,0,0,34,0,4056,736,298,84,4792,382,34,0
08/29/2020,JEFFERSON,4,16,0,1,20,1,4072,740,299,84,4812,383,20,1
08/30/2020,JEFFERSON,0,12,0,1,12,1,4084,740,300,84,4824,384,12,1
08/31/2020,JEFFERSON,7,37,0,0,44,0,4121,747,300,84,4868,384,44,0
09/01/2020,JEFFERSON,4,19,0,2,23,2,4140,751,302,84,4891,386,23,2
09/02/2020,JEFFERSON,4,15,0,0,19,0,4155,755,302,84,4910,386,19,0
09/03/2020,JEFFERSON,3,28,0,0,31,0,4183,758,302,84,4941,386,31,0
09/04/2020,JEFFERSON,3,27,0,0,30,0,4210,761,302,84,4971,386,30,0
09/05/2020,JEFFERSON,1,14,0,0,15,0,4224,762,302,84,4986,386,15,0
09/06/2020,JEFFERSON,0,17,0,0,17,0,4241,762,302,84,5003,386,17,0
09/07/2020,JEFFERSON,1,11,1,1,12,2,4252,763,303,85,5015,388,12,2
09/08/2020,JEFFERSON,1,11,0,0,12,0,4263,764,303,85,5027,388,12,0
09/09/2020,JEFFERSON,8,18,0,0,26,0,4281,772,303,85,5053,388,26,0
09/10/2020,JEFFERSON,9,25,0,1,34,1,4306,781,304,85,5087,389,34,1
09/11/2020,JEFFERSON,2,30,0,1,32,1,4336,783,305,85,5119,390,32,1
09/12/2020,JEFFERSON,1,28,0,0,29,0,4364,784,305,85,5148,390,29,0
09/13/2020,JEFFERSON,2,24,0,0,26,0,4388,786,305,85,5174,390,26,0
09/14/2020,JEFFERSON,2,16,0,0,18,0,4404,788,305,85,5192,390,18,0
09/15/2020,JEFFERSON,6,25,0,0,31,0,4429,794,305,85,5223,390,31,0
09/16/2020,JEFFERSON,10,45,0,2,55,2,4474,804,307,85,5278,392,55,2
09/17/2020,JEFFERSON,5,35,0,0,40,0,4509,809,307,85,5318,392,40,0
09/18/2020,JEFFERSON,3,42,0,0,45,0,4551,812,307,85,5363,392,45,0
09/19/2020,JEFFERSON,3,55,1,3,58,4,4606,815,310,86,5421,396,58,4
09/20/2020,JEFFERSON,0,34,0,0,34,0,4640,815,310,86,5455,396,34,0
09/21/2020,JEFFERSON,3,51,0,0,54,0,4691,818,310,86,5509,396,54,0
09/22/2020,JEFFERSON,5,28,0,1,33,1,4719,823,311,86,5542,397,33,1
09/23/2020,JEFFERSON,6,59,0,1,65,1,4778,829,312,86,5607,398,65,1
09/24/2020,JEFFERSON,4,36,0,0,40,0,4814,833,312,86,5647,398,40,0
09/25/2020,JEFFERSON,16,47,0,0,63,0,4861,849,312,86,5710,398,63,0
09/26/2020,JEFFERSON,6,60,0,0,66,0,4921,855,312,86,5776,398,66,0
09/27/2020,JEFFERSON,4,30,0,0,34,0,4951,859,312,86,5810,398,34,0
09/28/2020,JEFFERSON,1,40,0,0,41,0,4991,860,312,86,5851,398,41,0
09/29/2020,JEFFERSON,4,50,0,0,54,0,5041,864,312,86,5905,398,54,0
09/30/2020,JEFFERSON,3,52,0,2,55,2,5093,867,314,86,5960,400,55,2
10/01/2020,JEFFERSON,3,51,0,0,54,0,5144,870,314,86,6014,400,54,0
10/02/2020,JEFFERSON,2,60,0,0,62,0,5204,872,314,86,6076,400,62,0
10/03/2020,JEFFERSON,3,48,0,1,51,1,5252,875,315,86,6127,401,51,1
10/04/2020,JEFFERSON,0,38,0,0,38,0,5290,875,315,86,6165,401,38,0
10/05/2020,JEFFERSON,7,42,0,0,49,0,5332,882,315,86,6214,401,49,0
10/06/2020,JEFFERSON,6,75,0,0,81,0,5407,888,315,86,6295,401,81,0
10/07/2020,JEFFERSON,12,71,0,1,83,1,5478,900,316,86,6378,402,83,1
10/08/2020,JEFFERSON,7,65,2,0,72,2,5543,907,316,88,6450,404,72,2
10/09/2020,JEFFERSON,3,98,0,1,101,1,5641,910,317,88,6551,405,101,1
10/10/2020,JEFFERSON,4,83,0,0,87,0,5724,914,317,88,6638,405,87,0
10/11/2020,JEFFERSON,13,50,0,1,63,1,5774,927,318,88,6701,406,63,1
10/12/2020,JEFFERSON,9,122,0,0,131,0,5896,936,318,88,6832,406,131,0
10/13/2020,JEFFERSON,9,71,0,0,80,0,5967,945,318,88,6912,406,80,0
10/14/2020,JEFFERSON,12,88,0,0,100,0,6055,957,318,88,7012,406,100,0
10/15/2020,JEFFERSON,19,91,0,2,110,2,6146,976,320,88,7122,408,110,2
10/16/2020,JEFFERSON,19,91,1,1,110,2,6237,995,321,89,7232,410,110,2
10/17/2020,JEFFERSON,6,96,0,1,102,1,6333,1001,322,89,7334,411,102,1
10/18/2020,JEFFERSON,8,98,0,5,106,5,6431,1009,327,89,7440,416,106,5
10/19/2020,JEFFERSON,4,126,0,2,130,2,6557,1013,329,89,7570,418,130,2
10/20/2020,JEFFERSON,10,85,0,1,95,1,6642,1023,330,89,7665,419,95,1
10/21/2020,JEFFERSON,8,120,0,0,128,0,6762,1031,330,89,7793,419,128,0
10/22/2020,JEFFERSON,11,157,0,3,168,3,6919,1042,333,89,7961,422,168,3
10/23/2020,JEFFERSON,12,171,0,7,183,7,7090,1054,340,89,8144,429,183,7
10/24/2020,JEFFERSON,2,167,1,1,169,2,7257,1056,341,90,8313,431,169,2
10/25/2020,JEFFERSON,10,279,0,5,289,5,7536,1066,346,90,8602,436,289,5
10/26/2020,JEFFERSON,13,124,0,2,137,2,7660,1079,348,90,8739,438,137,2
10/27/2020,JEFFERSON,10,123,0,3,133,3,7783,1089,351,90,8872,441,133,3
10/28/2020,JEFFERSON,11,156,0,5,167,5,7939,1100,356,90,9039,446,167,5
10/29/2020,JEFFERSON,30,225,1,7,255,8,8164,1130,363,91,9294,454,255,8
10/30/2020,JEFFERSON,15,289,0,3,304,3,8453,1145,366,91,9598,457,304,3
10/31/2020,JEFFERSON,15,248,0,4,263,4,8701,1160,370,91,9861,461,263,4
11/01/2020,JEFFERSON,9,261,0,5,270,5,8962,1169,375,91,10131,466,270,5
11/02/2020,JEFFERSON,7,236,0,5,243,5,9198,1176,380,91,10374,471,243,5
11/03/2020,JEFFERSON,17,269,0,5,286,5,9467,1193,385,91,10660,476,286,5
11/04/2020,JEFFERSON,15,337,1,11,352,12,9804,1208,396,92,11012,488,352,12
11/05/2020,JEFFERSON,14,350,1,5,364,6,10154,1222,401,93,11376,494,364,6
11/06/2020,JEFFERSON,11,369,0,1,380,1,10523,1233,402,93,11756,495,380,1
11/07/2020,JEFFERSON,6,348,0,2,354,2,10871,1239,404,93,12110,497,354,2
11/08/2020,JEFFERSON,6,380,0,3,386,3,11251,1245,407,93,12496,500,386,3
11/09/2020,JEFFERSON,8,331,1,6,339,7,11582,1253,413,94,12835,507,339,7
11/10/2020,JEFFERSON,7,353,0,15,360,15,11935,1260,428,94,13195,522,360,15
11/11/2020,JEFFERSON,33,496,2,5,529,7,12431,1293,433,96,13724,529,529,7
11/12/2020,JEFFERSON,21,557,1,7,578,8,12988,1314,440,97,14302,537,578,8
11/13/2020,JEFFERSON,31,503,0,11,534,11,13491,1345,451,97,14836,548,534,11
11/14/2020,JEFFERSON,4,418,0,8,422,8,13909,1349,459,97,15258,556,422,8
11/15/2020,JEFFERSON,6,324,0,0,330,0,14233,1355,459,97,15588,556,330,0
11/16/2020,JEFFERSON,27,417,1,11,444,12,14650,1382,470,98,16032,568,444,12
11/17/2020,JEFFERSON,17,554,2,1,571,3,15204,1399,471,100,16603,571,571,3
11/18/2020,JEFFERSON,16,554,1,3,570,4,15758,1415,474,101,17173,575,570,4
11/19/2020,JEFFERSON,9,512,1,9,521,10,16270,1424,483,102,17694,585,521,10
11/20/2020,JEFFERSON,16,488,0,5,504,5,16758,1440,488,102,18198,590,504,5
11/21/2020,JEFFERSON,6,381,0,4,387,4,17139,1446,492,102,18585,594,387,4
11/22/2020,JEFFERSON,12,389,0,12,401,12,17528,1458,504,102,18986,606,401,12
11/23/2020,JEFFERSON,28,299,1,13,327,14,17827,1486,517,103,19313,620,327,14
11/24/2020,JEFFERSON,18,382,0,5,400,5,18209,1504,522,103,19713,625,400,5
11/25/2020,JEFFERSON,16,589,1,7,605,8,18798,1520,529,104,20318,633,605,8
11/26/2020,JEFFERSON,21,374,0,8,395,8,19172,1541,537,104,20713,641,395,8
11/27/2020,JEFFERSON,14,418,6,8,432,14,19590,1555,545,110,21145,655,432,14
11/28/2020,JEFFERSON,1,281,0,4,282,4,19871,1556,549,110,21427,659,282,4
11/29/2020,JEFFERSON,5,381,0,14,386,14,20252,1561,563,110,21813,673,386,14
11/30/2020,JEFFERSON,29,462,1,4,491,5,20714,1590,567,111,22304,678,491,5
12/01/2020,JEFFERSON,12,319,1,1,331,2,21033,1602,568,112,22635,680,331,2
12/02/2020,JEFFERSON,16,461,0,5,477,5,21494,1618,573,112,23112,685,477,5
12/03/2020,JEFFERSON,17,513,3,3,530,6,22007,1635,576,115,23642,691,530,6
12/04/2020,JEFFERSON,31,431,0,4,462,4,22438,1666,580,115,24104,695,462,4
12/05/2020,JEFFERSON,13,324,0,4,337,4,22762,1679,584,115,24441,699,337,4
12/06/2020,JEFFERSON,11,707,1,8,718,9,23469,1690,592,116,25159,708,718,9
12/07/2020,JEFFERSON,25,348,1,1,373,2,23817,1715,593,117,25532,710,373,2
12/08/2020,JEFFERSON,28,187,0,2,215,2,24004,1743,595,117,25747,712,215,2
12/09/2020,JEFFERSON,24,367,3,6,391,9,24371,1767,601,120,26138,721,391,9
12/10/2020,JEFFERSON,17,306,0,4,323,4,24677,1784,605,120,26461,725,323,4
12/11/2020,JEFFERSON,30,305,3,2,335,5,24982,1814,607,123,26796,730,335,5
12/12/2020,JEFFERSON,2,268,0,4,270,4,25250,1816,611,123,27066,734,270,4
12/13/2020,JEFFERSON,6,198,0,2,204,2,25448,1822,613,123,27270,736,204,2
12/14/2020,JEFFERSON,11,144,1,3,155,4,25592,1833,616,124,27425,740,155,4
12/15/2020,JEFFERSON,24,263,1,3,287,4,25855,1857,619,125,27712,744,287,4
12/16/2020,JEFFERSON,26,348,3,3,374,6,26203,1883,622,128,28086,750,374,6
12/17/2020,JEFFERSON,10,204,0,1,214,1,26407,1893,623,128,28300,751,214,1
12/18/2020,JEFFERSON,9,169,1,1,178,2,26576,1902,624,129,28478,753,178,2
12/19/2020,JEFFERSON,11,220,0,2,231,2,26796,1913,626,129,28709,755,231,2
12/20/2020,JEFFERSON,7,176,0,0,183,0,26972,1920,626,129,28892,755,183,0
12/21/2020,JEFFERSON,16,159,2,4,175,6,27131,1936,630,131,29067,761,175,6
12/22/2020,JEFFERSON,14,159,0,2,173,2,27290,1950,632,131,29240,763,173,2
12/23/2020,JEFFERSON,22,188,1,2,210,3,27478,1972,634,132,29450,766,210,3
12/24/2020,JEFFERSON,10,219,0,1,229,1,27697,1982,635,132,29679,767,229,1
12/25/2020,JEFFERSON,0,123,0,4,123,4,27820,1982,639,132,29802,771,123,4
12/26/2020,JEFFERSON,9,115,0,4,124,4,27935,1991,643,132,29926,775,124,4
12/27/2020,JEFFERSON,9,129,0,1,138,1,28064,2000,644,132,30064,776,138,1
12/28/2020,JEFFERSON,27,121,5,3,148,8,28185,2027,647,137,30212,784,148,8
12/29/2020,JEFFERSON,11,148,0,0,159,0,28333,2038,647,137,30371,784,159,0
12/30/2020,JEFFERSON,13,212,1,4,225,5,28545,2051,651,138,30596,789,225,5
12/31/2020,JEFFERSON,34,174,0,1,208,1,28719,2085,652,138,30804,790,208,1
01/01/2021,JEFFERSON,3,132,0,4,135,4,28851,2088,656,138,30939,794,135,4
01/02/2021,JEFFERSON,8,186,0,3,194,3,29037,2096,659,138,31133,797,194,3
01/03/2021,JEFFERSON,7,126,0,1,133,1,29163,2103,660,138,31266,798,133,1
01/04/2021,JEFFERSON,17,198,0,0,215,0,29361,2120,660,138,31481,798,215,0
01/05/2021,JEFFERSON,16,175,1,0,191,1,29536,2136,660,139,31672,799,191,1
01/06/2021,JEFFERSON,24,255,0,0,279,0,29791,2160,660,139,31951,799,279,0
01/07/2021,JEFFERSON,10,211,0,1,221,1,30002,2170,661,139,32172,800,221,1
01/08/2021,JEFFERSON,9,221,0,4,230,4,30223,2179,665,139,32402,804,230,4
01/09/2021,JEFFERSON,21,146,0,1,167,1,30369,2200,666,139,32569,805,167,1
01/10/2021,JEFFERSON,2,140,0,0,142,0,30509,2202,666,139,32711,805,142,0
01/11/2021,JEFFERSON,17,125,1,1,142,2,30634,2219,667,140,32853,807,142,2
01/12/2021,JEFFERSON,27,214,1,2,241,3,30848,2246,669,141,33094,810,241,3
01/13/2021,JEFFERSON,26,218,0,3,244,3,31066,2272,672,141,33338,813,244,3
01/14/2021,JEFFERSON,16,160,0,2,176,2,31226,2288,674,141,33514,815,176,2
01/15/2021,JEFFERSON,15,149,0,0,164,0,31375,2303,674,141,33678,815,164,0
01/16/2021,JEFFERSON,3,109,0,0,112,0,31484,2306,674,141,33790,815,112,0
01/17/2021,JEFFERSON,8,82,0,1,90,1,31566,2314,675,141,33880,816,90,1
01/18/2021,JEFFERSON,14,161,0,2,175,2,31727,2328,677,141,34055,818,175,2
01/19/2021,JEFFERSON,11,84,1,0,95,1,31811,2339,677,142,34150,819,95,1
01/20/2021,JEFFERSON,21,111,1,1,132,2,31922,2360,678,143,34282,821,132,2
01/21/2021,JEFFERSON,15,174,0,2,189,2,32096,2375,680,143,34471,823,189,2
01/22/2021,JEFFERSON,11,131,0,1,142,1,32227,2386,681,143,34613,824,142,1
01/23/2021,JEFFERSON,7,112,0,4,119,4,32339,2393,685,143,34732,828,119,4
01/24/2021,JEFFERSON,10,110,0,0,120,0,32449,2403,685,143,34852,828,120,0
01/25/2021,JEFFERSON,17,72,1,1,89,2,32521,2420,686,144,34941,830,89,2
01/26/2021,JEFFERSON,10,85,0,0,95,0,32606,2430,686,144,35036,830,95,0
01/27/2021,JEFFERSON,7,136,0,0,143,0,32742,2437,686,144,35179,830,143,0
01/28/2021,JEFFERSON,15,118,0,0,133,0,32860,2452,686,144,35312,830,133,0
01/29/2021,JEFFERSON,11,111,0,0,122,0,32971,2463,686,144,35434,830,122,0
01/30/2021,JEFFERSON,12,80,0,3,92,3,33051,2475,689,144,35526,833,92,3
01/31/2021,JEFFERSON,5,70,0,0,75,0,33121,2480,689,144,35601,833,75,0
02/01/2021,JEFFERSON,15,64,0,0,79,0,33185,2495,689,144,35680,833,79,0
02/02/2021,JEFFERSON,12,94,0,1,106,1,33279,2507,690,144,35786,834,106,1
02/03/2021,JEFFERSON,17,124,0,7,141,7,33403,2524,697,144,35927,841,141,7
02/04/2021,JEFFERSON,10,111,1,1,121,2,33514,2534,698,145,36048,843,121,2
02/05/2021,JEFFERSON,15,96,0,0,111,0,33610,2549,698,145,36159,843,111,0
02/06/2021,JEFFERSON,5,105,0,4,110,4,33715,2554,702,145,36269,847,110,4
02/07/2021,JEFFERSON,5,66,0,0,71,0,33781,2559,702,145,36340,847,71,0
02/08/2021,JEFFERSON,12,68,0,1,80,1,33849,2571,703,145,36420,848,80,1
02/09/2021,JEFFERSON,8,76,0,0,84,0,33925,2579,703,145,36504,848,84,0
02/10/2021,JEFFERSON,9,147,0,2,156,2,34072,2588,705,145,36660,850,156,2
02/11/2021,JEFFERSON,13,113,0,1,126,1,34185,2601,706,145,36786,851,126,1
02/12/2021,JEFFERSON,11,105,0,1,116,1,34290,2612,707,145,36902,852,116,1
02/13/2021,JEFFERSON,8,95,0,2,103,2,34385,2620,709,145,37005,854,103,2
02/14/2021,JEFFERSON,9,41,0,0,50,0,34426,2629,709,145,37055,854,50,0
02/15/2021,JEFFERSON,13,31,0,0,44,0,34457,2642,709,145,37099,854,44,0
02/16/2021,JEFFERSON,10,68,1,0,78,1,34525,2652,709,146,37177,855,78,1
02/17/2021,JEFFERSON,11,72,0,1,83,1,34597,2663,710,146,37260,856,83,1
02/18/2021,JEFFERSON,6,80,0,2,86,2,34677,2669,712,146,37346,858,86,2
02/19/2021,JEFFERSON,8,80,0,0,88,0,34757,2677,712,146,37434,858,88,0
02/20/2021,JEFFERSON,11,86,0,1,97,1,34843,2688,713,146,37531,859,97,1
02/21/2021,JEFFERSON,2,66,0,0,68,0,34909,2690,713,146,37599,859,68,0
02/22/2021,JEFFERSON,15,66,1,0,81,1,34975,2705,713,147,37680,860,81,1
02/23/2021,JEFFERSON,11,95,0,0,106,0,35070,2716,713,147,37786,860,106,0
02/24/2021,JEFFERSON,10,115,0,1,125,1,35185,2726,714,147,37911,861,125,1
02/25/2021,JEFFERSON,10,117,0,1,127,1,35302,2736,715,147,38038,862,127,1
02/26/2021,JEFFERSON,9,73,0,0,82,0,35375,2745,715,147,38120,862,82,0
02/27/2021,JEFFERSON,9,92,0,0,101,0,35467,2754,715,147,38221,862,101,0
02/28/2021,JEFFERSON,4,65,0,0,69,0,35532,2758,715,147,38290,862,69,0
03/01/2021,JEFFERSON,10,53,1,0,63,1,35585,2768,715,148,38353,863,63,1
03/02/2021,JEFFERSON,11,71,0,0,82,0,35656,2779,715,148,38435,863,82,0
03/03/2021,JEFFERSON,9,127,1,2,136,3,35783,2788,717,149,38571,866,136,3
03/04/2021,JEFFERSON,16,102,0,1,118,1,35885,2804,718,149,38689,867,118,1
03/05/2021,JEFFERSON,10,93,0,0,103,0,35978,2814,718,149,38792,867,103,0
03/06/2021,JEFFERSON,10,91,0,0,101,0,36069,2824,718,149,38893,867,101,0
03/07/2021,JEFFERSON,1,62,0,1,63,1,36131,2825,719,149,38956,868,63,1
03/08/2021,JEFFERSON,14,54,0,0,68,0,36185,2839,719,149,39024,868,68,0
03/09/2021,JEFFERSON,4,80,0,1,84,1,36265,2843,720,149,39108,869,84,1
03/10/2021,JEFFERSON,3,111,0,1,114,1,36376,2846,721,149,39222,870,114,1
03/11/2021,JEFFERSON,7,107,0,1,114,1,36483,2853,722,149,39336,871,114,1
03/12/2021,JEFFERSON,9,114,0,1,123,1,36597,2862,723,149,39459,872,123,1
03/13/2021,JEFFERSON,0,109,0,1,109,1,36706,2862,724,149,39568,873,109,1
03/14/2021,JEFFERSON,1,42,0,0,43,0,36748,2863,724,149,39611,873,43,0
03/15/2021,JEFFERSON,2,13,0,0,15,0,36761,2865,724,149,39626,873,15,0
03/16/2021,JEFFERSON,13,66,0,0,79,0,36827,2878,724,149,39705,873,79,0
03/17/2021,JEFFERSON,10,125,0,2,135,2,36952,2888,726,149,39840,875,135,2
03/18/2021,JEFFERSON,5,179,0,0,184,0,37131,2893,726,149,40024,875,184,0
03/19/2021,JEFFERSON,17,131,0,1,148,1,37262,2910,727,149,40172,876,148,1
03/20/2021,JEFFERSON,9,80,0,0,89,0,37342,2919,727,149,40261,876,89,0
03/21/2021,JEFFERSON,6,28,0,0,34,0,37370,2925,727,149,40295,876,34,0
03/22/2021,JEFFERSON,9,105,0,0,114,0,37475,2934,727,149,40409,876,114,0
03/23/2021,JEFFERSON,7,73,0,0,80,0,37548,2941,727,149,40489,876,80,0
03/24/2021,JEFFERSON,7,132,0,0,139,0,37680,2948,727,149,40628,876,139,0
03/25/2021,JEFFERSON,8,113,0,0,121,0,37793,2956,727,149,40749,876,121,0
03/26/2021,JEFFERSON,11,108,0,0,119,0,37901,2967,727,149,40868,876,119,0
03/27/2021,JEFFERSON,5,73,0,1,78,1,37974,2972,728,149,40946,877,78,1
03/28/2021,JEFFERSON,3,60,0,1,63,1,38034,2975,729,149,41009,878,63,1
03/29/2021,JEFFERSON,13,90,0,0,103,0,38124,2988,729,149,41112,878,103,0
03/30/2021,JEFFERSON,17,103,0,0,120,0,38227,3005,729,149,41232,878,120,0
03/31/2021,JEFFERSON,12,136,0,4,148,4,38363,3017,733,149,41380,882,148,4
04/01/2021,JEFFERSON,8,143,0,0,151,0,38506,3025,733,149,41531,882,151,0
04/02/2021,JEFFERSON,5,132,0,1,137,1,38638,3030,734,149,41668,883,137,1
04/03/2021,JEFFERSON,7,147,0,0,154,0,38785,3037,734,149,41822,883,154,0
04/04/2021,JEFFERSON,9,81,0,0,90,0,38866,3046,734,149,41912,883,90,0
04/05/2021,JEFFERSON,7,78,0,1,85,1,38944,3053,735,149,41997,884,85,1
04/06/2021,JEFFERSON,18,158,0,1,176,1,39102,3071,736,149,42173,885,176,1
04/07/2021,JEFFERSON,10,175,0,0,185,0,39277,3081,736,149,42358,885,185,0
04/08/2021,JEFFERSON,15,182,0,1,197,1,39459,3096,737,149,42555,886,197,1
04/09/2021,JEFFERSON,13,134,0,0,147,0,39593,3109,737,149,42702,886,147,0
04/10/2021,JEFFERSON,9,137,0,0,146,0,39730,3118,737,149,42848,886,146,0
04/11/2021,JEFFERSON,9,74,0,0,83,0,39804,3127,737,149,42931,886,83,0
04/12/2021,JEFFERSON,12,113,0,1,125,1,39917,3139,738,149,43056,887,125,1
04/13/2021,JEFFERSON,21,150,0,2,171,2,40067,3160,740,149,43227,889,171,2
04/14/2021,JEFFERSON,7,193,0,3,200,3,40260,3167,743,149,43427,892,200,3
04/15/2021,JEFFERSON,7,204,0,2,211,2,40464,3174,745,149,43638,894,211,2
04/16/2021,JEFFERSON,7,147,0,0,154,0,40611,3181,745,149,43792,894,154,0
04/17/2021,JEFFERSON,2,189,0,0,191,0,40800,3183,745,149,43983,894,191,0
04/18/2021,JEFFERSON,4,72,0,0,76,0,40872,3187,745,149,44059,894,76,0
04/19/2021,JEFFERSON,14,142,0,0,156,0,41014,3201,745,149,44215,894,156,0
04/20/2021,JEFFERSON,18,156,0,2,174,2,41170,3219,747,149,44389,896,174,2
04/21/2021,JEFFERSON,20,196,2,2,216,4,41366,3239,749,151,44605,900,216,4
04/22/2021,JEFFERSON,16,164,0,3,180,3,41530,3255,752,151,44785,903,180,3
04/23/2021,JEFFERSON,5,208,0,3,213,3,41738,3260,755,151,44998,906,213,3
04/24/2021,JEFFERSON,2,194,0,0,196,0,41932,3262,755,151,45194,906,196,0
04/25/2021,JEFFERSON,3,91,0,2,94,2,42023,3265,757,151,45288,908,94,2
04/26/2021,JEFFERSON,14,134,0,0,148,0,42157,3279,757,151,45436,908,148,0
04/27/2021,JEFFERSON,9,147,0,0,156,0,42304,3288,757,151,45592,908,156,0
04/28/2021,JEFFERSON,17,193,0,3,210,3,42497,3305,760,151,45802,911,210,3
04/29/2021,JEFFERSON,16,194,0,0,210,0,42691,3321,760,151,46012,911,210,0
04/30/2021,JEFFERSON,15,182,0,1,197,1,42873,3336,761,151,46209,912,197,1
05/01/2021,JEFFERSON,1,111,0,2,112,2,42984,3337,763,151,46321,914,112,2
05/02/2021,JEFFERSON,8,104,0,0,112,0,43088,3345,763,151,46433,914,112,0
05/03/2021,JEFFERSON,23,120,0,1,143,1,43208,3368,764,151,46576,915,143,1
05/04/2021,JEFFERSON,15,126,0,2,141,2,43334,3383,766,151,46717,917,141,2
05/05/2021,JEFFERSON,15,134,0,3,149,3,43468,3398,769,151,46866,920,149,3
05/06/2021,JEFFERSON,10,126,0,1,136,1,43594,3408,770,151,47002,921,136,1
05/07/2021,JEFFERSON,15,141,0,0,156,0,43735,3423,770,151,47158,921,156,0
05/08/2021,JEFFERSON,10,101,0,0,111,0,43836,3433,770,151,47269,921,111,0
05/09/2021,JEFFERSON,1,82,0,1,83,1,43918,3434,771,151,47352,922,83,1
05/10/2021,JEFFERSON,5,78,0,2,83,2,43996,3439,773,151,47435,924,83,2
05/11/2021,JEFFERSON,9,99,0,2,108,2,44095,3448,775,151,47543,926,108,2
05/12/2021,JEFFERSON,10,215,0,1,225,1,44310,3458,776,151,47768,927,225,1
05/13/2021,JEFFERSON,11,112,0,2,123,2,44422,3469,778,151,47891,929,123,2
05/14/2021,JEFFERSON,10,81,0,0,91,0,44503,3479,778,151,47982,929,91,0
05/15/2021,JEFFERSON,3,73,0,0,76,0,44576,3482,778,151,48058,929,76,0
05/16/2021,JEFFERSON,3,57,0,0,60,0,44633,3485,778,151,48118,929,60,0
05/17/2021,JEFFERSON,6,61,0,0,67,0,44694,3491,778,151,48185,929,67,0
05/18/2021,JEFFERSON,6,51,0,0,57,0,44745,3497,778,151,48242,929,57,0
05/19/2021,JEFFERSON,4,76,0,1,80,1,44821,3501,779,151,48322,930,80,1
05/20/2021,JEFFERSON,6,69,0,2,75,2,44890,3507,781,151,48397,932,75,2
05/21/2021,JEFFERSON,5,58,0,1,63,1,44948,3512,782,151,48460,933,63,1
05/22/2021,JEFFERSON,6,56,0,0,62,0,45004,3518,782,151,48522,933,62,0
05/23/2021,JEFFERSON,4,31,0,0,35,0,45035,3522,782,151,48557,933,35,0
05/24/2021,JEFFERSON,5,48,0,1,53,1,45083,3527,783,151,48610,934,53,1
05/25/2021,JEFFERSON,2,42,0,0,44,0,45125,3529,783,151,48654,934,44,0
05/26/2021,JEFFERSON,4,41,0,0,45,0,45166,3533,783,151,48699,934,45,0
05/27/2021,JEFFERSON,8,48,0,1,56,1,45214,3541,784,151,48755,935,56,1
05/28/2021,JEFFERSON,1,42,0,0,43,0,45256,3542,784,151,48798,935,43,0
05/29/2021,JEFFERSON,0,29,0,0,29,0,45285,3542,784,151,48827,935,29,0
05/30/2021,JEFFERSON,1,21,0,1,22,1,45306,3543,785,151,48849,936,22,1
05/31/2021,JEFFERSON,1,20,1,0,21,1,45326,3544,785,152,48870,937,21,1
06/01/2021,JEFFERSON,2,24,0,2,26,2,45350,3546,787,152,48896,939,26,2
06/02/2021,JEFFERSON,4,27,0,1,31,1,45377,3550,788,152,48927,940,31,1
06/03/2021,JEFFERSON,2,33,0,0,35,0,45410,3552,788,152,48962,940,35,0
06/04/2021,JEFFERSON,4,42,0,0,46,0,45452,3556,788,152,49008,940,46,0
06/05/2021,JEFFERSON,2,25,0,0,27,0,45477,3558,788,152,49035,940,27,0
06/06/2021,JEFFERSON,1,9,0,0,10,0,45486,3559,788,152,49045,940,10,0
06/07/2021,JEFFERSON,3,21,0,1,24,1,45507,3562,789,152,49069,941,24,1
06/08/2021,JEFFERSON,2,19,0,1,21,1,45526,3564,790,152,49090,942,21,1
06/09/2021,JEFFERSON,3,38,0,1,41,1,45564,3567,791,152,49131,943,41,1
06/10/2021,JEFFERSON,0,29,0,0,29,0,45593,3567,791,152,49160,943,29,0
06/11/2021,JEFFERSON,9,16,0,0,25,0,45609,3576,791,152,49185,943,25,0
06/12/2021,JEFFERSON,7,29,0,0,36,0,45638,3583,791,152,49221,943,36,0
06/13/2021,JEFFERSON,0,6,0,0,6,0,45644,3583,791,152,49227,943,6,0
06/14/2021,JEFFERSON,5,19,0,1,24,1,45663,3588,792,152,49251,944,24,1
06/15/2021,JEFFERSON,0,15,0,1,15,1,45678,3588,793,152,49266,945,15,1
06/16/2021,JEFFERSON,3,21,0,0,24,0,45699,3591,793,152,49290,945,24,0
06/17/2021,JEFFERSON,1,13,0,0,14,0,45712,3592,793,152,49304,945,14,0
06/18/2021,JEFFERSON,2,27,0,1,29,1,45739,3594,794,152,49333,946,29,1
06/19/2021,JEFFERSON,2,14,0,0,16,0,45753,3596,794,152,49349,946,16,0
06/20/2021,JEFFERSON,1,15,0,0,16,0,45768,3597,794,152,49365,946,16,0
06/21/2021,JEFFERSON,5,19,0,0,24,0,45787,3602,794,152,49389,946,24,0
06/22/2021,JEFFERSON,3,17,0,0,20,0,45804,3605,794,152,49409,946,20,0
06/23/2021,JEFFERSON,6,43,0,0,49,0,45847,3611,794,152,49458,946,49,0
06/24/2021,JEFFERSON,1,15,0,0,16,0,45862,3612,794,152,49474,946,16,0
06/25/2021,JEFFERSON,6,24,0,0,30,0,45886,3618,794,152,49504,946,30,0
06/26/2021,JEFFERSON,2,22,0,0,24,0,45908,3620,794,152,49528,946,24,0
06/27/2021,JEFFERSON,1,13,0,0,14,0,45921,3621,794,152,49542,946,14,0
06/28/2021,JEFFERSON,3,19,0,0,22,0,45940,3624,794,152,49564,946,22,0
06/29/2021,JEFFERSON,4,25,0,0,29,0,45965,3628,794,152,49593,946,29,0
06/30/2021,JEFFERSON,6,26,0,0,32,0,45991,3634,794,152,49625,946,32,0
07/01/2021,JEFFERSON,1,31,0,0,32,0,46022,3635,794,152,49657,946,32,0
07/02/2021,JEFFERSON,3,16,1,0,19,1,46038,3638,794,153,49676,947,19,1
07/03/2021,JEFFERSON,2,15,0,0,17,0,46053,3640,794,153,49693,947,17,0
07/04/2021,JEFFERSON,2,19,0,0,21,0,46072,3642,794,153,49714,947,21,0
07/05/2021,JEFFERSON,2,13,0,0,15,0,46085,3644,794,153,49729,947,15,0
07/06/2021,JEFFERSON,4,17,0,0,21,0,46102,3648,794,153,49750,947,21,0
07/07/2021,JEFFERSON,3,31,0,1,34,1,46133,3651,795,153,49784,948,34,1
07/08/2021,JEFFERSON,3,23,0,0,26,0,46156,3654,795,153,49810,948,26,0
07/09/2021,JEFFERSON,5,37,0,1,42,1,46193,3659,796,153,49852,949,42,1
07/10/2021,JEFFERSON,3,23,0,0,26,0,46216,3662,796,153,49878,949,26,0
07/11/2021,JEFFERSON,3,16,1,0,19,1,46232,3665,796,154,49897,950,19,1
07/12/2021,JEFFERSON,5,36,0,0,41,0,46268,3670,796,154,49938,950,41,0
07/13/2021,JEFFERSON,2,27,0,2,29,2,46295,3672,798,154,49967,952,29,2
07/14/2021,JEFFERSON,2,29,0,0,31,0,46324,3674,798,154,49998,952,31,0
07/15/2021,JEFFERSON,8,26,0,0,34,0,46350,3682,798,154,50032,952,34,0
07/16/2021,JEFFERSON,18,35,0,0,53,0,46385,3700,798,154,50085,952,53,0
07/17/2021,JEFFERSON,3,18,0,2,21,2,46403,3703,800,154,50106,954,21,2
07/18/2021,JEFFERSON,5,31,0,1,36,1,46434,3708,801,154,50142,955,36,1
07/19/2021,JEFFERSON,9,34,0,1,43,1,46468,3717,802,154,50185,956,43,1
07/20/2021,JEFFERSON,5,42,0,0,47,0,46510,3722,802,154,50232,956,47,0
07/21/2021,JEFFERSON,8,60,0,0,68,0,46570,3730,802,154,50300,956,68,0
07/22/2021,JEFFERSON,12,44,0,0,56,0,46614,3742,802,154,50356,956,56,0
07/23/2021,JEFFERSON,11,58,0,0,69,0,46672,3753,802,154,50425,956,69,0
07/24/2021,JEFFERSON,9,59,1,1,68,2,46731,3762,803,155,50493,958,68,2
07/25/2021,JEFFERSON,5,38,0,0,43,0,46769,3767,803,155,50536,958,43,0
07/26/2021,JEFFERSON,9,64,1,1,73,2,46833,3776,804,156,50609,960,73,2
07/27/2021,JEFFERSON,9,74,0,0,83,0,46907,3785,804,156,50692,960,83,0
07/28/2021,JEFFERSON,6,83,0,1,89,1,46990,3791,805,156,50781,961,89,1
07/29/2021,JEFFERSON,8,59,0,0,67,0,47049,3799,805,156,50848,961,67,0
07/30/2021,JEFFERSON,14,89,0,1,103,1,47138,3813,806,156,50951,962,103,1
07/31/2021,JEFFERSON,11,71,0,0,82,0,47209,3824,806,156,51033,962,82,0
08/01/2021,JEFFERSON,14,54,0,0,68,0,47263,3838,806,156,51101,962,68,0
08/02/2021,JEFFERSON,10,69,0,0,79,0,47332,3848,806,156,51180,962,79,0
08/03/2021,JEFFERSON,21,100,0,1,121,1,47432,3869,807,156,51301,963,121,1
08/04/2021,JEFFERSON,13,80,0,0,93,0,47512,3882,807,156,51394,963,93,0
08/05/2021,JEFFERSON,13,67,0,0,80,0,47579,3895,807,156,51474,963,80,0
08/06/2021,JEFFERSON,13,88,0,0,101,0,47667,3908,807,156,51575,963,101,0
08/07/2021,JEFFERSON,13,86,0,1,99,1,47753,3921,808,156,51674,964,99,1
08/08/2021,JEFFERSON,10,45,0,0,55,0,47798,3931,808,156,51729,964,55,0
08/09/2021,JEFFERSON,8,27,0,1,35,1,47825,3939,809,156,51764,965,35,1
08/10/2021,JEFFERSON,17,73,0,1,90,1,47898,3956,810,156,51854,966,90,1
08/11/2021,JEFFERSON,19,158,1,3,177,4,48056,3975,813,157,52031,970,177,4
08/12/2021,JEFFERSON,8,97,0,1,105,1,48153,3983,814,157,52136,971,105,1
08/13/2021,JEFFERSON,10,104,0,1,114,1,48257,3993,815,157,52250,972,114,1
08/14/2021,JEFFERSON,11,82,0,1,93,1,48339,4004,816,157,52343,973,93,1
08/15/2021,JEFFERSON,6,40,0,0,46,0,48379,4010,816,157,52389,973,46,0
08/16/2021,JEFFERSON,10,69,0,1,79,1,48448,4020,817,157,52468,974,79,1
08/17/2021,JEFFERSON,18,204,0,0,222,0,48652,4038,817,157,52690,974,222,0
08/18/2021,JEFFERSON,16,127,0,2,143,2,48779,4054,819,157,52833,976,143,2
08/19/2021,JEFFERSON,9,133,1,1,142,2,48912,4063,820,158,52975,978,142,2
08/20/2021,JEFFERSON,12,146,0,0,158,0,49058,4075,820,158,53133,978,158,0
08/21/2021,JEFFERSON,12,104,0,1,116,1,49162,4087,821,158,53249,979,116,1
08/22/2021,JEFFERSON,6,85,0,0,91,0,49247,4093,821,158,53340,979,91,0
08/23/2021,JEFFERSON,16,98,0,0,114,0,49345,4109,821,158,53454,979,114,0
08/24/2021,JEFFERSON,14,141,0,2,155,2,49486,4123,823,158,53609,981,155,2
08/25/2021,JEFFERSON,18,120,0,3,138,3,49606,4141,826,158,53747,984,138,3
08/26/2021,JEFFERSON,17,125,0,0,142,0,49731,4158,826,158,53889,984,142,0
08/27/2021,JEFFERSON,23,110,0,1,133,1,49841,4181,827,158,54022,985,133,1
08/28/2021,JEFFERSON,6,121,0,0,127,0,49962,4187,827,158,54149,985,127,0
08/29/2021,JEFFERSON,6,99,0,1,105,1,50061,4193,828,158,54254,986,105,1
08/30/2021,JEFFERSON,18,98,0,0,116,0,50159,4211,828,158,54370,986,116,0
08/31/2021,JEFFERSON,24,152,0,1,176,1,50311,4235,829,158,54546,987,176,1
09/01/2021,JEFFERSON,21,151,0,0,172,0,50462,4256,829,158,54718,987,172,0
09/02/2021,JEFFERSON,18,132,2,2,150,4,50594,4274,831,160,54868,991,150,4
09/03/2021,JEFFERSON,8,203,0,1,211,1,50797,4282,832,160,55079,992,211,1
09/04/2021,JEFFERSON,12,166,0,0,178,0,50963,4294,832,160,55257,992,178,0
09/05/2021,JEFFERSON,10,102,0,3,112,3,51065,4304,835,160,55369,995,112,3
09/06/2021,JEFFERSON,3,72,0,1,75,1,51137,4307,836,160,55444,996,75,1
09/07/2021,JEFFERSON,10,103,0,3,113,3,51240,4317,839,160,55557,999,113,3
09/08/2021,JEFFERSON,16,148,0,0,164,0,51388,4333,839,160,55721,999,164,0
09/09/2021,JEFFERSON,11,284,0,3,295,3,51672,4344,842,160,56016,1002,295,3
09/10/2021,JEFFERSON,15,187,0,1,202,1,51859,4359,843,160,56218,1003,202,1
09/11/2021,JEFFERSON,3,171,0,0,174,0,52030,4362,843,160,56392,1003,174,0
09/12/2021,JEFFERSON,8,85,0,0,93,0,52115,4370,843,160,56485,1003,93,0
09/13/2021,JEFFERSON,12,117,0,2,129,2,52232,4382,845,160,56614,1005,129,2
09/14/2021,JEFFERSON,18,174,0,2,192,2,52406,4400,847,160,56806,1007,192,2
09/15/2021,JEFFERSON,16,173,0,3,189,3,52579,4416,850,160,56995,1010,189,3
09/16/2021,JEFFERSON,18,160,0,4,178,4,52739,4434,854,160,57173,1014,178,4
09/17/2021,JEFFERSON,16,202,0,2,218,2,52941,4450,856,160,57391,1016,218,2
09/18/2021,JEFFERSON,14,128,0,0,142,0,53069,4464,856,160,57533,1016,142,0
09/19/2021,JEFFERSON,9,102,0,1,111,1,53171,4473,857,160,57644,1017,111,1
09/20/2021,JEFFERSON,14,111,1,2,125,3,53282,4487,859,161,57769,1020,125,3
09/21/2021,JEFFERSON,15,155,0,1,170,1,53437,4502,860,161,57939,1021,170,1
09/22/2021,JEFFERSON,15,137,0,1,152,1,53574,4517,861,161,58091,1022,152,1
09/23/2021,JEFFERSON,11,148,0,1,159,1,53722,4528,862,161,58250,1023,159,1
09/24/2021,JEFFERSON,12,132,0,1,144,1,53854,4540,863,161,58394,1024,144,1
09/25/2021,JEFFERSON,14,120,0,0,134,0,53974,4554,863,161,58528,1024,134,0
09/26/2021,JEFFERSON,20,82,0,0,102,0,54056,4574,863,161,58630,1024,102,0
09/27/2021,JEFFERSON,15,98,0,3,113,3,54154,4589,866,161,58743,1027,113,3
09/28/2021,JEFFERSON,33,127,0,0,160,0,54281,4622,866,161,58903,1027,160,0
09/29/2021,JEFFERSON,28,161,0,1,189,1,54442,4650,867,161,59092,1028,189,1
09/30/2021,JEFFERSON,27,187,0,1,214,1,54629,4677,868,161,59306,1029,214,1
10/01/2021,JEFFERSON,17,165,0,1,182,1,54794,4694,869,161,59488,1030,182,1
10/02/2021,JEFFERSON,5,141,0,3,146,3,54935,4699,872,161,59634,1033,146,3
10/03/2021,JEFFERSON,5,97,0,0,102,0,55032,4704,872,161,59736,1033,102,0
10/04/2021,JEFFERSON,20,130,0,3,150,3,55162,4724,875,161,59886,1036,150,3
10/05/2021,JEFFERSON,16,144,1,2,160,3,55306,4740,877,162,60046,1039,160,3
10/06/2021,JEFFERSON,28,154,0,0,182,0,55460,4768,877,162,60228,1039,182,0
10/07/2021,JEFFERSON,23,188,0,2,211,2,55648,4791,879,162,60439,1041,211,2
10/08/2021,JEFFERSON,17,167,0,2,184,2,55815,4808,881,162,60623,1043,184,2
10/09/2021,JEFFERSON,16,168,0,1,184,1,55983,4824,882,162,60807,1044,184,1
10/10/2021,JEFFERSON,11,101,0,1,112,1,56084,4835,883,162,60919,1045,112,1
10/11/2021,JEFFERSON,27,109,0,1,136,1,56193,4862,884,162,61055,1046,136,1
10/12/2021,JEFFERSON,12,163,0,1,175,1,56356,4874,885,162,61230,1047,175,1
10/13/2021,JEFFERSON,13,183,0,1,196,1,56539,4887,886,162,61426,1048,196,1
10/14/2021,JEFFERSON,24,197,0,2,221,2,56736,4911,888,162,61647,1050,221,2
10/15/2021,JEFFERSON,14,168,1,0,182,1,56904,4925,888,163,61829,1051,182,1
10/16/2021,JEFFERSON,14,130,0,2,144,2,57034,4939,890,163,61973,1053,144,2
10/17/2021,JEFFERSON,7,92,0,1,99,1,57126,4946,891,163,62072,1054,99,1
10/18/2021,JEFFERSON,23,106,0,1,129,1,57232,4969,892,163,62201,1055,129,1
10/19/2021,JEFFERSON,36,183,1,4,219,5,57415,5005,896,164,62420,1060,219,5
10/20/2021,JEFFERSON,32,200,0,0,232,0,57615,5037,896,164,62652,1060,232,0
10/21/2021,JEFFERSON,31,198,0,4,229,4,57813,5068,900,164,62881,1064,229,4
10/22/2021,JEFFERSON,26,252,1,2,278,3,58065,5094,902,165,63159,1067,278,3
10/23/2021,JEFFERSON,32,201,0,2,233,2,58266,5126,904,165,63392,1069,233,2
10/24/2021,JEFFERSON,48,175,1,2,223,3,58441,5174,906,166,63615,1072,223,3
10/25/2021,JEFFERSON,32,135,1,3,167,4,58576,5206,909,167,63782,1076,167,4
10/26/2021,JEFFERSON,41,236,0,4,277,4,58812,5247,913,167,64059,1080,277,4
10/27/2021,JEFFERSON,33,288,0,4,321,4,59100,5280,917,167,64380,1084,321,4
10/28/2021,JEFFERSON,46,303,1,6,349,7,59403,5326,923,168,64729,1091,349,7
10/29/2021,JEFFERSON,24,231,1,5,255,6,59634,5350,928,169,64984,1097,255,6
10/30/2021,JEFFERSON,16,313,0,3,329,3,59947,5366,931,169,65313,1100,329,3
10/31/2021,JEFFERSON,20,158,0,2,178,2,60105,5386,933,169,65491,1102,178,2
11/01/2021,JEFFERSON,39,142,0,0,181,0,60247,5425,933,169,65672,1102,181,0
11/02/2021,JEFFERSON,34,221,0,4,255,4,60468,5459,937,169,65927,1106,255,4
11/03/2021,JEFFERSON,46,343,1,4,389,5,60811,5505,941,170,66316,1111,389,5
11/04/2021,JEFFERSON,36,297,0,2,333,2,61108,5541,943,170,66649,1113,333,2
11/05/2021,JEFFERSON,43,277,0,1,320,1,61385,5584,944,170,66969,1114,320,1
11/06/2021,JEFFERSON,24,318,0,0,342,0,61703,5608,944,170,67311,1114,342,0
11/07/2021,JEFFERSON,24,216,0,1,240,1,61919,5632,945,170,67551,1115,240,1
11/08/2021,JEFFERSON,56,140,0,2,196,2,62059,5688,947,170,67747,1117,196,2
11/09/2021,JEFFERSON,40,342,0,3,382,3,62401,5728,950,170,68129,1120,382,3
11/10/2021,JEFFERSON,40,332,0,4,372,4,62733,5768,954,170,68501,1124,372,4
11/11/2021,JEFFERSON,38,340,0,5,378,5,63073,5806,959,170,68879,1129,378,5
11/12/2021,JEFFERSON,35,306,0,3,341,3,63379,5841,962,170,69220,1132,341,3
11/13/2021,JEFFERSON,22,321,0,2,343,2,63700,5863,964,170,69563,1134,343,2
11/14/2021,JEFFERSON,27,176,1,1,203,2,63876,5890,965,171,69766,1136,203,2
11/15/2021,JEFFERSON,41,260,1,5,301,6,64136,5931,970,172,70067,1142,301,6
11/16/2021,JEFFERSON,42,297,0,2,339,2,64433,5973,972,172,70406,1144,339,2
11/17/2021,JEFFERSON,24,428,1,2,452,3,64861,5997,974,173,70858,1147,452,3
11/18/2021,JEFFERSON,29,327,0,4,356,4,65188,6026,978,173,71214,1151,356,4
11/19/2021,JEFFERSON,15,332,0,3,347,3,65520,6041,981,173,71561,1154,347,3
11/20/2021,JEFFERSON,15,302,0,1,317,1,65822,6056,982,173,71878,1155,317,1
11/21/2021,JEFFERSON,8,112,0,3,120,3,65934,6064,985,173,71998,1158,120,3
11/22/2021,JEFFERSON,58,200,0,0,258,0,66134,6122,985,173,72256,1158,258,0
11/23/2021,JEFFERSON,42,316,0,5,358,5,66450,6164,990,173,72614,1163,358,5
11/24/2021,JEFFERSON,20,316,0,3,336,3,66766,6184,993,173,72950,1166,336,3
11/25/2021,JEFFERSON,8,97,0,1,105,1,66863,6192,994,173,73055,1167,105,1
11/26/2021,JEFFERSON,21,189,0,7,210,7,67052,6213,1001,173,73265,1174,210,7
11/27/2021,JEFFERSON,20,263,0,7,283,7,67315,6233,1008,173,73548,1181,283,7
11/28/2021,JEFFERSON,25,133,0,0,158,0,67448,6258,1008,173,73706,1181,158,0
11/29/2021,JEFFERSON,47,202,0,3,249,3,67650,6305,1011,173,73955,1184,249,3
11/30/2021,JEFFERSON,32,287,2,1,319,3,67937,6337,1012,175,74274,1187,319,3
12/01/2021,JEFFERSON,23,315,0,2,338,2,68252,6360,1014,175,74612,1189,338,2
12/02/2021,JEFFERSON,22,277,0,5,299,5,68529,6382,1019,175,74911,1194,299,5
12/03/2021,JEFFERSON,11,215,0,5,226,5,68744,6393,1024,175,75137,1199,226,5
12/04/2021,JEFFERSON,21,186,0,5,207,5,68930,6414,1029,175,75344,1204,207,5
12/05/2021,JEFFERSON,8,110,0,1,118,1,69040,6422,1030,175,75462,1205,118,1
12/06/2021,JEFFERSON,22,191,2,1,213,3,69231,6444,1031,177,75675,1208,213,3
12/07/2021,JEFFERSON,22,204,0,5,226,5,69435,6466,1036,177,75901,1213,226,5
12/08/2021,JEFFERSON,15,215,0,6,230,6,69650,6481,1042,177,76131,1219,230,6
12/09/2021,JEFFERSON,15,194,2,4,209,6,69844,6496,1046,179,76340,1225,209,6
12/10/2021,JEFFERSON,24,173,1,3,197,4,70017,6520,1049,180,76537,1229,197,4
12/11/2021,JEFFERSON,6,126,0,2,132,2,70143,6526,1051,180,76669,1231,132,2
12/12/2021,JEFFERSON,7,87,0,0,94,0,70230,6533,1051,180,76763,1231,94,0
12/13/2021,JEFFERSON,14,98,0,5,112,5,70328,6547,1056,180,76875,1236,112,5
12/14/2021,JEFFERSON,21,124,3,1,145,4,70452,6568,1057,183,77020,1240,145,4
12/15/2021,JEFFERSON,15,188,0,1,203,1,70640,6583,1058,183,77223,1241,203,1
12/16/2021,JEFFERSON,13,169,0,5,182,5,70809,6596,1063,183,77405,1246,182,5
12/17/2021,JEFFERSON,17,199,1,1,216,2,71008,6613,1064,184,77621,1248,216,2
12/18/2021,JEFFERSON,5,178,0,0,183,0,71186,6618,1064,184,77804,1248,183,0
12/19/2021,JEFFERSON,12,116,1,1,128,2,71302,6630,1065,185,77932,1250,128,2
12/20/2021,JEFFERSON,33,154,0,3,187,3,71456,6663,1068,185,78119,1253,187,3
12/21/2021,JEFFERSON,26,319,0,1,345,1,71775,6689,1069,185,78464,1254,345,1
12/22/2021,JEFFERSON,27,498,0,1,525,1,72273,6716,1070,185,78989,1255,525,1
12/23/2021,JEFFERSON,55,548,0,1,603,1,72821,6771,1071,185,79592,1256,603,1
12/24/2021,JEFFERSON,35,622,0,1,657,1,73443,6806,1072,185,80249,1257,657,1
12/25/2021,JEFFERSON,25,304,0,3,329,3,73747,6831,1075,185,80578,1260,329,3
12/26/2021,JEFFERSON,29,296,0,0,325,0,74043,6860,1075,185,80903,1260,325,0
12/27/2021,JEFFERSON,96,535,1,1,631,2,74578,6956,1076,186,81534,1262,631,2
12/28/2021,JEFFERSON,134,704,1,3,838,4,75282,7090,1079,187,82372,1266,838,4
12/29/2021,JEFFERSON,127,1068,1,4,1195,5,76350,7217,1083,188,83567,1271,1195,5
12/30/2021,JEFFERSON,106,1011,2,1,1117,3,77361,7323,1084,190,84684,1274,1117,3
12/31/2021,JEFFERSON,69,1258,1,3,1327,4,78619,7392,1087,191,86011,1278,1327,4
01/01/2022,JEFFERSON,46,651,0,4,697,4,79270,7438,1091,191,86708,1282,697,4
01/02/2022,JEFFERSON,68,533,0,1,601,1,79803,7506,1092,191,87309,1283,601,1
01/03/2022,JEFFERSON,75,627,2,4,702,6,80430,7581,1096,193,88011,1289,702,6
01/04/2022,JEFFERSON,240,1112,0,5,1352,5,81542,7821,1101,193,89363,1294,1352,5
01/05/2022,JEFFERSON,207,1435,0,10,1642,10,82977,8028,1111,193,91005,1304,1642,10
01/06/2022,JEFFERSON,148,2191,2,4,2339,6,85168,8176,1115,195,93344,1310,2339,6
01/07/2022,JEFFERSON,188,988,0,4,1176,4,86156,8364,1119,195,94520,1314,1176,4
01/08/2022,JEFFERSON,102,936,0,3,1038,3,87092,8466,1122,195,95558,1317,1038,3
01/09/2022,JEFFERSON,91,887,0,5,978,5,87979,8557,1127,195,96536,1322,978,5
01/10/2022,JEFFERSON,161,1014,1,6,1175,7,88993,8718,1133,196,97711,1329,1175,7
01/11/2022,JEFFERSON,163,1115,0,7,1278,7,90108,8881,1140,196,98989,1336,1278,7
01/12/2022,JEFFERSON,158,963,2,3,1121,5,91071,9039,1143,198,100110,1341,1121,5
01/13/2022,JEFFERSON,154,1255,0,7,1409,7,92326,9193,1150,198,101519,1348,1409,7
01/14/2022,JEFFERSON,123,1229,1,7,1352,8,93555,9316,1157,199,102871,1356,1352,8
01/15/2022,JEFFERSON,67,1017,0,4,1084,4,94572,9383,1161,199,103955,1360,1084,4
01/16/2022,JEFFERSON,50,513,0,4,563,4,95085,9433,1165,199,104518,1364,563,4
01/17/2022,JEFFERSON,64,575,0,4,639,4,95660,9497,1169,199,105157,1368,639,4
01/18/2022,JEFFERSON,143,909,0,4,1052,4,96569,9640,1173,199,106209,1372,1052,4
01/19/2022,JEFFERSON,105,1060,0,2,1165,2,97629,9745,1175,199,107374,1374,1165,2
01/20/2022,JEFFERSON,106,1086,1,2,1192,3,98715,9851,1177,200,108566,1377,1192,3
01/21/2022,JEFFERSON,90,752,0,4,842,4,99467,9941,1181,200,109408,1381,842,4
01/22/2022,JEFFERSON,49,680,0,3,729,3,100147,9990,1184,200,110137,1384,729,3
01/23/2022,JEFFERSON,35,685,0,2,720,2,100832,10025,1186,200,110857,1386,720,2
01/24/2022,JEFFERSON,112,392,3,2,504,5,101224,10137,1188,203,111361,1391,504,5
01/25/2022,JEFFERSON,93,877,0,2,970,2,102101,10230,1190,203,112331,1393,970,2
01/26/2022,JEFFERSON,94,619,4,4,713,8,102720,10324,1194,207,113044,1401,713,8
01/27/2022,JEFFERSON,75,634,1,8,709,9,103354,10399,1202,208,113753,1410,709,9
01/28/2022,JEFFERSON,71,557,0,2,628,2,103911,10470,1204,208,114381,1412,628,2
01/29/2022,JEFFERSON,20,463,0,1,483,1,104374,10490,1205,208,114864,1413,483,1
01/30/2022,JEFFERSON,22,282,0,2,304,2,104656,10512,1207,208,115168,1415,304,2
01/31/2022,JEFFERSON,40,188,0,3,228,3,104844,10552,1210,208,115396,1418,228,3
02/01/2022,JEFFERSON,48,352,0,1,400,1,105196,10600,1211,208,115796,1419,400,1
02/02/2022,JEFFERSON,17,333,0,2,350,2,105529,10617,1213,208,116146,1421,350,2
02/03/2022,JEFFERSON,29,187,1,0,216,1,105716,10646,1213,209,116362,1422,216,1
02/04/2022,JEFFERSON,66,225,1,3,291,4,105941,10712,1216,210,116653,1426,291,4
02/05/2022,JEFFERSON,32,256,1,2,288,3,106197,10744,1218,211,116941,1429,288,3
02/06/2022,JEFFERSON,16,88,0,0,104,0,106285,10760,1218,211,117045,1429,104,0
02/07/2022,JEFFERSON,22,108,0,2,130,2,106393,10782,1220,211,117175,1431,130,2
02/08/2022,JEFFERSON,51,228,0,0,279,0,106621,10833,1220,211,117454,1431,279,0
02/09/2022,JEFFERSON,23,191,3,3,214,6,106812,10856,1223,214,117668,1437,214,6
02/10/2022,JEFFERSON,13,160,0,0,173,0,106972,10869,1223,214,117841,1437,173,0
02/11/2022,JEFFERSON,31,149,0,1,180,1,107121,10900,1224,214,118021,1438,180,1
02/12/2022,JEFFERSON,10,83,0,1,93,1,107204,10910,1225,214,118114,1439,93,1
02/13/2022,JEFFERSON,5,43,0,1,48,1,107247,10915,1226,214,118162,1440,48,1
02/14/2022,JEFFERSON,16,45,1,0,61,1,107292,10931,1226,215,118223,1441,61,1
02/15/2022,JEFFERSON,22,107,2,0,129,2,107399,10953,1226,217,118352,1443,129,2
02/16/2022,JEFFERSON,12,90,0,1,102,1,107489,10965,1227,217,118454,1444,102,1
02/17/2022,JEFFERSON,14,82,0,1,96,1,107571,10979,1228,217,118550,1445,96,1
02/18/2022,JEFFERSON,10,53,0,0,63,0,107624,10989,1228,217,118613,1445,63,0
02/19/2022,JEFFERSON,3,55,0,0,58,0,107679,10992,1228,217,118671,1445,58,0
02/20/2022,JEFFERSON,4,41,0,1,45,1,107720,10996,1229,217,118716,1446,45,1
02/21/2022,JEFFERSON,11,40,0,0,51,0,107760,11007,1229,217,118767,1446,51,0
02/22/2022,JEFFERSON,5,58,1,0,63,1,107818,11012,1229,218,118830,1447,63,1
02/23/2022,JEFFERSON,9,73,0,1,82,1,107891,11021,1230,218,118912,1448,82,1
02/24/2022,JEFFERSON,25,39,0,0,64,0,107930,11046,1230,218,118976,1448,64,0
02/25/2022,JEFFERSON,18,78,0,1,96,1,108008,11064,1231,218,119072,1449,96,1
02/26/2022,JEFFERSON,4,43,0,0,47,0,108051,11068,1231,218,119119,1449,47,0
02/27/2022,JEFFERSON,1,27,0,0,28,0,108078,11069,1231,218,119147,1449,28,0
02/28/2022,JEFFERSON,9,29,1,0,38,1,108107,11078,1231,219,119185,1450,38,1
03/01/2022,JEFFERSON,19,74,0,0,93,0,108181,11097,1231,219,119278,1450,93,0
03/02/2022,JEFFERSON,7,54,1,0,61,1,108235,11104,1231,220,119339,1451,61,1
03/03/2022,JEFFERSON,25,59,0,0,84,0,108294,11129,1231,220,119423,1451,84,0
03/04/2022,JEFFERSON,5,37,0,0,42,0,108331,11134,1231,220,119465,1451,42,0
03/05/2022,JEFFERSON,2,17,0,1,19,1,108348,11136,1232,220,119484,1452,19,1
03/06/2022,JEFFERSON,3,4,0,0,7,0,108352,11139,1232,220,119491,1452,7,0
03/07/2022,JEFFERSON,42,7,0,1,49,1,108359,11181,1233,220,119540,1453,49,1
03/08/2022,JEFFERSON,61,21,0,2,82,2,108380,11242,1235,220,119622,1455,82,2
03/09/2022,JEFFERSON,14,10,0,0,24,0,108390,11256,1235,220,119646,1455,24,0
03/10/2022,JEFFERSON,43,12,0,1,55,1,108402,11299,1236,220,119701,1456,55,1
03/11/2022,JEFFERSON,6,1,0,0,7,0,108403,11305,1236,220,119708,1456,7,0
03/12/2022,JEFFERSON,0,11,0,0,11,0,108414,11305,1236,220,119719,1456,11,0
03/13/2022,JEFFERSON,0,13,0,0,13,0,108427,11305,1236,220,119732,1456,13,0
03/14/2022,JEFFERSON,31,29,1,0,60,1,108456,11336,1236,221,119792,1457,60,1
03/15/2022,JEFFERSON,38,29,0,0,67,0,108485,11374,1236,221,119859,1457,67,0
03/16/2022,JEFFERSON,25,20,0,0,45,0,108505,11399,1236,221,119904,1457,45,0
03/17/2022,JEFFERSON,40,40,0,0,80,0,108545,11439,1236,221,119984,1457,80,0
03/18/2022,JEFFERSON,5,44,0,0,49,0,108589,11444,1236,221,120033,1457,49,0
03/19/2022,JEFFERSON,1,17,0,0,18,0,108606,11445,1236,221,120051,1457,18,0
03/20/2022,JEFFERSON,1,8,0,0,9,0,108614,11446,1236,221,120060,1457,9,0
09/22/2020,KIOWA,0,1,0,0,1,0,1,0,0,0,1,0,-120059,-1457
10/14/2020,KIOWA,0,1,0,0,1,0,2,0,0,0,2,0,1,0
10/16/2020,KIOWA,0,1,0,0,1,0,3,0,0,0,3,0,1,0
10/24/2020,KIOWA,0,1,0,0,1,0,4,0,0,0,4,0,1,0
10/29/2020,KIOWA,0,1,0,0,1,0,5,0,0,0,5,0,1,0
10/30/2020,KIOWA,0,1,0,0,1,0,6,0,0,0,6,0,1,0
11/07/2020,KIOWA,0,2,0,0,2,0,8,0,0,0,8,0,2,0
11/08/2020,KIOWA,0,1,0,0,1,0,9,0,0,0,9,0,1,0
11/11/2020,KIOWA,1,4,0,1,5,1,13,1,1,0,14,1,5,1
11/13/2020,KIOWA,0,1,0,0,1,0,14,1,1,0,15,1,1,0
11/14/2020,KIOWA,0,1,0,0,1,0,15,1,1,0,16,1,1,0
11/17/2020,KIOWA,0,1,0,0,1,0,16,1,1,0,17,1,1,0
11/18/2020,KIOWA,0,1,0,0,1,0,17,1,1,0,18,1,1,0
11/19/2020,KIOWA,0,1,0,0,1,0,18,1,1,0,19,1,1,0
11/20/2020,KIOWA,0,1,0,0,1,0,19,1,1,0,20,1,1,0
11/22/2020,KIOWA,0,1,0,0,1,0,20,1,1,0,21,1,1,0
11/24/2020,KIOWA,0,1,0,0,1,0,21,1,1,0,22,1,1,0
11/27/2020,KIOWA,0,1,0,0,1,0,22,1,1,0,23,1,1,0
11/29/2020,KIOWA,0,1,0,0,1,0,23,1,1,0,24,1,1,0
11/30/2020,KIOWA,0,2,0,0,2,0,25,1,1,0,26,1,2,0
12/03/2020,KIOWA,0,8,0,0,8,0,33,1,1,0,34,1,8,0
12/04/2020,KIOWA,0,1,0,0,1,0,34,1,1,0,35,1,1,0
12/06/2020,KIOWA,0,1,0,0,1,0,35,1,1,0,36,1,1,0
12/07/2020,KIOWA,1,3,0,0,4,0,38,2,1,0,40,1,4,0
12/08/2020,KIOWA,2,3,0,0,5,0,41,4,1,0,45,1,5,0
12/09/2020,KIOWA,0,7,0,1,7,1,48,4,2,0,52,2,7,1
12/10/2020,KIOWA,0,2,0,0,2,0,50,4,2,0,54,2,2,0
12/11/2020,KIOWA,0,2,0,0,2,0,52,4,2,0,56,2,2,0
12/14/2020,KIOWA,2,0,0,0,2,0,52,6,2,0,58,2,2,0
12/15/2020,KIOWA,1,0,0,0,1,0,52,7,2,0,59,2,1,0
12/16/2020,KIOWA,1,1,0,0,2,0,53,8,2,0,61,2,2,0
12/17/2020,KIOWA,0,3,0,0,3,0,56,8,2,0,64,2,3,0
12/18/2020,KIOWA,1,1,0,0,2,0,57,9,2,0,66,2,2,0
12/19/2020,KIOWA,0,4,0,0,4,0,61,9,2,0,70,2,4,0
12/21/2020,KIOWA,0,4,0,0,4,0,65,9,2,0,74,2,4,0
12/24/2020,KIOWA,0,1,0,0,1,0,66,9,2,0,75,2,1,0
12/26/2020,KIOWA,0,1,0,0,1,0,67,9,2,0,76,2,1,0
12/31/2020,KIOWA,0,1,0,0,1,0,68,9,2,0,77,2,1,0
01/08/2021,KIOWA,0,2,0,0,2,0,70,9,2,0,79,2,2,0
01/09/2021,KIOWA,0,1,0,1,1,1,71,9,3,0,80,3,1,1
01/11/2021,KIOWA,1,0,0,0,1,0,71,10,3,0,81,3,1,0
01/14/2021,KIOWA,0,1,0,0,1,0,72,10,3,0,82,3,1,0
01/15/2021,KIOWA,0,1,0,0,1,0,73,10,3,0,83,3,1,0
01/18/2021,KIOWA,2,0,0,0,2,0,73,12,3,0,85,3,2,0
01/21/2021,KIOWA,1,1,0,0,2,0,74,13,3,0,87,3,2,0
01/26/2021,KIOWA,2,0,0,0,2,0,74,15,3,0,89,3,2,0
01/27/2021,KIOWA,1,0,0,0,1,0,74,16,3,0,90,3,1,0
01/31/2021,KIOWA,0,1,0,0,1,0,75,16,3,0,91,3,1,0
02/11/2021,KIOWA,0,1,0,0,1,0,76,16,3,0,92,3,1,0
02/12/2021,KIOWA,0,1,0,0,1,0,77,16,3,0,93,3,1,0
03/30/2021,KIOWA,0,1,0,0,1,0,78,16,3,0,94,3,1,0
04/07/2021,KIOWA,0,1,0,0,1,0,79,16,3,0,95,3,1,0
05/03/2021,KIOWA,0,2,0,0,2,0,81,16,3,0,97,3,2,0
08/05/2021,KIOWA,0,2,0,0,2,0,83,16,3,0,99,3,2,0
08/12/2021,KIOWA,0,2,0,0,2,0,85,16,3,0,101,3,2,0
08/17/2021,KIOWA,1,1,0,0,2,0,86,17,3,0,103,3,2,0
08/18/2021,KIOWA,1,0,0,0,1,0,86,18,3,0,104,3,1,0
08/19/2021,KIOWA,0,1,0,0,1,0,87,18,3,0,105,3,1,0
08/23/2021,KIOWA,0,5,0,1,5,1,92,18,4,0,110,4,5,1
08/26/2021,KIOWA,0,1,0,0,1,0,93,18,4,0,111,4,1,0
09/02/2021,KIOWA,0,2,0,0,2,0,95,18,4,0,113,4,2,0
09/10/2021,KIOWA,0,1,0,0,1,0,96,18,4,0,114,4,1,0
09/13/2021,KIOWA,0,1,0,0,1,0,97,18,4,0,115,4,1,0
09/17/2021,KIOWA,0,1,0,0,1,0,98,18,4,0,116,4,1,0
09/19/2021,KIOWA,0,1,0,0,1,0,99,18,4,0,117,4,1,0
09/21/2021,KIOWA,0,1,0,0,1,0,100,18,4,0,118,4,1,0
09/23/2021,KIOWA,0,3,0,0,3,0,103,18,4,0,121,4,3,0
09/24/2021,KIOWA,0,1,0,0,1,0,104,18,4,0,122,4,1,0
09/28/2021,KIOWA,1,1,0,0,2,0,105,19,4,0,124,4,2,0
10/02/2021,KIOWA,0,1,0,0,1,0,106,19,4,0,125,4,1,0
10/04/2021,KIOWA,0,1,0,0,1,0,107,19,4,0,126,4,1,0
10/05/2021,KIOWA,0,1,0,0,1,0,108,19,4,0,127,4,1,0
10/06/2021,KIOWA,0,1,0,0,1,0,109,19,4,0,128,4,1,0
10/07/2021,KIOWA,0,1,0,0,1,0,110,19,4,0,129,4,1,0
10/08/2021,KIOWA,0,1,0,0,1,0,111,19,4,0,130,4,1,0
10/09/2021,KIOWA,0,1,0,0,1,0,112,19,4,0,131,4,1,0
10/10/2021,KIOWA,0,1,0,0,1,0,113,19,4,0,132,4,1,0
10/11/2021,KIOWA,0,3,0,0,3,0,116,19,4,0,135,4,3,0
10/12/2021,KIOWA,1,0,0,0,1,0,116,20,4,0,136,4,1,0
10/13/2021,KIOWA,1,11,0,0,12,0,127,21,4,0,148,4,12,0
10/14/2021,KIOWA,0,36,0,0,36,0,163,21,4,0,184,4,36,0
10/15/2021,KIOWA,1,4,0,0,5,0,167,22,4,0,189,4,5,0
10/16/2021,KIOWA,0,2,0,0,2,0,169,22,4,0,191,4,2,0
10/17/2021,KIOWA,1,3,0,0,4,0,172,23,4,0,195,4,4,0
10/18/2021,KIOWA,3,2,0,0,5,0,174,26,4,0,200,4,5,0
10/19/2021,KIOWA,2,4,0,0,6,0,178,28,4,0,206,4,6,0
10/20/2021,KIOWA,0,2,0,0,2,0,180,28,4,0,208,4,2,0
10/21/2021,KIOWA,1,1,0,0,2,0,181,29,4,0,210,4,2,0
10/22/2021,KIOWA,1,0,0,0,1,0,181,30,4,0,211,4,1,0
10/24/2021,KIOWA,2,1,0,0,3,0,182,32,4,0,214,4,3,0
10/25/2021,KIOWA,2,4,0,0,6,0,186,34,4,0,220,4,6,0
10/26/2021,KIOWA,3,3,0,0,6,0,189,37,4,0,226,4,6,0
10/27/2021,KIOWA,1,1,0,0,2,0,190,38,4,0,228,4,2,0
10/28/2021,KIOWA,3,2,0,0,5,0,192,41,4,0,233,4,5,0
10/29/2021,KIOWA,2,2,0,0,4,0,194,43,4,0,237,4,4,0
10/30/2021,KIOWA,0,1,0,0,1,0,195,43,4,0,238,4,1,0
11/01/2021,KIOWA,0,1,0,0,1,0,196,43,4,0,239,4,1,0
11/02/2021,KIOWA,1,0,0,0,1,0,196,44,4,0,240,4,1,0
11/03/2021,KIOWA,0,1,0,0,1,0,197,44,4,0,241,4,1,0
11/04/2021,KIOWA,6,1,0,0,7,0,198,50,4,0,248,4,7,0
11/08/2021,KIOWA,1,0,0,0,1,0,198,51,4,0,249,4,1,0
11/09/2021,KIOWA,0,1,0,0,1,0,199,51,4,0,250,4,1,0
11/10/2021,KIOWA,2,0,0,0,2,0,199,53,4,0,252,4,2,0
11/11/2021,KIOWA,4,0,0,0,4,0,199,57,4,0,256,4,4,0
11/15/2021,KIOWA,2,0,0,0,2,0,199,59,4,0,258,4,2,0
11/16/2021,KIOWA,1,2,0,0,3,0,201,60,4,0,261,4,3,0
11/18/2021,KIOWA,1,0,0,0,1,0,201,61,4,0,262,4,1,0
11/21/2021,KIOWA,0,1,0,0,1,0,202,61,4,0,263,4,1,0
11/22/2021,KIOWA,1,0,0,0,1,0,202,62,4,0,264,4,1,0
11/23/2021,KIOWA,1,0,0,0,1,0,202,63,4,0,265,4,1,0
11/26/2021,KIOWA,1,1,0,0,2,0,203,64,4,0,267,4,2,0
11/29/2021,KIOWA,2,0,0,0,2,0,203,66,4,0,269,4,2,0
11/30/2021,KIOWA,1,0,0,0,1,0,203,67,4,0,270,4,1,0
12/01/2021,KIOWA,1,0,0,0,1,0,203,68,4,0,271,4,1,0
12/02/2021,KIOWA,0,1,0,0,1,0,204,68,4,0,272,4,1,0
12/03/2021,KIOWA,1,0,0,0,1,0,204,69,4,0,273,4,1,0
12/06/2021,KIOWA,2,2,0,0,4,0,206,71,4,0,277,4,4,0
12/07/2021,KIOWA,1,0,0,0,1,0,206,72,4,0,278,4,1,0
12/10/2021,KIOWA,1,0,0,0,1,0,206,73,4,0,279,4,1,0
12/13/2021,KIOWA,1,0,0,0,1,0,206,74,4,0,280,4,1,0
12/14/2021,KIOWA,0,1,0,0,1,0,207,74,4,0,281,4,1,0
12/23/2021,KIOWA,0,1,0,0,1,0,208,74,4,0,282,4,1,0
12/29/2021,KIOWA,0,1,0,0,1,0,209,74,4,0,283,4,1,0
01/03/2022,KIOWA,2,0,0,0,2,0,209,76,4,0,285,4,2,0
01/04/2022,KIOWA,2,0,0,0,2,0,209,78,4,0,287,4,2,0
01/05/2022,KIOWA,2,1,0,0,3,0,210,80,4,0,290,4,3,0
01/10/2022,KIOWA,1,0,1,0,1,1,210,81,4,1,291,5,1,1
01/11/2022,KIOWA,3,0,0,0,3,0,210,84,4,1,294,5,3,0
01/12/2022,KIOWA,1,2,0,0,3,0,212,85,4,1,297,5,3,0
01/13/2022,KIOWA,2,1,0,0,3,0,213,87,4,1,300,5,3,0
01/14/2022,KIOWA,1,0,0,0,1,0,213,88,4,1,301,5,1,0
01/16/2022,KIOWA,1,0,0,0,1,0,213,89,4,1,302,5,1,0
01/18/2022,KIOWA,1,0,0,0,1,0,213,90,4,1,303,5,1,0
01/19/2022,KIOWA,1,0,0,0,1,0,213,91,4,1,304,5,1,0
01/20/2022,KIOWA,5,0,0,0,5,0,213,96,4,1,309,5,5,0
01/21/2022,KIOWA,1,0,1,0,1,1,213,97,4,2,310,6,1,1
01/23/2022,KIOWA,1,0,0,0,1,0,213,98,4,2,311,6,1,0
01/24/2022,KIOWA,3,2,0,0,5,0,215,101,4,2,316,6,5,0
01/25/2022,KIOWA,1,2,0,0,3,0,217,102,4,2,319,6,3,0
01/31/2022,KIOWA,1,0,0,0,1,0,217,103,4,2,320,6,1,0
02/01/2022,KIOWA,1,0,0,0,1,0,217,104,4,2,321,6,1,0
02/02/2022,KIOWA,1,0,0,0,1,0,217,105,4,2,322,6,1,0
02/04/2022,KIOWA,0,1,0,0,1,0,218,105,4,2,323,6,1,0
02/08/2022,KIOWA,1,1,0,0,2,0,219,106,4,2,325,6,2,0
02/09/2022,KIOWA,0,3,0,0,3,0,222,106,4,2,328,6,3,0
02/11/2022,KIOWA,0,1,0,0,1,0,223,106,4,2,329,6,1,0
02/12/2022,KIOWA,0,1,0,0,1,0,224,106,4,2,330,6,1,0
02/14/2022,KIOWA,0,1,0,0,1,0,225,106,4,2,331,6,1,0
03/04/2022,KIOWA,1,0,0,0,1,0,225,107,4,2,332,6,1,0
03/25/2020,KIT CARSON,0,1,0,0,1,0,1,0,0,0,1,0,-331,-6
03/30/2020,KIT CARSON,0,1,0,0,1,0,2,0,0,0,2,0,1,0
03/31/2020,KIT CARSON,0,2,0,0,2,0,4,0,0,0,4,0,2,0
04/03/2020,KIT CARSON,0,1,0,1,1,1,5,0,1,0,5,1,1,1
04/08/2020,KIT CARSON,0,1,0,0,1,0,6,0,1,0,6,1,1,0
04/10/2020,KIT CARSON,0,1,0,0,1,0,7,0,1,0,7,1,1,0
04/11/2020,KIT CARSON,0,1,0,0,1,0,8,0,1,0,8,1,1,0
04/15/2020,KIT CARSON,0,5,0,1,5,1,13,0,2,0,13,2,5,1
04/17/2020,KIT CARSON,0,1,0,1,1,1,14,0,3,0,14,3,1,1
04/18/2020,KIT CARSON,0,4,0,1,4,1,18,0,4,0,18,4,4,1
04/23/2020,KIT CARSON,0,1,0,0,1,0,19,0,4,0,19,4,1,0
04/25/2020,KIT CARSON,0,1,0,0,1,0,20,0,4,0,20,4,1,0
04/29/2020,KIT CARSON,0,1,0,0,1,0,21,0,4,0,21,4,1,0
05/04/2020,KIT CARSON,0,1,0,0,1,0,22,0,4,0,22,4,1,0
05/05/2020,KIT CARSON,0,2,0,0,2,0,24,0,4,0,24,4,2,0
05/08/2020,KIT CARSON,0,1,0,1,1,1,25,0,5,0,25,5,1,1
05/14/2020,KIT CARSON,1,0,1,0,1,1,25,1,5,1,26,6,1,1
06/03/2020,KIT CARSON,3,0,0,0,3,0,25,4,5,1,29,6,3,0
06/08/2020,KIT CARSON,1,0,0,0,1,0,25,5,5,1,30,6,1,0
06/13/2020,KIT CARSON,0,1,0,0,1,0,26,5,5,1,31,6,1,0
06/24/2020,KIT CARSON,1,0,0,0,1,0,26,6,5,1,32,6,1,0
06/29/2020,KIT CARSON,0,1,0,0,1,0,27,6,5,1,33,6,1,0
07/01/2020,KIT CARSON,0,2,0,0,2,0,29,6,5,1,35,6,2,0
07/06/2020,KIT CARSON,1,0,0,0,1,0,29,7,5,1,36,6,1,0
07/21/2020,KIT CARSON,0,6,0,0,6,0,35,7,5,1,42,6,6,0
07/23/2020,KIT CARSON,0,6,0,0,6,0,41,7,5,1,48,6,6,0
07/24/2020,KIT CARSON,0,3,0,0,3,0,44,7,5,1,51,6,3,0
07/28/2020,KIT CARSON,0,8,0,0,8,0,52,7,5,1,59,6,8,0
08/02/2020,KIT CARSON,0,2,0,0,2,0,54,7,5,1,61,6,2,0
08/04/2020,KIT CARSON,0,2,0,0,2,0,56,7,5,1,63,6,2,0
08/06/2020,KIT CARSON,0,1,0,0,1,0,57,7,5,1,64,6,1,0
08/12/2020,KIT CARSON,0,3,0,0,3,0,60,7,5,1,67,6,3,0
08/13/2020,KIT CARSON,0,1,0,0,1,0,61,7,5,1,68,6,1,0
08/19/2020,KIT CARSON,1,3,0,0,4,0,64,8,5,1,72,6,4,0
08/20/2020,KIT CARSON,1,1,0,0,2,0,65,9,5,1,74,6,2,0
08/30/2020,KIT CARSON,1,0,0,0,1,0,65,10,5,1,75,6,1,0
08/31/2020,KIT CARSON,0,1,0,0,1,0,66,10,5,1,76,6,1,0
09/03/2020,KIT CARSON,1,0,0,0,1,0,66,11,5,1,77,6,1,0
09/09/2020,KIT CARSON,0,1,0,0,1,0,67,11,5,1,78,6,1,0
09/17/2020,KIT CARSON,0,1,0,0,1,0,68,11,5,1,79,6,1,0
09/22/2020,KIT CARSON,0,1,0,0,1,0,69,11,5,1,80,6,1,0
09/23/2020,KIT CARSON,0,1,0,0,1,0,70,11,5,1,81,6,1,0
09/28/2020,KIT CARSON,0,3,0,0,3,0,73,11,5,1,84,6,3,0
09/29/2020,KIT CARSON,1,5,0,0,6,0,78,12,5,1,90,6,6,0
10/02/2020,KIT CARSON,0,4,0,0,4,0,82,12,5,1,94,6,4,0
10/05/2020,KIT CARSON,0,1,0,0,1,0,83,12,5,1,95,6,1,0
10/07/2020,KIT CARSON,0,4,0,0,4,0,87,12,5,1,99,6,4,0
10/08/2020,KIT CARSON,0,2,0,0,2,0,89,12,5,1,101,6,2,0
10/09/2020,KIT CARSON,0,5,0,0,5,0,94,12,5,1,106,6,5,0
10/13/2020,KIT CARSON,0,2,0,0,2,0,96,12,5,1,108,6,2,0
10/14/2020,KIT CARSON,0,1,0,0,1,0,97,12,5,1,109,6,1,0
10/16/2020,KIT CARSON,0,1,0,0,1,0,98,12,5,1,110,6,1,0
10/19/2020,KIT CARSON,0,5,0,0,5,0,103,12,5,1,115,6,5,0
10/20/2020,KIT CARSON,0,1,0,0,1,0,104,12,5,1,116,6,1,0
10/21/2020,KIT CARSON,0,6,0,0,6,0,110,12,5,1,122,6,6,0
10/22/2020,KIT CARSON,0,10,0,0,10,0,120,12,5,1,132,6,10,0
10/23/2020,KIT CARSON,1,1,0,0,2,0,121,13,5,1,134,6,2,0
10/24/2020,KIT CARSON,2,0,0,0,2,0,121,15,5,1,136,6,2,0
10/26/2020,KIT CARSON,0,7,0,0,7,0,128,15,5,1,143,6,7,0
10/27/2020,KIT CARSON,0,6,0,2,6,2,134,15,7,1,149,8,6,2
10/28/2020,KIT CARSON,0,8,0,1,8,1,142,15,8,1,157,9,8,1
10/29/2020,KIT CARSON,0,3,0,0,3,0,145,15,8,1,160,9,3,0
10/30/2020,KIT CARSON,0,3,0,0,3,0,148,15,8,1,163,9,3,0
11/02/2020,KIT CARSON,0,15,0,0,15,0,163,15,8,1,178,9,15,0
11/03/2020,KIT CARSON,0,4,0,0,4,0,167,15,8,1,182,9,4,0
11/04/2020,KIT CARSON,1,6,0,1,7,1,173,16,9,1,189,10,7,1
11/06/2020,KIT CARSON,0,7,0,0,7,0,180,16,9,1,196,10,7,0
11/08/2020,KIT CARSON,0,1,0,0,1,0,181,16,9,1,197,10,1,0
11/10/2020,KIT CARSON,0,22,0,0,22,0,203,16,9,1,219,10,22,0
11/11/2020,KIT CARSON,0,7,0,0,7,0,210,16,9,1,226,10,7,0
11/12/2020,KIT CARSON,0,7,0,1,7,1,217,16,10,1,233,11,7,1
11/13/2020,KIT CARSON,0,8,0,0,8,0,225,16,10,1,241,11,8,0
11/14/2020,KIT CARSON,1,2,0,0,3,0,227,17,10,1,244,11,3,0
11/15/2020,KIT CARSON,3,0,0,0,3,0,227,20,10,1,247,11,3,0
11/17/2020,KIT CARSON,11,5,0,0,16,0,232,31,10,1,263,11,16,0
11/18/2020,KIT CARSON,5,2,0,0,7,0,234,36,10,1,270,11,7,0
11/19/2020,KIT CARSON,3,2,0,0,5,0,236,39,10,1,275,11,5,0
11/20/2020,KIT CARSON,8,2,0,0,10,0,238,47,10,1,285,11,10,0
11/21/2020,KIT CARSON,2,1,0,0,3,0,239,49,10,1,288,11,3,0
11/22/2020,KIT CARSON,0,2,0,0,2,0,241,49,10,1,290,11,2,0
11/23/2020,KIT CARSON,2,0,0,0,2,0,241,51,10,1,292,11,2,0
11/24/2020,KIT CARSON,2,2,0,0,4,0,243,53,10,1,296,11,4,0
11/25/2020,KIT CARSON,8,2,0,0,10,0,245,61,10,1,306,11,10,0
11/26/2020,KIT CARSON,0,5,0,0,5,0,250,61,10,1,311,11,5,0
11/27/2020,KIT CARSON,1,2,0,0,3,0,252,62,10,1,314,11,3,0
11/28/2020,KIT CARSON,1,0,0,0,1,0,252,63,10,1,315,11,1,0
11/30/2020,KIT CARSON,0,3,0,0,3,0,255,63,10,1,318,11,3,0
12/01/2020,KIT CARSON,8,2,0,0,10,0,257,71,10,1,328,11,10,0
12/02/2020,KIT CARSON,10,3,0,0,13,0,260,81,10,1,341,11,13,0
12/03/2020,KIT CARSON,3,2,0,0,5,0,262,84,10,1,346,11,5,0
12/04/2020,KIT CARSON,4,2,0,0,6,0,264,88,10,1,352,11,6,0
12/05/2020,KIT CARSON,4,0,0,0,4,0,264,92,10,1,356,11,4,0
12/07/2020,KIT CARSON,8,4,0,0,12,0,268,100,10,1,368,11,12,0
12/08/2020,KIT CARSON,11,1,0,0,12,0,269,111,10,1,380,11,12,0
12/09/2020,KIT CARSON,3,1,0,0,4,0,270,114,10,1,384,11,4,0
12/10/2020,KIT CARSON,10,1,0,0,11,0,271,124,10,1,395,11,11,0
12/11/2020,KIT CARSON,7,3,0,0,10,0,274,131,10,1,405,11,10,0
12/12/2020,KIT CARSON,1,0,0,0,1,0,274,132,10,1,406,11,1,0
12/14/2020,KIT CARSON,6,2,0,0,8,0,276,138,10,1,414,11,8,0
12/15/2020,KIT CARSON,3,0,0,0,3,0,276,141,10,1,417,11,3,0
12/16/2020,KIT CARSON,1,1,0,0,2,0,277,142,10,1,419,11,2,0
12/17/2020,KIT CARSON,4,1,0,0,5,0,278,146,10,1,424,11,5,0
12/18/2020,KIT CARSON,5,1,1,0,6,1,279,151,10,2,430,12,6,1
12/21/2020,KIT CARSON,7,1,0,1,8,1,280,158,11,2,438,13,8,1
12/22/2020,KIT CARSON,2,0,0,0,2,0,280,160,11,2,440,13,2,0
12/24/2020,KIT CARSON,2,0,0,0,2,0,280,162,11,2,442,13,2,0
12/28/2020,KIT CARSON,5,0,0,0,5,0,280,167,11,2,447,13,5,0
12/29/2020,KIT CARSON,1,0,0,0,1,0,280,168,11,2,448,13,1,0
12/30/2020,KIT CARSON,4,1,0,0,5,0,281,172,11,2,453,13,5,0
12/31/2020,KIT CARSON,2,0,0,0,2,0,281,174,11,2,455,13,2,0
01/01/2021,KIT CARSON,0,1,0,0,1,0,282,174,11,2,456,13,1,0
01/04/2021,KIT CARSON,5,1,0,0,6,0,283,179,11,2,462,13,6,0
01/05/2021,KIT CARSON,2,0,0,0,2,0,283,181,11,2,464,13,2,0
01/06/2021,KIT CARSON,3,0,0,0,3,0,283,184,11,2,467,13,3,0
01/07/2021,KIT CARSON,2,0,0,0,2,0,283,186,11,2,469,13,2,0
01/08/2021,KIT CARSON,2,0,0,0,2,0,283,188,11,2,471,13,2,0
01/10/2021,KIT CARSON,0,1,0,0,1,0,284,188,11,2,472,13,1,0
01/11/2021,KIT CARSON,4,0,0,0,4,0,284,192,11,2,476,13,4,0
01/12/2021,KIT CARSON,2,2,0,0,4,0,286,194,11,2,480,13,4,0
01/13/2021,KIT CARSON,1,2,0,0,3,0,288,195,11,2,483,13,3,0
01/14/2021,KIT CARSON,3,0,0,0,3,0,288,198,11,2,486,13,3,0
01/16/2021,KIT CARSON,1,0,0,0,1,0,288,199,11,2,487,13,1,0
01/17/2021,KIT CARSON,0,1,0,0,1,0,289,199,11,2,488,13,1,0
01/18/2021,KIT CARSON,12,0,0,0,12,0,289,211,11,2,500,13,12,0
01/19/2021,KIT CARSON,1,1,0,0,2,0,290,212,11,2,502,13,2,0
01/21/2021,KIT CARSON,3,0,0,0,3,0,290,215,11,2,505,13,3,0
01/23/2021,KIT CARSON,0,1,0,0,1,0,291,215,11,2,506,13,1,0
01/27/2021,KIT CARSON,0,1,0,0,1,0,292,215,11,2,507,13,1,0
01/28/2021,KIT CARSON,1,0,0,0,1,0,292,216,11,2,508,13,1,0
01/29/2021,KIT CARSON,1,1,0,0,2,0,293,217,11,2,510,13,2,0
02/01/2021,KIT CARSON,2,1,0,0,3,0,294,219,11,2,513,13,3,0
02/02/2021,KIT CARSON,0,1,0,0,1,0,295,219,11,2,514,13,1,0
02/04/2021,KIT CARSON,1,0,0,0,1,0,295,220,11,2,515,13,1,0
02/08/2021,KIT CARSON,4,2,0,0,6,0,297,224,11,2,521,13,6,0
02/09/2021,KIT CARSON,1,1,0,0,2,0,298,225,11,2,523,13,2,0
02/12/2021,KIT CARSON,3,0,0,0,3,0,298,228,11,2,526,13,3,0
02/16/2021,KIT CARSON,2,0,0,0,2,0,298,230,11,2,528,13,2,0
02/17/2021,KIT CARSON,1,0,0,0,1,0,298,231,11,2,529,13,1,0
02/21/2021,KIT CARSON,2,0,0,0,2,0,298,233,11,2,531,13,2,0
02/22/2021,KIT CARSON,3,4,0,0,7,0,302,236,11,2,538,13,7,0
02/23/2021,KIT CARSON,0,1,0,0,1,0,303,236,11,2,539,13,1,0
02/24/2021,KIT CARSON,1,1,0,0,2,0,304,237,11,2,541,13,2,0
02/25/2021,KIT CARSON,2,2,0,0,4,0,306,239,11,2,545,13,4,0
02/26/2021,KIT CARSON,0,1,0,0,1,0,307,239,11,2,546,13,1,0
03/01/2021,KIT CARSON,4,1,0,0,5,0,308,243,11,2,551,13,5,0
03/02/2021,KIT CARSON,1,0,0,0,1,0,308,244,11,2,552,13,1,0
03/03/2021,KIT CARSON,2,0,0,0,2,0,308,246,11,2,554,13,2,0
03/04/2021,KIT CARSON,1,2,0,1,3,1,310,247,12,2,557,14,3,1
03/05/2021,KIT CARSON,1,0,0,0,1,0,310,248,12,2,558,14,1,0
03/08/2021,KIT CARSON,0,1,0,0,1,0,311,248,12,2,559,14,1,0
03/09/2021,KIT CARSON,2,1,0,0,3,0,312,250,12,2,562,14,3,0
03/10/2021,KIT CARSON,0,2,0,0,2,0,314,250,12,2,564,14,2,0
03/11/2021,KIT CARSON,1,0,0,0,1,0,314,251,12,2,565,14,1,0
03/12/2021,KIT CARSON,0,1,0,0,1,0,315,251,12,2,566,14,1,0
03/13/2021,KIT CARSON,2,0,0,0,2,0,315,253,12,2,568,14,2,0
03/16/2021,KIT CARSON,4,0,0,0,4,0,315,257,12,2,572,14,4,0
03/18/2021,KIT CARSON,0,1,0,0,1,0,316,257,12,2,573,14,1,0
03/19/2021,KIT CARSON,0,1,0,0,1,0,317,257,12,2,574,14,1,0
03/22/2021,KIT CARSON,4,1,0,0,5,0,318,261,12,2,579,14,5,0
03/23/2021,KIT CARSON,1,3,0,0,4,0,321,262,12,2,583,14,4,0
03/24/2021,KIT CARSON,2,0,0,0,2,0,321,264,12,2,585,14,2,0
03/25/2021,KIT CARSON,0,1,0,0,1,0,322,264,12,2,586,14,1,0
03/26/2021,KIT CARSON,4,2,0,0,6,0,324,268,12,2,592,14,6,0
03/29/2021,KIT CARSON,1,0,0,0,1,0,324,269,12,2,593,14,1,0
03/30/2021,KIT CARSON,1,0,0,0,1,0,324,270,12,2,594,14,1,0
03/31/2021,KIT CARSON,0,1,0,0,1,0,325,270,12,2,595,14,1,0
04/05/2021,KIT CARSON,3,0,0,0,3,0,325,273,12,2,598,14,3,0
04/07/2021,KIT CARSON,0,1,0,0,1,0,326,273,12,2,599,14,1,0
04/08/2021,KIT CARSON,1,1,0,0,2,0,327,274,12,2,601,14,2,0
04/09/2021,KIT CARSON,3,0,0,0,3,0,327,277,12,2,604,14,3,0
04/11/2021,KIT CARSON,0,1,0,0,1,0,328,277,12,2,605,14,1,0
04/12/2021,KIT CARSON,0,2,0,0,2,0,330,277,12,2,607,14,2,0
04/14/2021,KIT CARSON,0,1,0,0,1,0,331,277,12,2,608,14,1,0
04/15/2021,KIT CARSON,0,1,0,0,1,0,332,277,12,2,609,14,1,0
04/18/2021,KIT CARSON,0,1,0,0,1,0,333,277,12,2,610,14,1,0
04/27/2021,KIT CARSON,1,3,0,0,4,0,336,278,12,2,614,14,4,0
04/28/2021,KIT CARSON,0,1,0,0,1,0,337,278,12,2,615,14,1,0
05/03/2021,KIT CARSON,1,2,0,0,3,0,339,279,12,2,618,14,3,0
05/06/2021,KIT CARSON,1,4,0,0,5,0,343,280,12,2,623,14,5,0
05/07/2021,KIT CARSON,1,1,0,0,2,0,344,281,12,2,625,14,2,0
05/10/2021,KIT CARSON,0,1,0,0,1,0,345,281,12,2,626,14,1,0
05/11/2021,KIT CARSON,0,2,0,0,2,0,347,281,12,2,628,14,2,0
05/13/2021,KIT CARSON,1,0,0,0,1,0,347,282,12,2,629,14,1,0
05/14/2021,KIT CARSON,0,1,0,0,1,0,348,282,12,2,630,14,1,0
05/17/2021,KIT CARSON,0,1,0,0,1,0,349,282,12,2,631,14,1,0
05/18/2021,KIT CARSON,2,2,0,0,4,0,351,284,12,2,635,14,4,0
05/20/2021,KIT CARSON,1,0,0,0,1,0,351,285,12,2,636,14,1,0
05/24/2021,KIT CARSON,0,1,0,0,1,0,352,285,12,2,637,14,1,0
06/01/2021,KIT CARSON,1,0,0,0,1,0,352,286,12,2,638,14,1,0
06/02/2021,KIT CARSON,0,2,0,0,2,0,354,286,12,2,640,14,2,0
06/03/2021,KIT CARSON,1,0,0,0,1,0,354,287,12,2,641,14,1,0
06/07/2021,KIT CARSON,1,0,0,0,1,0,354,288,12,2,642,14,1,0
06/12/2021,KIT CARSON,1,0,0,0,1,0,354,289,12,2,643,14,1,0
06/17/2021,KIT CARSON,2,0,0,0,2,0,354,291,12,2,645,14,2,0
06/21/2021,KIT CARSON,1,0,0,0,1,0,354,292,12,2,646,14,1,0
06/23/2021,KIT CARSON,1,0,0,0,1,0,354,293,12,2,647,14,1,0
06/24/2021,KIT CARSON,1,0,0,0,1,0,354,294,12,2,648,14,1,0
06/30/2021,KIT CARSON,1,0,0,0,1,0,354,295,12,2,649,14,1,0
07/01/2021,KIT CARSON,0,1,0,1,1,1,355,295,13,2,650,15,1,1
07/06/2021,KIT CARSON,1,0,0,0,1,0,355,296,13,2,651,15,1,0
07/08/2021,KIT CARSON,1,1,0,0,2,0,356,297,13,2,653,15,2,0
07/09/2021,KIT CARSON,1,0,0,0,1,0,356,298,13,2,654,15,1,0
07/12/2021,KIT CARSON,2,0,0,0,2,0,356,300,13,2,656,15,2,0
07/14/2021,KIT CARSON,0,1,0,0,1,0,357,300,13,2,657,15,1,0
07/19/2021,KIT CARSON,0,2,0,0,2,0,359,300,13,2,659,15,2,0
07/22/2021,KIT CARSON,1,0,0,0,1,0,359,301,13,2,660,15,1,0
07/24/2021,KIT CARSON,0,1,0,1,1,1,360,301,14,2,661,16,1,1
07/26/2021,KIT CARSON,3,0,0,0,3,0,360,304,14,2,664,16,3,0
07/27/2021,KIT CARSON,2,1,0,0,3,0,361,306,14,2,667,16,3,0
07/30/2021,KIT CARSON,1,0,0,0,1,0,361,307,14,2,668,16,1,0
08/02/2021,KIT CARSON,5,1,0,0,6,0,362,312,14,2,674,16,6,0
08/03/2021,KIT CARSON,2,1,0,0,3,0,363,314,14,2,677,16,3,0
08/04/2021,KIT CARSON,1,0,0,0,1,0,363,315,14,2,678,16,1,0
08/05/2021,KIT CARSON,0,1,0,0,1,0,364,315,14,2,679,16,1,0
08/06/2021,KIT CARSON,1,0,0,0,1,0,364,316,14,2,680,16,1,0
08/09/2021,KIT CARSON,0,1,0,0,1,0,365,316,14,2,681,16,1,0
08/10/2021,KIT CARSON,1,3,0,1,4,1,368,317,15,2,685,17,4,1
08/11/2021,KIT CARSON,1,0,0,0,1,0,368,318,15,2,686,17,1,0
08/12/2021,KIT CARSON,1,2,0,0,3,0,370,319,15,2,689,17,3,0
08/14/2021,KIT CARSON,0,1,0,0,1,0,371,319,15,2,690,17,1,0
08/16/2021,KIT CARSON,2,3,0,0,5,0,374,321,15,2,695,17,5,0
08/17/2021,KIT CARSON,2,3,0,0,5,0,377,323,15,2,700,17,5,0
08/18/2021,KIT CARSON,1,6,0,0,7,0,383,324,15,2,707,17,7,0
08/20/2021,KIT CARSON,3,0,0,0,3,0,383,327,15,2,710,17,3,0
08/21/2021,KIT CARSON,1,1,0,0,2,0,384,328,15,2,712,17,2,0
08/23/2021,KIT CARSON,2,1,0,0,3,0,385,330,15,2,715,17,3,0
08/24/2021,KIT CARSON,1,0,0,0,1,0,385,331,15,2,716,17,1,0
08/25/2021,KIT CARSON,6,5,0,0,11,0,390,337,15,2,727,17,11,0
08/26/2021,KIT CARSON,1,1,0,0,2,0,391,338,15,2,729,17,2,0
08/27/2021,KIT CARSON,2,1,0,0,3,0,392,340,15,2,732,17,3,0
08/29/2021,KIT CARSON,3,0,0,0,3,0,392,343,15,2,735,17,3,0
08/30/2021,KIT CARSON,2,4,0,0,6,0,396,345,15,2,741,17,6,0
08/31/2021,KIT CARSON,6,3,0,0,9,0,399,351,15,2,750,17,9,0
09/01/2021,KIT CARSON,2,3,0,0,5,0,402,353,15,2,755,17,5,0
09/02/2021,KIT CARSON,2,2,0,0,4,0,404,355,15,2,759,17,4,0
09/03/2021,KIT CARSON,2,1,0,0,3,0,405,357,15,2,762,17,3,0
09/06/2021,KIT CARSON,0,1,0,0,1,0,406,357,15,2,763,17,1,0
09/07/2021,KIT CARSON,17,7,0,0,24,0,413,374,15,2,787,17,24,0
09/08/2021,KIT CARSON,2,1,0,0,3,0,414,376,15,2,790,17,3,0
09/09/2021,KIT CARSON,8,2,0,0,10,0,416,384,15,2,800,17,10,0
09/10/2021,KIT CARSON,3,0,0,0,3,0,416,387,15,2,803,17,3,0
09/13/2021,KIT CARSON,4,5,0,0,9,0,421,391,15,2,812,17,9,0
09/14/2021,KIT CARSON,4,1,0,0,5,0,422,395,15,2,817,17,5,0
09/15/2021,KIT CARSON,1,0,0,0,1,0,422,396,15,2,818,17,1,0
09/16/2021,KIT CARSON,3,0,0,0,3,0,422,399,15,2,821,17,3,0
09/17/2021,KIT CARSON,4,1,0,0,5,0,423,403,15,2,826,17,5,0
09/20/2021,KIT CARSON,4,0,0,0,4,0,423,407,15,2,830,17,4,0
09/21/2021,KIT CARSON,1,0,0,0,1,0,423,408,15,2,831,17,1,0
09/22/2021,KIT CARSON,2,2,0,0,4,0,425,410,15,2,835,17,4,0
09/23/2021,KIT CARSON,1,0,0,0,1,0,425,411,15,2,836,17,1,0
09/24/2021,KIT CARSON,1,2,0,0,3,0,427,412,15,2,839,17,3,0
09/26/2021,KIT CARSON,1,0,0,0,1,0,427,413,15,2,840,17,1,0
09/27/2021,KIT CARSON,4,0,0,0,4,0,427,417,15,2,844,17,4,0
09/29/2021,KIT CARSON,2,1,0,0,3,0,428,419,15,2,847,17,3,0
09/30/2021,KIT CARSON,5,5,0,1,10,1,433,424,16,2,857,18,10,1
10/01/2021,KIT CARSON,2,1,0,0,3,0,434,426,16,2,860,18,3,0
10/02/2021,KIT CARSON,0,1,0,0,1,0,435,426,16,2,861,18,1,0
10/04/2021,KIT CARSON,3,7,0,1,10,1,442,429,17,2,871,19,10,1
10/05/2021,KIT CARSON,5,4,0,2,9,2,446,434,19,2,880,21,9,2
10/06/2021,KIT CARSON,4,0,0,0,4,0,446,438,19,2,884,21,4,0
10/07/2021,KIT CARSON,8,6,0,1,14,1,452,446,20,2,898,22,14,1
10/08/2021,KIT CARSON,0,4,0,0,4,0,456,446,20,2,902,22,4,0
10/09/2021,KIT CARSON,0,1,0,0,1,0,457,446,20,2,903,22,1,0
10/10/2021,KIT CARSON,1,0,0,0,1,0,457,447,20,2,904,22,1,0
10/11/2021,KIT CARSON,0,2,0,0,2,0,459,447,20,2,906,22,2,0
10/12/2021,KIT CARSON,6,0,0,0,6,0,459,453,20,2,912,22,6,0
10/13/2021,KIT CARSON,7,2,0,0,9,0,461,460,20,2,921,22,9,0
10/14/2021,KIT CARSON,7,4,0,0,11,0,465,467,20,2,932,22,11,0
10/15/2021,KIT CARSON,2,3,0,1,5,1,468,469,21,2,937,23,5,1
10/16/2021,KIT CARSON,1,0,0,0,1,0,468,470,21,2,938,23,1,0
10/18/2021,KIT CARSON,7,9,0,0,16,0,477,477,21,2,954,23,16,0
10/19/2021,KIT CARSON,7,2,0,0,9,0,479,484,21,2,963,23,9,0
10/20/2021,KIT CARSON,5,0,0,0,5,0,479,489,21,2,968,23,5,0
10/21/2021,KIT CARSON,4,1,0,0,5,0,480,493,21,2,973,23,5,0
10/22/2021,KIT CARSON,3,1,0,0,4,0,481,496,21,2,977,23,4,0
10/23/2021,KIT CARSON,2,0,0,0,2,0,481,498,21,2,979,23,2,0
10/25/2021,KIT CARSON,7,1,0,0,8,0,482,505,21,2,987,23,8,0
10/26/2021,KIT CARSON,3,1,0,0,4,0,483,508,21,2,991,23,4,0
10/27/2021,KIT CARSON,5,0,0,0,5,0,483,513,21,2,996,23,5,0
10/28/2021,KIT CARSON,3,0,0,0,3,0,483,516,21,2,999,23,3,0
10/29/2021,KIT CARSON,4,0,0,0,4,0,483,520,21,2,1003,23,4,0
11/01/2021,KIT CARSON,2,3,0,0,5,0,486,522,21,2,1008,23,5,0
11/02/2021,KIT CARSON,1,1,0,0,2,0,487,523,21,2,1010,23,2,0
11/03/2021,KIT CARSON,3,0,0,0,3,0,487,526,21,2,1013,23,3,0
11/04/2021,KIT CARSON,4,3,0,1,7,1,490,530,22,2,1020,24,7,1
11/05/2021,KIT CARSON,3,0,0,0,3,0,490,533,22,2,1023,24,3,0
11/08/2021,KIT CARSON,11,0,0,0,11,0,490,544,22,2,1034,24,11,0
11/09/2021,KIT CARSON,3,5,0,0,8,0,495,547,22,2,1042,24,8,0
11/10/2021,KIT CARSON,10,1,0,0,11,0,496,557,22,2,1053,24,11,0
11/11/2021,KIT CARSON,0,3,0,0,3,0,499,557,22,2,1056,24,3,0
11/12/2021,KIT CARSON,6,0,0,0,6,0,499,563,22,2,1062,24,6,0
11/15/2021,KIT CARSON,7,7,0,1,14,1,506,570,23,2,1076,25,14,1
11/16/2021,KIT CARSON,7,0,1,0,7,1,506,577,23,3,1083,26,7,1
11/17/2021,KIT CARSON,9,0,0,0,9,0,506,586,23,3,1092,26,9,0
11/18/2021,KIT CARSON,1,0,0,0,1,0,506,587,23,3,1093,26,1,0
11/21/2021,KIT CARSON,0,9,0,0,9,0,515,587,23,3,1102,26,9,0
11/22/2021,KIT CARSON,7,1,0,0,8,0,516,594,23,3,1110,26,8,0
11/23/2021,KIT CARSON,5,6,0,1,11,1,522,599,24,3,1121,27,11,1
11/27/2021,KIT CARSON,0,1,0,0,1,0,523,599,24,3,1122,27,1,0
11/28/2021,KIT CARSON,1,0,0,0,1,0,523,600,24,3,1123,27,1,0
11/29/2021,KIT CARSON,17,0,0,0,17,0,523,617,24,3,1140,27,17,0
11/30/2021,KIT CARSON,10,9,0,1,19,1,532,627,25,3,1159,28,19,1
12/01/2021,KIT CARSON,0,2,0,0,2,0,534,627,25,3,1161,28,2,0
12/02/2021,KIT CARSON,8,1,0,0,9,0,535,635,25,3,1170,28,9,0
12/03/2021,KIT CARSON,3,2,0,0,5,0,537,638,25,3,1175,28,5,0
12/05/2021,KIT CARSON,0,2,0,0,2,0,539,638,25,3,1177,28,2,0
12/06/2021,KIT CARSON,6,3,0,0,9,0,542,644,25,3,1186,28,9,0
12/07/2021,KIT CARSON,7,0,1,0,7,1,542,651,25,4,1193,29,7,1
12/08/2021,KIT CARSON,3,4,1,0,7,1,546,654,25,5,1200,30,7,1
12/09/2021,KIT CARSON,3,0,0,0,3,0,546,657,25,5,1203,30,3,0
12/10/2021,KIT CARSON,5,1,0,0,6,0,547,662,25,5,1209,30,6,0
12/11/2021,KIT CARSON,0,2,0,0,2,0,549,662,25,5,1211,30,2,0
12/12/2021,KIT CARSON,1,0,0,0,1,0,549,663,25,5,1212,30,1,0
12/13/2021,KIT CARSON,1,1,0,0,2,0,550,664,25,5,1214,30,2,0
12/14/2021,KIT CARSON,10,0,0,0,10,0,550,674,25,5,1224,30,10,0
12/15/2021,KIT CARSON,1,1,0,0,2,0,551,675,25,5,1226,30,2,0
12/16/2021,KIT CARSON,1,2,0,0,3,0,553,676,25,5,1229,30,3,0
12/17/2021,KIT CARSON,3,1,0,0,4,0,554,679,25,5,1233,30,4,0
12/19/2021,KIT CARSON,3,2,0,0,5,0,556,682,25,5,1238,30,5,0
12/20/2021,KIT CARSON,6,0,0,0,6,0,556,688,25,5,1244,30,6,0
12/21/2021,KIT CARSON,2,4,0,0,6,0,560,690,25,5,1250,30,6,0
12/22/2021,KIT CARSON,3,2,0,0,5,0,562,693,25,5,1255,30,5,0
12/23/2021,KIT CARSON,3,0,0,0,3,0,562,696,25,5,1258,30,3,0
12/24/2021,KIT CARSON,1,1,0,0,2,0,563,697,25,5,1260,30,2,0
12/25/2021,KIT CARSON,0,4,0,0,4,0,567,697,25,5,1264,30,4,0
12/27/2021,KIT CARSON,4,1,0,0,5,0,568,701,25,5,1269,30,5,0
12/28/2021,KIT CARSON,3,1,0,0,4,0,569,704,25,5,1273,30,4,0
12/29/2021,KIT CARSON,4,0,0,0,4,0,569,708,25,5,1277,30,4,0
12/30/2021,KIT CARSON,3,1,0,0,4,0,570,711,25,5,1281,30,4,0
12/31/2021,KIT CARSON,0,1,0,0,1,0,571,711,25,5,1282,30,1,0
01/02/2022,KIT CARSON,1,5,0,0,6,0,576,712,25,5,1288,30,6,0
01/03/2022,KIT CARSON,10,0,1,0,10,1,576,722,25,6,1298,31,10,1
01/04/2022,KIT CARSON,11,2,0,0,13,0,578,733,25,6,1311,31,13,0
01/05/2022,KIT CARSON,8,0,1,0,8,1,578,741,25,7,1319,32,8,1
01/06/2022,KIT CARSON,6,2,0,0,8,0,580,747,25,7,1327,32,8,0
01/07/2022,KIT CARSON,7,1,0,0,8,0,581,754,25,7,1335,32,8,0
01/08/2022,KIT CARSON,0,1,0,0,1,0,582,754,25,7,1336,32,1,0
01/10/2022,KIT CARSON,5,8,0,0,13,0,590,759,25,7,1349,32,13,0
01/11/2022,KIT CARSON,7,5,0,0,12,0,595,766,25,7,1361,32,12,0
01/12/2022,KIT CARSON,8,2,0,0,10,0,597,774,25,7,1371,32,10,0
01/13/2022,KIT CARSON,9,3,0,0,12,0,600,783,25,7,1383,32,12,0
01/14/2022,KIT CARSON,3,1,0,0,4,0,601,786,25,7,1387,32,4,0
01/17/2022,KIT CARSON,20,5,0,0,25,0,606,806,25,7,1412,32,25,0
01/18/2022,KIT CARSON,11,4,0,0,15,0,610,817,25,7,1427,32,15,0
01/19/2022,KIT CARSON,7,2,0,0,9,0,612,824,25,7,1436,32,9,0
01/20/2022,KIT CARSON,7,2,0,0,9,0,614,831,25,7,1445,32,9,0
01/21/2022,KIT CARSON,11,2,0,0,13,0,616,842,25,7,1458,32,13,0
01/22/2022,KIT CARSON,0,1,0,0,1,0,617,842,25,7,1459,32,1,0
01/24/2022,KIT CARSON,20,4,0,0,24,0,621,862,25,7,1483,32,24,0
01/26/2022,KIT CARSON,9,3,0,1,12,1,624,871,26,7,1495,33,12,1
01/27/2022,KIT CARSON,8,1,0,0,9,0,625,879,26,7,1504,33,9,0
01/28/2022,KIT CARSON,10,1,0,0,11,0,626,889,26,7,1515,33,11,0
01/31/2022,KIT CARSON,8,1,0,0,9,0,627,897,26,7,1524,33,9,0
02/01/2022,KIT CARSON,4,2,0,0,6,0,629,901,26,7,1530,33,6,0
02/02/2022,KIT CARSON,4,8,0,0,12,0,637,905,26,7,1542,33,12,0
02/03/2022,KIT CARSON,5,0,0,0,5,0,637,910,26,7,1547,33,5,0
02/05/2022,KIT CARSON,0,6,0,0,6,0,643,910,26,7,1553,33,6,0
02/06/2022,KIT CARSON,0,2,0,0,2,0,645,910,26,7,1555,33,2,0
02/07/2022,KIT CARSON,2,3,0,0,5,0,648,912,26,7,1560,33,5,0
02/08/2022,KIT CARSON,5,1,0,0,6,0,649,917,26,7,1566,33,6,0
02/09/2022,KIT CARSON,0,1,0,0,1,0,650,917,26,7,1567,33,1,0
02/10/2022,KIT CARSON,1,0,0,0,1,0,650,918,26,7,1568,33,1,0
02/11/2022,KIT CARSON,5,2,0,0,7,0,652,923,26,7,1575,33,7,0
02/13/2022,KIT CARSON,0,1,0,0,1,0,653,923,26,7,1576,33,1,0
02/14/2022,KIT CARSON,3,2,0,0,5,0,655,926,26,7,1581,33,5,0
02/15/2022,KIT CARSON,2,0,0,0,2,0,655,928,26,7,1583,33,2,0
02/18/2022,KIT CARSON,3,0,0,0,3,0,655,931,26,7,1586,33,3,0
02/20/2022,KIT CARSON,0,1,0,0,1,0,656,931,26,7,1587,33,1,0
02/22/2022,KIT CARSON,0,1,0,1,1,1,657,931,27,7,1588,34,1,1
02/24/2022,KIT CARSON,1,0,0,0,1,0,657,932,27,7,1589,34,1,0
03/03/2022,KIT CARSON,1,0,0,0,1,0,657,933,27,7,1590,34,1,0
03/23/2020,LA PLATA,0,1,0,0,1,0,1,0,0,0,1,0,-1589,-34
03/24/2020,LA PLATA,1,0,0,0,1,0,1,1,0,0,2,0,1,0
03/25/2020,LA PLATA,0,3,0,0,3,0,4,1,0,0,5,0,3,0
03/26/2020,LA PLATA,4,3,0,0,7,0,7,5,0,0,12,0,7,0
03/27/2020,LA PLATA,3,1,0,0,4,0,8,8,0,0,16,0,4,0
03/28/2020,LA PLATA,3,1,0,0,4,0,9,11,0,0,20,0,4,0
03/29/2020,LA PLATA,0,2,0,0,2,0,11,11,0,0,22,0,2,0
03/30/2020,LA PLATA,1,0,0,0,1,0,11,12,0,0,23,0,1,0
04/01/2020,LA PLATA,0,1,0,0,1,0,12,12,0,0,24,0,1,0
04/02/2020,LA PLATA,0,2,0,0,2,0,14,12,0,0,26,0,2,0
04/03/2020,LA PLATA,0,1,0,0,1,0,15,12,0,0,27,0,1,0
04/04/2020,LA PLATA,1,1,0,0,2,0,16,13,0,0,29,0,2,0
04/05/2020,LA PLATA,2,1,0,0,3,0,17,15,0,0,32,0,3,0
04/06/2020,LA PLATA,1,0,0,0,1,0,17,16,0,0,33,0,1,0
04/08/2020,LA PLATA,0,3,0,0,3,0,20,16,0,0,36,0,3,0
04/09/2020,LA PLATA,3,3,0,0,6,0,23,19,0,0,42,0,6,0
04/11/2020,LA PLATA,0,1,0,0,1,0,24,19,0,0,43,0,1,0
04/13/2020,LA PLATA,0,1,0,0,1,0,25,19,0,0,44,0,1,0
04/15/2020,LA PLATA,0,1,0,0,1,0,26,19,0,0,45,0,1,0
04/16/2020,LA PLATA,1,2,0,0,3,0,28,20,0,0,48,0,3,0
04/17/2020,LA PLATA,0,2,0,0,2,0,30,20,0,0,50,0,2,0
04/20/2020,LA PLATA,0,1,0,0,1,0,31,20,0,0,51,0,1,0
04/21/2020,LA PLATA,1,2,0,0,3,0,33,21,0,0,54,0,3,0
04/22/2020,LA PLATA,1,0,0,0,1,0,33,22,0,0,55,0,1,0
04/23/2020,LA PLATA,0,1,0,1,1,1,34,22,1,0,56,1,1,1
04/24/2020,LA PLATA,0,3,0,0,3,0,37,22,1,0,59,1,3,0
04/28/2020,LA PLATA,0,3,0,0,3,0,40,22,1,0,62,1,3,0
04/30/2020,LA PLATA,0,1,0,0,1,0,41,22,1,0,63,1,1,0
05/07/2020,LA PLATA,1,0,0,0,1,0,41,23,1,0,64,1,1,0
05/08/2020,LA PLATA,1,0,0,0,1,0,41,24,1,0,65,1,1,0
05/12/2020,LA PLATA,0,1,0,0,1,0,42,24,1,0,66,1,1,0
05/13/2020,LA PLATA,1,1,0,0,2,0,43,25,1,0,68,1,2,0
05/15/2020,LA PLATA,0,1,0,0,1,0,44,25,1,0,69,1,1,0
05/16/2020,LA PLATA,0,1,0,0,1,0,45,25,1,0,70,1,1,0
05/18/2020,LA PLATA,2,2,0,0,4,0,47,27,1,0,74,1,4,0
05/19/2020,LA PLATA,0,1,0,0,1,0,48,27,1,0,75,1,1,0
05/21/2020,LA PLATA,0,2,0,0,2,0,50,27,1,0,77,1,2,0
05/22/2020,LA PLATA,1,2,0,0,3,0,52,28,1,0,80,1,3,0
05/23/2020,LA PLATA,0,1,0,0,1,0,53,28,1,0,81,1,1,0
05/25/2020,LA PLATA,0,2,0,0,2,0,55,28,1,0,83,1,2,0
05/26/2020,LA PLATA,0,1,0,0,1,0,56,28,1,0,84,1,1,0
05/30/2020,LA PLATA,0,1,0,0,1,0,57,28,1,0,85,1,1,0
05/31/2020,LA PLATA,0,1,0,0,1,0,58,28,1,0,86,1,1,0
06/05/2020,LA PLATA,0,2,0,0,2,0,60,28,1,0,88,1,2,0
06/15/2020,LA PLATA,1,0,0,0,1,0,60,29,1,0,89,1,1,0
06/17/2020,LA PLATA,0,1,0,0,1,0,61,29,1,0,90,1,1,0
06/19/2020,LA PLATA,0,1,0,0,1,0,62,29,1,0,91,1,1,0
06/22/2020,LA PLATA,0,2,0,0,2,0,64,29,1,0,93,1,2,0
06/24/2020,LA PLATA,1,1,0,0,2,0,65,30,1,0,95,1,2,0
06/25/2020,LA PLATA,2,4,0,1,6,1,69,32,2,0,101,2,6,1
06/26/2020,LA PLATA,5,4,0,0,9,0,73,37,2,0,110,2,9,0
06/27/2020,LA PLATA,0,6,0,0,6,0,79,37,2,0,116,2,6,0
06/29/2020,LA PLATA,1,4,0,0,5,0,83,38,2,0,121,2,5,0
07/02/2020,LA PLATA,0,2,0,0,2,0,85,38,2,0,123,2,2,0
07/03/2020,LA PLATA,1,2,0,0,3,0,87,39,2,0,126,2,3,0
07/04/2020,LA PLATA,1,3,0,0,4,0,90,40,2,0,130,2,4,0
07/05/2020,LA PLATA,1,0,0,0,1,0,90,41,2,0,131,2,1,0
07/06/2020,LA PLATA,0,4,0,0,4,0,94,41,2,0,135,2,4,0
07/07/2020,LA PLATA,4,0,0,0,4,0,94,45,2,0,139,2,4,0
07/08/2020,LA PLATA,1,3,0,0,4,0,97,46,2,0,143,2,4,0
07/10/2020,LA PLATA,0,4,0,0,4,0,101,46,2,0,147,2,4,0
07/11/2020,LA PLATA,0,1,0,0,1,0,102,46,2,0,148,2,1,0
07/13/2020,LA PLATA,0,1,0,0,1,0,103,46,2,0,149,2,1,0
07/14/2020,LA PLATA,1,0,0,0,1,0,103,47,2,0,150,2,1,0
07/15/2020,LA PLATA,0,5,0,0,5,0,108,47,2,0,155,2,5,0
07/16/2020,LA PLATA,1,3,0,0,4,0,111,48,2,0,159,2,4,0
07/17/2020,LA PLATA,0,3,0,0,3,0,114,48,2,0,162,2,3,0
07/18/2020,LA PLATA,0,2,0,0,2,0,116,48,2,0,164,2,2,0
07/19/2020,LA PLATA,0,4,0,0,4,0,120,48,2,0,168,2,4,0
07/20/2020,LA PLATA,2,4,0,0,6,0,124,50,2,0,174,2,6,0
07/21/2020,LA PLATA,1,3,0,0,4,0,127,51,2,0,178,2,4,0
07/22/2020,LA PLATA,1,5,0,0,6,0,132,52,2,0,184,2,6,0
07/23/2020,LA PLATA,1,0,0,0,1,0,132,53,2,0,185,2,1,0
07/24/2020,LA PLATA,1,5,0,0,6,0,137,54,2,0,191,2,6,0
07/25/2020,LA PLATA,0,1,0,0,1,0,138,54,2,0,192,2,1,0
07/26/2020,LA PLATA,0,2,0,0,2,0,140,54,2,0,194,2,2,0
07/27/2020,LA PLATA,0,1,0,0,1,0,141,54,2,0,195,2,1,0
07/28/2020,LA PLATA,1,2,0,0,3,0,143,55,2,0,198,2,3,0
07/30/2020,LA PLATA,0,2,0,0,2,0,145,55,2,0,200,2,2,0
08/01/2020,LA PLATA,1,3,0,0,4,0,148,56,2,0,204,2,4,0
08/02/2020,LA PLATA,0,1,0,0,1,0,149,56,2,0,205,2,1,0
08/03/2020,LA PLATA,3,4,0,0,7,0,153,59,2,0,212,2,7,0
08/06/2020,LA PLATA,0,1,0,0,1,0,154,59,2,0,213,2,1,0
08/07/2020,LA PLATA,0,3,0,0,3,0,157,59,2,0,216,2,3,0
08/08/2020,LA PLATA,1,6,0,0,7,0,163,60,2,0,223,2,7,0
08/09/2020,LA PLATA,0,3,0,0,3,0,166,60,2,0,226,2,3,0
08/10/2020,LA PLATA,0,1,0,0,1,0,167,60,2,0,227,2,1,0
08/11/2020,LA PLATA,0,1,0,0,1,0,168,60,2,0,228,2,1,0
08/12/2020,LA PLATA,0,1,0,0,1,0,169,60,2,0,229,2,1,0
08/15/2020,LA PLATA,0,1,0,0,1,0,170,60,2,0,230,2,1,0
08/16/2020,LA PLATA,0,1,0,0,1,0,171,60,2,0,231,2,1,0
08/17/2020,LA PLATA,0,1,0,0,1,0,172,60,2,0,232,2,1,0
08/18/2020,LA PLATA,0,1,0,0,1,0,173,60,2,0,233,2,1,0
08/20/2020,LA PLATA,0,2,0,0,2,0,175,60,2,0,235,2,2,0
08/21/2020,LA PLATA,0,1,0,0,1,0,176,60,2,0,236,2,1,0
08/24/2020,LA PLATA,0,1,0,0,1,0,177,60,2,0,237,2,1,0
08/25/2020,LA PLATA,0,5,0,0,5,0,182,60,2,0,242,2,5,0
08/26/2020,LA PLATA,1,3,0,0,4,0,185,61,2,0,246,2,4,0
08/27/2020,LA PLATA,0,1,0,0,1,0,186,61,2,0,247,2,1,0
08/29/2020,LA PLATA,0,2,0,0,2,0,188,61,2,0,249,2,2,0
09/04/2020,LA PLATA,0,1,0,0,1,0,189,61,2,0,250,2,1,0
09/05/2020,LA PLATA,0,2,0,0,2,0,191,61,2,0,252,2,2,0
09/10/2020,LA PLATA,0,1,0,0,1,0,192,61,2,0,253,2,1,0
09/13/2020,LA PLATA,1,0,0,0,1,0,192,62,2,0,254,2,1,0
09/17/2020,LA PLATA,0,1,0,0,1,0,193,62,2,0,255,2,1,0
09/18/2020,LA PLATA,0,3,0,0,3,0,196,62,2,0,258,2,3,0
09/21/2020,LA PLATA,0,1,0,0,1,0,197,62,2,0,259,2,1,0
09/22/2020,LA PLATA,0,5,0,0,5,0,202,62,2,0,264,2,5,0
09/24/2020,LA PLATA,0,2,0,0,2,0,204,62,2,0,266,2,2,0
09/25/2020,LA PLATA,0,1,0,0,1,0,205,62,2,0,267,2,1,0
09/27/2020,LA PLATA,0,1,0,0,1,0,206,62,2,0,268,2,1,0
09/28/2020,LA PLATA,0,1,0,0,1,0,207,62,2,0,269,2,1,0
09/30/2020,LA PLATA,0,2,0,0,2,0,209,62,2,0,271,2,2,0
10/01/2020,LA PLATA,0,1,0,0,1,0,210,62,2,0,272,2,1,0
10/02/2020,LA PLATA,0,3,0,0,3,0,213,62,2,0,275,2,3,0
10/05/2020,LA PLATA,0,1,0,0,1,0,214,62,2,0,276,2,1,0
10/06/2020,LA PLATA,0,8,0,0,8,0,222,62,2,0,284,2,8,0
10/07/2020,LA PLATA,0,6,0,0,6,0,228,62,2,0,290,2,6,0
10/08/2020,LA PLATA,0,4,0,0,4,0,232,62,2,0,294,2,4,0
10/09/2020,LA PLATA,0,6,0,0,6,0,238,62,2,0,300,2,6,0
10/10/2020,LA PLATA,0,4,0,0,4,0,242,62,2,0,304,2,4,0
10/11/2020,LA PLATA,0,6,0,0,6,0,248,62,2,0,310,2,6,0
10/12/2020,LA PLATA,5,0,0,0,5,0,248,67,2,0,315,2,5,0
10/14/2020,LA PLATA,0,2,0,0,2,0,250,67,2,0,317,2,2,0
10/15/2020,LA PLATA,8,2,0,0,10,0,252,75,2,0,327,2,10,0
10/16/2020,LA PLATA,0,1,0,0,1,0,253,75,2,0,328,2,1,0
10/17/2020,LA PLATA,0,1,0,0,1,0,254,75,2,0,329,2,1,0
10/18/2020,LA PLATA,0,4,0,0,4,0,258,75,2,0,333,2,4,0
10/19/2020,LA PLATA,3,4,0,0,7,0,262,78,2,0,340,2,7,0
10/20/2020,LA PLATA,1,0,0,0,1,0,262,79,2,0,341,2,1,0
10/21/2020,LA PLATA,0,3,0,0,3,0,265,79,2,0,344,2,3,0
10/22/2020,LA PLATA,0,9,0,0,9,0,274,79,2,0,353,2,9,0
10/23/2020,LA PLATA,1,7,0,0,8,0,281,80,2,0,361,2,8,0
10/24/2020,LA PLATA,0,3,0,0,3,0,284,80,2,0,364,2,3,0
10/25/2020,LA PLATA,0,6,0,0,6,0,290,80,2,0,370,2,6,0
10/26/2020,LA PLATA,0,5,0,0,5,0,295,80,2,0,375,2,5,0
10/27/2020,LA PLATA,0,1,0,0,1,0,296,80,2,0,376,2,1,0
10/28/2020,LA PLATA,0,13,0,0,13,0,309,80,2,0,389,2,13,0
10/29/2020,LA PLATA,0,10,0,0,10,0,319,80,2,0,399,2,10,0
10/30/2020,LA PLATA,0,9,0,0,9,0,328,80,2,0,408,2,9,0
10/31/2020,LA PLATA,0,3,0,1,3,1,331,80,3,0,411,3,3,1
11/01/2020,LA PLATA,0,1,0,0,1,0,332,80,3,0,412,3,1,0
11/02/2020,LA PLATA,0,5,0,0,5,0,337,80,3,0,417,3,5,0
11/03/2020,LA PLATA,0,7,0,0,7,0,344,80,3,0,424,3,7,0
11/04/2020,LA PLATA,0,14,0,0,14,0,358,80,3,0,438,3,14,0
11/05/2020,LA PLATA,1,20,0,0,21,0,378,81,3,0,459,3,21,0
11/06/2020,LA PLATA,0,29,0,1,29,1,407,81,4,0,488,4,29,1
11/07/2020,LA PLATA,0,19,0,0,19,0,426,81,4,0,507,4,19,0
11/08/2020,LA PLATA,2,30,0,0,32,0,456,83,4,0,539,4,32,0
11/09/2020,LA PLATA,0,16,0,0,16,0,472,83,4,0,555,4,16,0
11/10/2020,LA PLATA,0,16,0,0,16,0,488,83,4,0,571,4,16,0
11/11/2020,LA PLATA,1,38,0,0,39,0,526,84,4,0,610,4,39,0
11/12/2020,LA PLATA,1,20,0,0,21,0,546,85,4,0,631,4,21,0
11/13/2020,LA PLATA,0,31,0,0,31,0,577,85,4,0,662,4,31,0
11/14/2020,LA PLATA,0,32,0,0,32,0,609,85,4,0,694,4,32,0
11/15/2020,LA PLATA,0,13,0,0,13,0,622,85,4,0,707,4,13,0
11/16/2020,LA PLATA,1,22,0,0,23,0,644,86,4,0,730,4,23,0
11/17/2020,LA PLATA,0,37,0,0,37,0,681,86,4,0,767,4,37,0
11/18/2020,LA PLATA,2,41,0,0,43,0,722,88,4,0,810,4,43,0
11/19/2020,LA PLATA,1,38,0,0,39,0,760,89,4,0,849,4,39,0
11/20/2020,LA PLATA,2,38,0,0,40,0,798,91,4,0,889,4,40,0
11/21/2020,LA PLATA,0,53,0,0,53,0,851,91,4,0,942,4,53,0
11/22/2020,LA PLATA,0,4,0,1,4,1,855,91,5,0,946,5,4,1
11/23/2020,LA PLATA,5,157,0,0,162,0,1012,96,5,0,1108,5,162,0
11/24/2020,LA PLATA,0,51,0,0,51,0,1063,96,5,0,1159,5,51,0
11/25/2020,LA PLATA,2,87,0,1,89,1,1150,98,6,0,1248,6,89,1
11/26/2020,LA PLATA,0,45,0,2,45,2,1195,98,8,0,1293,8,45,2
11/27/2020,LA PLATA,0,48,0,2,48,2,1243,98,10,0,1341,10,48,2
11/28/2020,LA PLATA,0,36,0,0,36,0,1279,98,10,0,1377,10,36,0
11/29/2020,LA PLATA,0,42,0,4,42,4,1321,98,14,0,1419,14,42,4
11/30/2020,LA PLATA,0,10,0,1,10,1,1331,98,15,0,1429,15,10,1
12/01/2020,LA PLATA,1,23,0,0,24,0,1354,99,15,0,1453,15,24,0
12/02/2020,LA PLATA,1,86,0,0,87,0,1440,100,15,0,1540,15,87,0
12/03/2020,LA PLATA,0,79,0,4,79,4,1519,100,19,0,1619,19,79,4
12/04/2020,LA PLATA,0,27,0,1,27,1,1546,100,20,0,1646,20,27,1
12/05/2020,LA PLATA,0,33,0,1,33,1,1579,100,21,0,1679,21,33,1
12/06/2020,LA PLATA,0,20,0,0,20,0,1599,100,21,0,1699,21,20,0
12/07/2020,LA PLATA,0,15,0,0,15,0,1614,100,21,0,1714,21,15,0
12/08/2020,LA PLATA,0,34,0,2,34,2,1648,100,23,0,1748,23,34,2
12/09/2020,LA PLATA,1,70,0,3,71,3,1718,101,26,0,1819,26,71,3
12/10/2020,LA PLATA,0,43,0,0,43,0,1761,101,26,0,1862,26,43,0
12/11/2020,LA PLATA,0,33,0,1,33,1,1794,101,27,0,1895,27,33,1
12/12/2020,LA PLATA,0,22,0,0,22,0,1816,101,27,0,1917,27,22,0
12/13/2020,LA PLATA,0,18,0,1,18,1,1834,101,28,0,1935,28,18,1
12/14/2020,LA PLATA,0,18,0,0,18,0,1852,101,28,0,1953,28,18,0
12/15/2020,LA PLATA,0,12,0,0,12,0,1864,101,28,0,1965,28,12,0
12/16/2020,LA PLATA,0,30,0,0,30,0,1894,101,28,0,1995,28,30,0
12/17/2020,LA PLATA,1,30,0,1,31,1,1924,102,29,0,2026,29,31,1
12/18/2020,LA PLATA,2,48,0,1,50,1,1972,104,30,0,2076,30,50,1
12/19/2020,LA PLATA,2,26,0,0,28,0,1998,106,30,0,2104,30,28,0
12/20/2020,LA PLATA,7,12,0,0,19,0,2010,113,30,0,2123,30,19,0
12/21/2020,LA PLATA,1,11,0,0,12,0,2021,114,30,0,2135,30,12,0
12/22/2020,LA PLATA,3,10,0,0,13,0,2031,117,30,0,2148,30,13,0
12/23/2020,LA PLATA,2,10,0,1,12,1,2041,119,31,0,2160,31,12,1
12/24/2020,LA PLATA,3,18,0,0,21,0,2059,122,31,0,2181,31,21,0
12/25/2020,LA PLATA,1,17,0,0,18,0,2076,123,31,0,2199,31,18,0
12/26/2020,LA PLATA,5,7,0,0,12,0,2083,128,31,0,2211,31,12,0
12/27/2020,LA PLATA,3,4,0,0,7,0,2087,131,31,0,2218,31,7,0
12/28/2020,LA PLATA,1,0,0,0,1,0,2087,132,31,0,2219,31,1,0
12/29/2020,LA PLATA,2,12,0,0,14,0,2099,134,31,0,2233,31,14,0
12/30/2020,LA PLATA,2,17,0,0,19,0,2116,136,31,0,2252,31,19,0
12/31/2020,LA PLATA,10,4,0,0,14,0,2120,146,31,0,2266,31,14,0
01/01/2021,LA PLATA,0,20,0,0,20,0,2140,146,31,0,2286,31,20,0
01/02/2021,LA PLATA,3,17,0,0,20,0,2157,149,31,0,2306,31,20,0
01/03/2021,LA PLATA,1,3,0,0,4,0,2160,150,31,0,2310,31,4,0
01/04/2021,LA PLATA,4,6,0,0,10,0,2166,154,31,0,2320,31,10,0
01/05/2021,LA PLATA,4,5,0,0,9,0,2171,158,31,0,2329,31,9,0
01/06/2021,LA PLATA,5,24,0,0,29,0,2195,163,31,0,2358,31,29,0
01/07/2021,LA PLATA,5,34,0,0,39,0,2229,168,31,0,2397,31,39,0
01/08/2021,LA PLATA,6,27,0,1,33,1,2256,174,32,0,2430,32,33,1
01/09/2021,LA PLATA,4,21,0,0,25,0,2277,178,32,0,2455,32,25,0
01/10/2021,LA PLATA,0,28,0,2,28,2,2305,178,34,0,2483,34,28,2
01/11/2021,LA PLATA,5,7,0,0,12,0,2312,183,34,0,2495,34,12,0
01/12/2021,LA PLATA,5,10,0,0,15,0,2322,188,34,0,2510,34,15,0
01/13/2021,LA PLATA,2,23,0,0,25,0,2345,190,34,0,2535,34,25,0
01/14/2021,LA PLATA,2,26,0,0,28,0,2371,192,34,0,2563,34,28,0
01/15/2021,LA PLATA,1,17,0,1,18,1,2388,193,35,0,2581,35,18,1
01/16/2021,LA PLATA,4,11,0,0,15,0,2399,197,35,0,2596,35,15,0
01/17/2021,LA PLATA,0,5,0,1,5,1,2404,197,36,0,2601,36,5,1
01/18/2021,LA PLATA,0,2,0,0,2,0,2406,197,36,0,2603,36,2,0
01/19/2021,LA PLATA,2,10,0,0,12,0,2416,199,36,0,2615,36,12,0
01/20/2021,LA PLATA,5,11,0,0,16,0,2427,204,36,0,2631,36,16,0
01/21/2021,LA PLATA,6,5,0,0,11,0,2432,210,36,0,2642,36,11,0
01/22/2021,LA PLATA,1,6,0,0,7,0,2438,211,36,0,2649,36,7,0
01/23/2021,LA PLATA,3,4,0,0,7,0,2442,214,36,0,2656,36,7,0
01/24/2021,LA PLATA,1,18,0,0,19,0,2460,215,36,0,2675,36,19,0
01/25/2021,LA PLATA,0,1,0,0,1,0,2461,215,36,0,2676,36,1,0
01/26/2021,LA PLATA,2,3,0,0,5,0,2464,217,36,0,2681,36,5,0
01/27/2021,LA PLATA,6,4,0,0,10,0,2468,223,36,0,2691,36,10,0
01/28/2021,LA PLATA,0,16,0,0,16,0,2484,223,36,0,2707,36,16,0
01/29/2021,LA PLATA,2,8,0,0,10,0,2492,225,36,0,2717,36,10,0
01/30/2021,LA PLATA,0,3,0,0,3,0,2495,225,36,0,2720,36,3,0
01/31/2021,LA PLATA,0,1,0,0,1,0,2496,225,36,0,2721,36,1,0
02/01/2021,LA PLATA,0,2,0,0,2,0,2498,225,36,0,2723,36,2,0
02/02/2021,LA PLATA,0,5,0,0,5,0,2503,225,36,0,2728,36,5,0
02/03/2021,LA PLATA,0,5,0,0,5,0,2508,225,36,0,2733,36,5,0
02/04/2021,LA PLATA,5,16,0,0,21,0,2524,230,36,0,2754,36,21,0
02/05/2021,LA PLATA,13,9,0,0,22,0,2533,243,36,0,2776,36,22,0
02/06/2021,LA PLATA,6,0,0,0,6,0,2533,249,36,0,2782,36,6,0
02/07/2021,LA PLATA,0,7,0,1,7,1,2540,249,37,0,2789,37,7,1
02/08/2021,LA PLATA,5,7,0,0,12,0,2547,254,37,0,2801,37,12,0
02/09/2021,LA PLATA,3,23,0,0,26,0,2570,257,37,0,2827,37,26,0
02/10/2021,LA PLATA,1,10,0,0,11,0,2580,258,37,0,2838,37,11,0
02/11/2021,LA PLATA,4,7,0,0,11,0,2587,262,37,0,2849,37,11,0
02/12/2021,LA PLATA,0,8,0,0,8,0,2595,262,37,0,2857,37,8,0
02/13/2021,LA PLATA,0,1,0,0,1,0,2596,262,37,0,2858,37,1,0
02/14/2021,LA PLATA,0,9,0,0,9,0,2605,262,37,0,2867,37,9,0
02/16/2021,LA PLATA,0,4,0,0,4,0,2609,262,37,0,2871,37,4,0
02/17/2021,LA PLATA,3,2,0,0,5,0,2611,265,37,0,2876,37,5,0
02/18/2021,LA PLATA,0,8,0,0,8,0,2619,265,37,0,2884,37,8,0
02/19/2021,LA PLATA,1,9,0,0,10,0,2628,266,37,0,2894,37,10,0
02/20/2021,LA PLATA,1,2,0,0,3,0,2630,267,37,0,2897,37,3,0
02/21/2021,LA PLATA,6,7,0,0,13,0,2637,273,37,0,2910,37,13,0
02/22/2021,LA PLATA,2,6,0,0,8,0,2643,275,37,0,2918,37,8,0
02/23/2021,LA PLATA,1,13,0,0,14,0,2656,276,37,0,2932,37,14,0
02/24/2021,LA PLATA,2,25,0,0,27,0,2681,278,37,0,2959,37,27,0
02/25/2021,LA PLATA,1,11,0,0,12,0,2692,279,37,0,2971,37,12,0
02/26/2021,LA PLATA,0,10,0,0,10,0,2702,279,37,0,2981,37,10,0
02/27/2021,LA PLATA,2,14,0,0,16,0,2716,281,37,0,2997,37,16,0
02/28/2021,LA PLATA,5,3,0,0,8,0,2719,286,37,0,3005,37,8,0
03/01/2021,LA PLATA,0,7,0,0,7,0,2726,286,37,0,3012,37,7,0
03/02/2021,LA PLATA,1,3,0,0,4,0,2729,287,37,0,3016,37,4,0
03/03/2021,LA PLATA,9,13,0,0,22,0,2742,296,37,0,3038,37,22,0
03/04/2021,LA PLATA,2,9,0,0,11,0,2751,298,37,0,3049,37,11,0
03/05/2021,LA PLATA,1,9,0,0,10,0,2760,299,37,0,3059,37,10,0
03/06/2021,LA PLATA,0,8,0,0,8,0,2768,299,37,0,3067,37,8,0
03/07/2021,LA PLATA,14,4,0,0,18,0,2772,313,37,0,3085,37,18,0
03/08/2021,LA PLATA,1,3,0,0,4,0,2775,314,37,0,3089,37,4,0
03/09/2021,LA PLATA,2,25,0,0,27,0,2800,316,37,0,3116,37,27,0
03/10/2021,LA PLATA,1,16,0,0,17,0,2816,317,37,0,3133,37,17,0
03/11/2021,LA PLATA,6,37,0,0,43,0,2853,323,37,0,3176,37,43,0
03/12/2021,LA PLATA,4,11,0,0,15,0,2864,327,37,0,3191,37,15,0
03/13/2021,LA PLATA,3,15,0,0,18,0,2879,330,37,0,3209,37,18,0
03/14/2021,LA PLATA,0,5,0,0,5,0,2884,330,37,0,3214,37,5,0
03/15/2021,LA PLATA,5,1,0,0,6,0,2885,335,37,0,3220,37,6,0
03/16/2021,LA PLATA,6,12,0,0,18,0,2897,341,37,0,3238,37,18,0
03/17/2021,LA PLATA,7,5,0,0,12,0,2902,348,37,0,3250,37,12,0
03/18/2021,LA PLATA,0,9,0,0,9,0,2911,348,37,0,3259,37,9,0
03/19/2021,LA PLATA,1,9,0,0,10,0,2920,349,37,0,3269,37,10,0
03/20/2021,LA PLATA,3,10,0,0,13,0,2930,352,37,0,3282,37,13,0
03/21/2021,LA PLATA,1,1,0,0,2,0,2931,353,37,0,3284,37,2,0
03/22/2021,LA PLATA,2,5,0,0,7,0,2936,355,37,0,3291,37,7,0
03/23/2021,LA PLATA,0,10,0,0,10,0,2946,355,37,0,3301,37,10,0
03/24/2021,LA PLATA,1,15,0,0,16,0,2961,356,37,0,3317,37,16,0
03/25/2021,LA PLATA,1,10,0,0,11,0,2971,357,37,0,3328,37,11,0
03/26/2021,LA PLATA,3,13,0,0,16,0,2984,360,37,0,3344,37,16,0
03/27/2021,LA PLATA,0,5,0,0,5,0,2989,360,37,0,3349,37,5,0
03/28/2021,LA PLATA,2,3,0,0,5,0,2992,362,37,0,3354,37,5,0
03/29/2021,LA PLATA,2,4,0,0,6,0,2996,364,37,0,3360,37,6,0
03/30/2021,LA PLATA,6,12,0,0,18,0,3008,370,37,0,3378,37,18,0
03/31/2021,LA PLATA,4,16,0,0,20,0,3024,374,37,0,3398,37,20,0
04/01/2021,LA PLATA,9,18,0,0,27,0,3042,383,37,0,3425,37,27,0
04/02/2021,LA PLATA,5,18,0,0,23,0,3060,388,37,0,3448,37,23,0
04/03/2021,LA PLATA,4,15,0,0,19,0,3075,392,37,0,3467,37,19,0
04/04/2021,LA PLATA,1,7,0,0,8,0,3082,393,37,0,3475,37,8,0
04/05/2021,LA PLATA,4,5,0,0,9,0,3087,397,37,0,3484,37,9,0
04/06/2021,LA PLATA,2,29,0,1,31,1,3116,399,38,0,3515,38,31,1
04/07/2021,LA PLATA,0,17,0,0,17,0,3133,399,38,0,3532,38,17,0
04/08/2021,LA PLATA,1,25,0,0,26,0,3158,400,38,0,3558,38,26,0
04/09/2021,LA PLATA,21,13,0,0,34,0,3171,421,38,0,3592,38,34,0
04/10/2021,LA PLATA,6,9,0,0,15,0,3180,427,38,0,3607,38,15,0
04/11/2021,LA PLATA,2,1,0,0,3,0,3181,429,38,0,3610,38,3,0
04/12/2021,LA PLATA,5,13,0,0,18,0,3194,434,38,0,3628,38,18,0
04/13/2021,LA PLATA,1,12,0,0,13,0,3206,435,38,0,3641,38,13,0
04/14/2021,LA PLATA,1,18,0,0,19,0,3224,436,38,0,3660,38,19,0
04/15/2021,LA PLATA,5,13,0,0,18,0,3237,441,38,0,3678,38,18,0
04/16/2021,LA PLATA,6,13,0,0,19,0,3250,447,38,0,3697,38,19,0
04/17/2021,LA PLATA,4,3,0,0,7,0,3253,451,38,0,3704,38,7,0
04/18/2021,LA PLATA,1,8,0,0,9,0,3261,452,38,0,3713,38,9,0
04/19/2021,LA PLATA,2,12,0,0,14,0,3273,454,38,0,3727,38,14,0
04/20/2021,LA PLATA,2,13,0,0,15,0,3286,456,38,0,3742,38,15,0
04/21/2021,LA PLATA,2,20,0,0,22,0,3306,458,38,0,3764,38,22,0
04/22/2021,LA PLATA,7,16,0,0,23,0,3322,465,38,0,3787,38,23,0
04/23/2021,LA PLATA,4,10,0,0,14,0,3332,469,38,0,3801,38,14,0
04/24/2021,LA PLATA,4,16,0,0,20,0,3348,473,38,0,3821,38,20,0
04/25/2021,LA PLATA,5,7,0,0,12,0,3355,478,38,0,3833,38,12,0
04/26/2021,LA PLATA,1,16,0,1,17,1,3371,479,39,0,3850,39,17,1
04/27/2021,LA PLATA,9,13,0,0,22,0,3384,488,39,0,3872,39,22,0
04/28/2021,LA PLATA,2,15,0,0,17,0,3399,490,39,0,3889,39,17,0
04/29/2021,LA PLATA,0,11,0,1,11,1,3410,490,40,0,3900,40,11,1
04/30/2021,LA PLATA,4,6,0,0,10,0,3416,494,40,0,3910,40,10,0
05/01/2021,LA PLATA,1,2,0,0,3,0,3418,495,40,0,3913,40,3,0
05/02/2021,LA PLATA,4,3,0,0,7,0,3421,499,40,0,3920,40,7,0
05/03/2021,LA PLATA,2,8,0,0,10,0,3429,501,40,0,3930,40,10,0
05/04/2021,LA PLATA,2,6,0,0,8,0,3435,503,40,0,3938,40,8,0
05/05/2021,LA PLATA,0,13,0,0,13,0,3448,503,40,0,3951,40,13,0
05/06/2021,LA PLATA,2,16,0,0,18,0,3464,505,40,0,3969,40,18,0
05/07/2021,LA PLATA,1,4,0,0,5,0,3468,506,40,0,3974,40,5,0
05/08/2021,LA PLATA,0,6,0,0,6,0,3474,506,40,0,3980,40,6,0
05/09/2021,LA PLATA,0,4,0,0,4,0,3478,506,40,0,3984,40,4,0
05/10/2021,LA PLATA,1,8,0,0,9,0,3486,507,40,0,3993,40,9,0
05/11/2021,LA PLATA,1,10,0,0,11,0,3496,508,40,0,4004,40,11,0
05/12/2021,LA PLATA,1,7,0,0,8,0,3503,509,40,0,4012,40,8,0
05/13/2021,LA PLATA,0,4,0,0,4,0,3507,509,40,0,4016,40,4,0
05/14/2021,LA PLATA,1,2,0,0,3,0,3509,510,40,0,4019,40,3,0
05/15/2021,LA PLATA,0,2,0,0,2,0,3511,510,40,0,4021,40,2,0
05/16/2021,LA PLATA,2,0,0,0,2,0,3511,512,40,0,4023,40,2,0
05/17/2021,LA PLATA,1,1,0,0,2,0,3512,513,40,0,4025,40,2,0
05/18/2021,LA PLATA,1,15,0,0,16,0,3527,514,40,0,4041,40,16,0
05/19/2021,LA PLATA,0,8,0,0,8,0,3535,514,40,0,4049,40,8,0
05/20/2021,LA PLATA,2,7,0,0,9,0,3542,516,40,0,4058,40,9,0
05/21/2021,LA PLATA,0,1,0,0,1,0,3543,516,40,0,4059,40,1,0
05/22/2021,LA PLATA,0,4,0,0,4,0,3547,516,40,0,4063,40,4,0
05/23/2021,LA PLATA,0,2,0,0,2,0,3549,516,40,0,4065,40,2,0
05/24/2021,LA PLATA,0,6,0,0,6,0,3555,516,40,0,4071,40,6,0
05/25/2021,LA PLATA,1,3,0,0,4,0,3558,517,40,0,4075,40,4,0
05/26/2021,LA PLATA,0,7,0,1,7,1,3565,517,41,0,4082,41,7,1
05/27/2021,LA PLATA,3,3,0,0,6,0,3568,520,41,0,4088,41,6,0
05/28/2021,LA PLATA,0,7,0,0,7,0,3575,520,41,0,4095,41,7,0
05/29/2021,LA PLATA,2,3,0,0,5,0,3578,522,41,0,4100,41,5,0
05/31/2021,LA PLATA,0,2,0,0,2,0,3580,522,41,0,4102,41,2,0
06/01/2021,LA PLATA,0,9,0,0,9,0,3589,522,41,0,4111,41,9,0
06/02/2021,LA PLATA,0,1,0,0,1,0,3590,522,41,0,4112,41,1,0
06/03/2021,LA PLATA,0,2,0,0,2,0,3592,522,41,0,4114,41,2,0
06/04/2021,LA PLATA,0,2,0,0,2,0,3594,522,41,0,4116,41,2,0
06/05/2021,LA PLATA,0,2,0,0,2,0,3596,522,41,0,4118,41,2,0
06/06/2021,LA PLATA,0,2,0,0,2,0,3598,522,41,0,4120,41,2,0
06/07/2021,LA PLATA,0,5,0,0,5,0,3603,522,41,0,4125,41,5,0
06/08/2021,LA PLATA,0,4,0,0,4,0,3607,522,41,0,4129,41,4,0
06/09/2021,LA PLATA,0,7,0,0,7,0,3614,522,41,0,4136,41,7,0
06/10/2021,LA PLATA,0,4,0,0,4,0,3618,522,41,0,4140,41,4,0
06/11/2021,LA PLATA,0,3,0,0,3,0,3621,522,41,0,4143,41,3,0
06/12/2021,LA PLATA,0,2,0,0,2,0,3623,522,41,0,4145,41,2,0
06/14/2021,LA PLATA,0,1,0,0,1,0,3624,522,41,0,4146,41,1,0
06/15/2021,LA PLATA,0,5,0,0,5,0,3629,522,41,0,4151,41,5,0
06/16/2021,LA PLATA,0,7,0,0,7,0,3636,522,41,0,4158,41,7,0
06/17/2021,LA PLATA,0,3,0,0,3,0,3639,522,41,0,4161,41,3,0
06/18/2021,LA PLATA,0,1,0,0,1,0,3640,522,41,0,4162,41,1,0
06/19/2021,LA PLATA,0,1,0,1,1,1,3641,522,42,0,4163,42,1,1
06/20/2021,LA PLATA,0,1,0,0,1,0,3642,522,42,0,4164,42,1,0
06/21/2021,LA PLATA,0,4,0,0,4,0,3646,522,42,0,4168,42,4,0
06/22/2021,LA PLATA,1,2,0,0,3,0,3648,523,42,0,4171,42,3,0
06/23/2021,LA PLATA,0,4,0,0,4,0,3652,523,42,0,4175,42,4,0
06/24/2021,LA PLATA,0,3,0,0,3,0,3655,523,42,0,4178,42,3,0
06/25/2021,LA PLATA,3,0,0,0,3,0,3655,526,42,0,4181,42,3,0
06/26/2021,LA PLATA,0,2,0,0,2,0,3657,526,42,0,4183,42,2,0
06/27/2021,LA PLATA,1,0,0,0,1,0,3657,527,42,0,4184,42,1,0
06/28/2021,LA PLATA,1,3,0,1,4,1,3660,528,43,0,4188,43,4,1
06/29/2021,LA PLATA,1,6,0,0,7,0,3666,529,43,0,4195,43,7,0
06/30/2021,LA PLATA,2,12,0,0,14,0,3678,531,43,0,4209,43,14,0
07/01/2021,LA PLATA,3,9,0,0,12,0,3687,534,43,0,4221,43,12,0
07/02/2021,LA PLATA,0,3,0,0,3,0,3690,534,43,0,4224,43,3,0
07/03/2021,LA PLATA,2,5,0,0,7,0,3695,536,43,0,4231,43,7,0
07/05/2021,LA PLATA,5,1,0,0,6,0,3696,541,43,0,4237,43,6,0
07/06/2021,LA PLATA,0,1,0,0,1,0,3697,541,43,0,4238,43,1,0
07/07/2021,LA PLATA,1,2,0,0,3,0,3699,542,43,0,4241,43,3,0
07/08/2021,LA PLATA,1,11,0,0,12,0,3710,543,43,0,4253,43,12,0
07/09/2021,LA PLATA,0,3,0,0,3,0,3713,543,43,0,4256,43,3,0
07/10/2021,LA PLATA,0,5,0,0,5,0,3718,543,43,0,4261,43,5,0
07/11/2021,LA PLATA,0,4,0,0,4,0,3722,543,43,0,4265,43,4,0
07/12/2021,LA PLATA,0,5,0,0,5,0,3727,543,43,0,4270,43,5,0
07/13/2021,LA PLATA,0,11,0,0,11,0,3738,543,43,0,4281,43,11,0
07/14/2021,LA PLATA,1,3,0,0,4,0,3741,544,43,0,4285,43,4,0
07/15/2021,LA PLATA,0,2,0,0,2,0,3743,544,43,0,4287,43,2,0
07/16/2021,LA PLATA,0,2,0,0,2,0,3745,544,43,0,4289,43,2,0
07/17/2021,LA PLATA,0,2,0,0,2,0,3747,544,43,0,4291,43,2,0
07/18/2021,LA PLATA,1,2,0,1,3,1,3749,545,44,0,4294,44,3,1
07/19/2021,LA PLATA,0,1,0,0,1,0,3750,545,44,0,4295,44,1,0
07/20/2021,LA PLATA,1,7,0,0,8,0,3757,546,44,0,4303,44,8,0
07/21/2021,LA PLATA,0,9,0,0,9,0,3766,546,44,0,4312,44,9,0
07/22/2021,LA PLATA,2,6,0,0,8,0,3772,548,44,0,4320,44,8,0
07/24/2021,LA PLATA,0,1,0,0,1,0,3773,548,44,0,4321,44,1,0
07/25/2021,LA PLATA,0,2,0,0,2,0,3775,548,44,0,4323,44,2,0
07/26/2021,LA PLATA,2,13,0,0,15,0,3788,550,44,0,4338,44,15,0
07/27/2021,LA PLATA,1,7,0,0,8,0,3795,551,44,0,4346,44,8,0
07/28/2021,LA PLATA,1,10,0,0,11,0,3805,552,44,0,4357,44,11,0
07/29/2021,LA PLATA,0,9,0,0,9,0,3814,552,44,0,4366,44,9,0
07/30/2021,LA PLATA,0,5,0,0,5,0,3819,552,44,0,4371,44,5,0
07/31/2021,LA PLATA,0,7,0,0,7,0,3826,552,44,0,4378,44,7,0
08/01/2021,LA PLATA,0,1,0,0,1,0,3827,552,44,0,4379,44,1,0
08/02/2021,LA PLATA,1,3,0,0,4,0,3830,553,44,0,4383,44,4,0
08/03/2021,LA PLATA,1,13,0,1,14,1,3843,554,45,0,4397,45,14,1
08/04/2021,LA PLATA,3,18,0,0,21,0,3861,557,45,0,4418,45,21,0
08/05/2021,LA PLATA,0,8,0,0,8,0,3869,557,45,0,4426,45,8,0
08/06/2021,LA PLATA,1,14,0,0,15,0,3883,558,45,0,4441,45,15,0
08/07/2021,LA PLATA,1,7,0,0,8,0,3890,559,45,0,4449,45,8,0
08/08/2021,LA PLATA,3,1,0,1,4,1,3891,562,46,0,4453,46,4,1
08/09/2021,LA PLATA,2,15,0,0,17,0,3906,564,46,0,4470,46,17,0
08/10/2021,LA PLATA,3,25,0,0,28,0,3931,567,46,0,4498,46,28,0
08/11/2021,LA PLATA,3,18,0,0,21,0,3949,570,46,0,4519,46,21,0
08/12/2021,LA PLATA,0,8,0,1,8,1,3957,570,47,0,4527,47,8,1
08/13/2021,LA PLATA,3,30,0,0,33,0,3987,573,47,0,4560,47,33,0
08/14/2021,LA PLATA,2,6,0,0,8,0,3993,575,47,0,4568,47,8,0
08/15/2021,LA PLATA,0,2,0,0,2,0,3995,575,47,0,4570,47,2,0
08/16/2021,LA PLATA,2,13,0,0,15,0,4008,577,47,0,4585,47,15,0
08/17/2021,LA PLATA,5,18,0,0,23,0,4026,582,47,0,4608,47,23,0
08/18/2021,LA PLATA,4,21,0,0,25,0,4047,586,47,0,4633,47,25,0
08/19/2021,LA PLATA,1,22,0,0,23,0,4069,587,47,0,4656,47,23,0
08/20/2021,LA PLATA,1,9,0,0,10,0,4078,588,47,0,4666,47,10,0
08/21/2021,LA PLATA,0,4,0,0,4,0,4082,588,47,0,4670,47,4,0
08/22/2021,LA PLATA,0,9,0,0,9,0,4091,588,47,0,4679,47,9,0
08/23/2021,LA PLATA,1,14,0,0,15,0,4105,589,47,0,4694,47,15,0
08/24/2021,LA PLATA,0,19,0,0,19,0,4124,589,47,0,4713,47,19,0
08/25/2021,LA PLATA,3,13,1,0,16,1,4137,592,47,1,4729,48,16,1
08/26/2021,LA PLATA,1,16,0,0,17,0,4153,593,47,1,4746,48,17,0
08/27/2021,LA PLATA,0,11,0,0,11,0,4164,593,47,1,4757,48,11,0
08/28/2021,LA PLATA,0,10,0,0,10,0,4174,593,47,1,4767,48,10,0
08/29/2021,LA PLATA,0,8,0,1,8,1,4182,593,48,1,4775,49,8,1
08/30/2021,LA PLATA,0,14,0,0,14,0,4196,593,48,1,4789,49,14,0
08/31/2021,LA PLATA,0,15,0,1,15,1,4211,593,49,1,4804,50,15,1
09/01/2021,LA PLATA,4,4,0,0,8,0,4215,597,49,1,4812,50,8,0
09/02/2021,LA PLATA,1,4,0,0,5,0,4219,598,49,1,4817,50,5,0
09/03/2021,LA PLATA,0,16,0,0,16,0,4235,598,49,1,4833,50,16,0
09/04/2021,LA PLATA,1,10,0,1,11,1,4245,599,50,1,4844,51,11,1
09/06/2021,LA PLATA,1,1,0,0,2,0,4246,600,50,1,4846,51,2,0
09/07/2021,LA PLATA,1,12,0,0,13,0,4258,601,50,1,4859,51,13,0
09/08/2021,LA PLATA,0,23,0,0,23,0,4281,601,50,1,4882,51,23,0
09/09/2021,LA PLATA,0,19,0,0,19,0,4300,601,50,1,4901,51,19,0
09/10/2021,LA PLATA,1,6,0,0,7,0,4306,602,50,1,4908,51,7,0
09/11/2021,LA PLATA,1,18,0,0,19,0,4324,603,50,1,4927,51,19,0
09/12/2021,LA PLATA,1,3,0,0,4,0,4327,604,50,1,4931,51,4,0
09/13/2021,LA PLATA,0,14,0,0,14,0,4341,604,50,1,4945,51,14,0
09/14/2021,LA PLATA,1,41,0,0,42,0,4382,605,50,1,4987,51,42,0
09/15/2021,LA PLATA,0,29,0,0,29,0,4411,605,50,1,5016,51,29,0
09/16/2021,LA PLATA,0,42,0,0,42,0,4453,605,50,1,5058,51,42,0
09/17/2021,LA PLATA,2,5,0,0,7,0,4458,607,50,1,5065,51,7,0
09/18/2021,LA PLATA,0,31,0,1,31,1,4489,607,51,1,5096,52,31,1
09/19/2021,LA PLATA,0,2,0,0,2,0,4491,607,51,1,5098,52,2,0
09/20/2021,LA PLATA,0,41,0,0,41,0,4532,607,51,1,5139,52,41,0
09/21/2021,LA PLATA,3,36,0,0,39,0,4568,610,51,1,5178,52,39,0
09/22/2021,LA PLATA,4,38,0,0,42,0,4606,614,51,1,5220,52,42,0
09/23/2021,LA PLATA,1,32,0,0,33,0,4638,615,51,1,5253,52,33,0
09/24/2021,LA PLATA,1,14,0,0,15,0,4652,616,51,1,5268,52,15,0
09/25/2021,LA PLATA,0,18,0,0,18,0,4670,616,51,1,5286,52,18,0
09/26/2021,LA PLATA,1,2,0,0,3,0,4672,617,51,1,5289,52,3,0
09/27/2021,LA PLATA,3,33,0,0,36,0,4705,620,51,1,5325,52,36,0
09/28/2021,LA PLATA,2,17,0,0,19,0,4722,622,51,1,5344,52,19,0
09/29/2021,LA PLATA,1,15,0,0,16,0,4737,623,51,1,5360,52,16,0
09/30/2021,LA PLATA,2,27,0,0,29,0,4764,625,51,1,5389,52,29,0
10/01/2021,LA PLATA,0,17,0,0,17,0,4781,625,51,1,5406,52,17,0
10/02/2021,LA PLATA,2,14,0,0,16,0,4795,627,51,1,5422,52,16,0
10/03/2021,LA PLATA,0,7,0,0,7,0,4802,627,51,1,5429,52,7,0
10/04/2021,LA PLATA,3,10,0,1,13,1,4812,630,52,1,5442,53,13,1
10/05/2021,LA PLATA,0,30,0,0,30,0,4842,630,52,1,5472,53,30,0
10/06/2021,LA PLATA,1,22,0,0,23,0,4864,631,52,1,5495,53,23,0
10/07/2021,LA PLATA,1,19,0,0,20,0,4883,632,52,1,5515,53,20,0
10/08/2021,LA PLATA,2,13,0,0,15,0,4896,634,52,1,5530,53,15,0
10/09/2021,LA PLATA,1,11,0,0,12,0,4907,635,52,1,5542,53,12,0
10/10/2021,LA PLATA,1,4,0,0,5,0,4911,636,52,1,5547,53,5,0
10/11/2021,LA PLATA,1,28,0,0,29,0,4939,637,52,1,5576,53,29,0
10/12/2021,LA PLATA,0,26,0,0,26,0,4965,637,52,1,5602,53,26,0
10/13/2021,LA PLATA,2,10,0,0,12,0,4975,639,52,1,5614,53,12,0
10/14/2021,LA PLATA,0,20,0,0,20,0,4995,639,52,1,5634,53,20,0
10/15/2021,LA PLATA,1,15,0,0,16,0,5010,640,52,1,5650,53,16,0
10/16/2021,LA PLATA,0,5,0,0,5,0,5015,640,52,1,5655,53,5,0
10/17/2021,LA PLATA,0,6,0,0,6,0,5021,640,52,1,5661,53,6,0
10/18/2021,LA PLATA,3,17,0,0,20,0,5038,643,52,1,5681,53,20,0
10/19/2021,LA PLATA,4,34,0,0,38,0,5072,647,52,1,5719,53,38,0
10/20/2021,LA PLATA,7,14,0,1,21,1,5086,654,53,1,5740,54,21,1
10/21/2021,LA PLATA,2,33,0,0,35,0,5119,656,53,1,5775,54,35,0
10/22/2021,LA PLATA,1,36,0,0,37,0,5155,657,53,1,5812,54,37,0
10/23/2021,LA PLATA,4,24,0,0,28,0,5179,661,53,1,5840,54,28,0
10/24/2021,LA PLATA,1,5,0,0,6,0,5184,662,53,1,5846,54,6,0
10/25/2021,LA PLATA,1,14,0,0,15,0,5198,663,53,1,5861,54,15,0
10/26/2021,LA PLATA,3,27,0,1,30,1,5225,666,54,1,5891,55,30,1
10/27/2021,LA PLATA,4,48,0,0,52,0,5273,670,54,1,5943,55,52,0
10/28/2021,LA PLATA,5,33,0,1,38,1,5306,675,55,1,5981,56,38,1
10/29/2021,LA PLATA,5,39,0,0,44,0,5345,680,55,1,6025,56,44,0
10/30/2021,LA PLATA,0,30,0,0,30,0,5375,680,55,1,6055,56,30,0
10/31/2021,LA PLATA,4,5,0,0,9,0,5380,684,55,1,6064,56,9,0
11/01/2021,LA PLATA,6,23,0,1,29,1,5403,690,56,1,6093,57,29,1
11/02/2021,LA PLATA,13,31,0,0,44,0,5434,703,56,1,6137,57,44,0
11/03/2021,LA PLATA,3,28,0,0,31,0,5462,706,56,1,6168,57,31,0
11/04/2021,LA PLATA,6,35,0,1,41,1,5497,712,57,1,6209,58,41,1
11/05/2021,LA PLATA,4,27,0,0,31,0,5524,716,57,1,6240,58,31,0
11/06/2021,LA PLATA,0,27,0,0,27,0,5551,716,57,1,6267,58,27,0
11/07/2021,LA PLATA,4,17,0,0,21,0,5568,720,57,1,6288,58,21,0
11/08/2021,LA PLATA,5,24,0,0,29,0,5592,725,57,1,6317,58,29,0
11/09/2021,LA PLATA,8,57,0,1,65,1,5649,733,58,1,6382,59,65,1
11/10/2021,LA PLATA,5,45,0,0,50,0,5694,738,58,1,6432,59,50,0
11/11/2021,LA PLATA,9,55,0,0,64,0,5749,747,58,1,6496,59,64,0
11/12/2021,LA PLATA,11,45,0,0,56,0,5794,758,58,1,6552,59,56,0
11/13/2021,LA PLATA,1,33,0,1,34,1,5827,759,59,1,6586,60,34,1
11/14/2021,LA PLATA,1,7,0,0,8,0,5834,760,59,1,6594,60,8,0
11/15/2021,LA PLATA,1,38,0,0,39,0,5872,761,59,1,6633,60,39,0
11/16/2021,LA PLATA,1,52,0,0,53,0,5924,762,59,1,6686,60,53,0
11/17/2021,LA PLATA,4,35,0,0,39,0,5959,766,59,1,6725,60,39,0
11/18/2021,LA PLATA,1,32,0,0,33,0,5991,767,59,1,6758,60,33,0
11/19/2021,LA PLATA,9,26,0,0,35,0,6017,776,59,1,6793,60,35,0
11/20/2021,LA PLATA,0,16,0,1,16,1,6033,776,60,1,6809,61,16,1
11/21/2021,LA PLATA,0,22,0,0,22,0,6055,776,60,1,6831,61,22,0
11/22/2021,LA PLATA,4,22,0,0,26,0,6077,780,60,1,6857,61,26,0
11/23/2021,LA PLATA,9,38,0,0,47,0,6115,789,60,1,6904,61,47,0
11/24/2021,LA PLATA,2,21,0,0,23,0,6136,791,60,1,6927,61,23,0
11/25/2021,LA PLATA,1,3,0,0,4,0,6139,792,60,1,6931,61,4,0
11/26/2021,LA PLATA,0,17,0,3,17,3,6156,792,63,1,6948,64,17,3
11/27/2021,LA PLATA,0,21,0,0,21,0,6177,792,63,1,6969,64,21,0
11/28/2021,LA PLATA,0,12,0,0,12,0,6189,792,63,1,6981,64,12,0
11/29/2021,LA PLATA,2,16,0,0,18,0,6205,794,63,1,6999,64,18,0
11/30/2021,LA PLATA,1,23,0,0,24,0,6228,795,63,1,7023,64,24,0
12/01/2021,LA PLATA,3,27,0,0,30,0,6255,798,63,1,7053,64,30,0
12/02/2021,LA PLATA,1,32,0,0,33,0,6287,799,63,1,7086,64,33,0
12/03/2021,LA PLATA,3,21,0,1,24,1,6308,802,64,1,7110,65,24,1
12/04/2021,LA PLATA,2,11,0,0,13,0,6319,804,64,1,7123,65,13,0
12/05/2021,LA PLATA,0,5,0,0,5,0,6324,804,64,1,7128,65,5,0
12/06/2021,LA PLATA,1,16,0,0,17,0,6340,805,64,1,7145,65,17,0
12/07/2021,LA PLATA,5,34,0,0,39,0,6374,810,64,1,7184,65,39,0
12/08/2021,LA PLATA,1,20,0,0,21,0,6394,811,64,1,7205,65,21,0
12/09/2021,LA PLATA,3,23,1,0,26,1,6417,814,64,2,7231,66,26,1
12/10/2021,LA PLATA,0,14,0,0,14,0,6431,814,64,2,7245,66,14,0
12/11/2021,LA PLATA,0,14,0,0,14,0,6445,814,64,2,7259,66,14,0
12/12/2021,LA PLATA,0,6,0,0,6,0,6451,814,64,2,7265,66,6,0
12/13/2021,LA PLATA,1,12,0,0,13,0,6463,815,64,2,7278,66,13,0
12/14/2021,LA PLATA,2,23,0,0,25,0,6486,817,64,2,7303,66,25,0
12/15/2021,LA PLATA,2,18,0,0,20,0,6504,819,64,2,7323,66,20,0
12/16/2021,LA PLATA,4,14,0,0,18,0,6518,823,64,2,7341,66,18,0
12/17/2021,LA PLATA,0,21,0,0,21,0,6539,823,64,2,7362,66,21,0
12/18/2021,LA PLATA,1,9,0,1,10,1,6548,824,65,2,7372,67,10,1
12/19/2021,LA PLATA,1,8,0,0,9,0,6556,825,65,2,7381,67,9,0
12/20/2021,LA PLATA,0,15,0,0,15,0,6571,825,65,2,7396,67,15,0
12/21/2021,LA PLATA,2,32,0,0,34,0,6603,827,65,2,7430,67,34,0
12/22/2021,LA PLATA,0,18,0,0,18,0,6621,827,65,2,7448,67,18,0
12/23/2021,LA PLATA,2,43,0,0,45,0,6664,829,65,2,7493,67,45,0
12/24/2021,LA PLATA,0,26,0,0,26,0,6690,829,65,2,7519,67,26,0
12/25/2021,LA PLATA,0,4,0,0,4,0,6694,829,65,2,7523,67,4,0
12/26/2021,LA PLATA,2,4,0,0,6,0,6698,831,65,2,7529,67,6,0
12/27/2021,LA PLATA,3,6,0,0,9,0,6704,834,65,2,7538,67,9,0
12/28/2021,LA PLATA,3,108,0,0,111,0,6812,837,65,2,7649,67,111,0
12/29/2021,LA PLATA,3,96,0,0,99,0,6908,840,65,2,7748,67,99,0
12/30/2021,LA PLATA,8,96,0,0,104,0,7004,848,65,2,7852,67,104,0
12/31/2021,LA PLATA,1,94,0,0,95,0,7098,849,65,2,7947,67,95,0
01/01/2022,LA PLATA,1,15,0,0,16,0,7113,850,65,2,7963,67,16,0
01/02/2022,LA PLATA,2,37,0,0,39,0,7150,852,65,2,8002,67,39,0
01/03/2022,LA PLATA,10,77,0,0,87,0,7227,862,65,2,8089,67,87,0
01/04/2022,LA PLATA,17,122,1,1,139,2,7349,879,66,3,8228,69,139,2
01/05/2022,LA PLATA,28,178,0,0,206,0,7527,907,66,3,8434,69,206,0
01/06/2022,LA PLATA,13,201,0,0,214,0,7728,920,66,3,8648,69,214,0
01/07/2022,LA PLATA,15,133,0,0,148,0,7861,935,66,3,8796,69,148,0
01/08/2022,LA PLATA,11,202,0,1,213,1,8063,946,67,3,9009,70,213,1
01/09/2022,LA PLATA,1,122,0,1,123,1,8185,947,68,3,9132,71,123,1
01/10/2022,LA PLATA,27,158,0,2,185,2,8343,974,70,3,9317,73,185,2
01/11/2022,LA PLATA,21,126,0,1,147,1,8469,995,71,3,9464,74,147,1
01/12/2022,LA PLATA,26,305,0,0,331,0,8774,1021,71,3,9795,74,331,0
01/13/2022,LA PLATA,19,184,0,0,203,0,8958,1040,71,3,9998,74,203,0
01/14/2022,LA PLATA,19,153,0,0,172,0,9111,1059,71,3,10170,74,172,0
01/15/2022,LA PLATA,0,115,0,0,115,0,9226,1059,71,3,10285,74,115,0
01/16/2022,LA PLATA,0,15,0,0,15,0,9241,1059,71,3,10300,74,15,0
01/17/2022,LA PLATA,7,58,0,0,65,0,9299,1066,71,3,10365,74,65,0
01/18/2022,LA PLATA,27,139,0,0,166,0,9438,1093,71,3,10531,74,166,0
01/19/2022,LA PLATA,35,175,0,0,210,0,9613,1128,71,3,10741,74,210,0
01/20/2022,LA PLATA,26,177,0,1,203,1,9790,1154,72,3,10944,75,203,1
01/21/2022,LA PLATA,22,97,0,0,119,0,9887,1176,72,3,11063,75,119,0
01/22/2022,LA PLATA,9,76,0,0,85,0,9963,1185,72,3,11148,75,85,0
01/23/2022,LA PLATA,3,70,0,1,73,1,10033,1188,73,3,11221,76,73,1
01/24/2022,LA PLATA,20,55,0,0,75,0,10088,1208,73,3,11296,76,75,0
01/25/2022,LA PLATA,27,139,0,0,166,0,10227,1235,73,3,11462,76,166,0
01/26/2022,LA PLATA,8,117,0,0,125,0,10344,1243,73,3,11587,76,125,0
01/27/2022,LA PLATA,14,44,0,0,58,0,10388,1257,73,3,11645,76,58,0
01/28/2022,LA PLATA,7,110,0,0,117,0,10498,1264,73,3,11762,76,117,0
01/29/2022,LA PLATA,1,35,0,0,36,0,10533,1265,73,3,11798,76,36,0
01/30/2022,LA PLATA,0,12,0,0,12,0,10545,1265,73,3,11810,76,12,0
01/31/2022,LA PLATA,8,44,0,0,52,0,10589,1273,73,3,11862,76,52,0
02/01/2022,LA PLATA,7,43,0,0,50,0,10632,1280,73,3,11912,76,50,0
02/02/2022,LA PLATA,18,94,0,0,112,0,10726,1298,73,3,12024,76,112,0
02/03/2022,LA PLATA,8,24,0,0,32,0,10750,1306,73,3,12056,76,32,0
02/04/2022,LA PLATA,6,18,0,0,24,0,10768,1312,73,3,12080,76,24,0
02/05/2022,LA PLATA,4,38,1,1,42,2,10806,1316,74,4,12122,78,42,2
02/06/2022,LA PLATA,0,15,0,0,15,0,10821,1316,74,4,12137,78,15,0
02/07/2022,LA PLATA,6,35,0,1,41,1,10856,1322,75,4,12178,79,41,1
02/08/2022,LA PLATA,7,51,0,0,58,0,10907,1329,75,4,12236,79,58,0
02/09/2022,LA PLATA,13,35,0,0,48,0,10942,1342,75,4,12284,79,48,0
02/10/2022,LA PLATA,7,33,0,0,40,0,10975,1349,75,4,12324,79,40,0
02/11/2022,LA PLATA,5,26,0,0,31,0,11001,1354,75,4,12355,79,31,0
02/12/2022,LA PLATA,0,16,0,0,16,0,11017,1354,75,4,12371,79,16,0
02/13/2022,LA PLATA,0,2,0,0,2,0,11019,1354,75,4,12373,79,2,0
02/14/2022,LA PLATA,0,27,0,0,27,0,11046,1354,75,4,12400,79,27,0
02/15/2022,LA PLATA,2,24,0,0,26,0,11070,1356,75,4,12426,79,26,0
02/16/2022,LA PLATA,6,15,1,0,21,1,11085,1362,75,5,12447,80,21,1
02/17/2022,LA PLATA,2,9,0,0,11,0,11094,1364,75,5,12458,80,11,0
02/18/2022,LA PLATA,3,6,0,0,9,0,11100,1367,75,5,12467,80,9,0
02/19/2022,LA PLATA,0,10,0,0,10,0,11110,1367,75,5,12477,80,10,0
02/20/2022,LA PLATA,0,2,0,0,2,0,11112,1367,75,5,12479,80,2,0
02/21/2022,LA PLATA,0,10,0,0,10,0,11122,1367,75,5,12489,80,10,0
02/22/2022,LA PLATA,3,19,0,0,22,0,11141,1370,75,5,12511,80,22,0
02/23/2022,LA PLATA,0,9,0,0,9,0,11150,1370,75,5,12520,80,9,0
02/24/2022,LA PLATA,1,7,0,0,8,0,11157,1371,75,5,12528,80,8,0
02/25/2022,LA PLATA,0,8,0,0,8,0,11165,1371,75,5,12536,80,8,0
02/26/2022,LA PLATA,0,7,0,0,7,0,11172,1371,75,5,12543,80,7,0
02/27/2022,LA PLATA,0,3,0,0,3,0,11175,1371,75,5,12546,80,3,0
02/28/2022,LA PLATA,2,1,0,0,3,0,11176,1373,75,5,12549,80,3,0
03/01/2022,LA PLATA,0,3,0,0,3,0,11179,1373,75,5,12552,80,3,0
03/02/2022,LA PLATA,5,6,0,0,11,0,11185,1378,75,5,12563,80,11,0
03/03/2022,LA PLATA,0,5,0,0,5,0,11190,1378,75,5,12568,80,5,0
03/04/2022,LA PLATA,0,6,0,0,6,0,11196,1378,75,5,12574,80,6,0
03/05/2022,LA PLATA,0,4,0,0,4,0,11200,1378,75,5,12578,80,4,0
03/07/2022,LA PLATA,0,2,0,0,2,0,11202,1378,75,5,12580,80,2,0
03/08/2022,LA PLATA,2,3,0,0,5,0,11205,1380,75,5,12585,80,5,0
03/09/2022,LA PLATA,1,1,0,0,2,0,11206,1381,75,5,12587,80,2,0
03/10/2022,LA PLATA,0,3,0,0,3,0,11209,1381,75,5,12590,80,3,0
03/11/2022,LA PLATA,0,2,0,0,2,0,11211,1381,75,5,12592,80,2,0
03/13/2022,LA PLATA,0,1,0,0,1,0,11212,1381,75,5,12593,80,1,0
03/14/2022,LA PLATA,1,1,0,0,2,0,11213,1382,75,5,12595,80,2,0
03/15/2022,LA PLATA,0,2,0,0,2,0,11215,1382,75,5,12597,80,2,0
03/16/2022,LA PLATA,0,6,0,0,6,0,11221,1382,75,5,12603,80,6,0
03/17/2022,LA PLATA,1,4,0,0,5,0,11225,1383,75,5,12608,80,5,0
03/18/2022,LA PLATA,0,2,0,0,2,0,11227,1383,75,5,12610,80,2,0
03/19/2022,LA PLATA,2,1,0,0,3,0,11228,1385,75,5,12613,80,3,0
03/20/2022,LA PLATA,0,2,0,0,2,0,11230,1385,75,5,12615,80,2,0
03/30/2020,LAKE,0,1,0,0,1,0,1,0,0,0,1,0,-12614,-80
03/31/2020,LAKE,0,1,0,0,1,0,2,0,0,0,2,0,1,0
04/02/2020,LAKE,0,1,0,0,1,0,3,0,0,0,3,0,1,0
04/08/2020,LAKE,0,1,0,0,1,0,4,0,0,0,4,0,1,0
04/13/2020,LAKE,0,1,0,0,1,0,5,0,0,0,5,0,1,0
04/14/2020,LAKE,0,1,0,0,1,0,6,0,0,0,6,0,1,0
04/15/2020,LAKE,1,1,0,0,2,0,7,1,0,0,8,0,2,0
04/21/2020,LAKE,0,1,0,0,1,0,8,1,0,0,9,0,1,0
04/22/2020,LAKE,0,1,0,0,1,0,9,1,0,0,10,0,1,0
04/23/2020,LAKE,2,0,0,0,2,0,9,3,0,0,12,0,2,0
04/24/2020,LAKE,4,0,0,0,4,0,9,7,0,0,16,0,4,0
04/25/2020,LAKE,0,1,0,0,1,0,10,7,0,0,17,0,1,0
04/27/2020,LAKE,1,0,0,0,1,0,10,8,0,0,18,0,1,0
04/29/2020,LAKE,1,0,0,0,1,0,10,9,0,0,19,0,1,0
04/30/2020,LAKE,1,1,0,0,2,0,11,10,0,0,21,0,2,0
05/01/2020,LAKE,1,0,0,0,1,0,11,11,0,0,22,0,1,0
05/02/2020,LAKE,0,1,0,0,1,0,12,11,0,0,23,0,1,0
05/13/2020,LAKE,1,0,0,0,1,0,12,12,0,0,24,0,1,0
05/15/2020,LAKE,1,0,0,0,1,0,12,13,0,0,25,0,1,0
05/16/2020,LAKE,1,0,0,0,1,0,12,14,0,0,26,0,1,0
05/27/2020,LAKE,1,0,0,0,1,0,12,15,0,0,27,0,1,0
05/28/2020,LAKE,0,1,0,0,1,0,13,15,0,0,28,0,1,0
05/29/2020,LAKE,1,0,0,0,1,0,13,16,0,0,29,0,1,0
05/30/2020,LAKE,0,2,0,0,2,0,15,16,0,0,31,0,2,0
06/02/2020,LAKE,0,1,0,0,1,0,16,16,0,0,32,0,1,0
06/03/2020,LAKE,0,2,0,0,2,0,18,16,0,0,34,0,2,0
06/04/2020,LAKE,0,1,0,0,1,0,19,16,0,0,35,0,1,0
06/06/2020,LAKE,1,1,0,0,2,0,20,17,0,0,37,0,2,0
06/13/2020,LAKE,1,1,0,0,2,0,21,18,0,0,39,0,2,0
06/14/2020,LAKE,1,0,0,0,1,0,21,19,0,0,40,0,1,0
06/16/2020,LAKE,1,0,0,0,1,0,21,20,0,0,41,0,1,0
06/18/2020,LAKE,0,4,0,0,4,0,25,20,0,0,45,0,4,0
06/20/2020,LAKE,0,2,0,0,2,0,27,20,0,0,47,0,2,0
06/21/2020,LAKE,0,1,0,0,1,0,28,20,0,0,48,0,1,0
06/24/2020,LAKE,1,0,0,0,1,0,28,21,0,0,49,0,1,0
06/27/2020,LAKE,0,1,0,0,1,0,29,21,0,0,50,0,1,0
07/06/2020,LAKE,1,0,0,0,1,0,29,22,0,0,51,0,1,0
07/07/2020,LAKE,0,1,0,0,1,0,30,22,0,0,52,0,1,0
07/09/2020,LAKE,0,1,0,0,1,0,31,22,0,0,53,0,1,0
07/10/2020,LAKE,0,1,0,0,1,0,32,22,0,0,54,0,1,0
07/14/2020,LAKE,0,2,0,0,2,0,34,22,0,0,56,0,2,0
07/15/2020,LAKE,0,1,0,0,1,0,35,22,0,0,57,0,1,0
07/16/2020,LAKE,0,1,0,0,1,0,36,22,0,0,58,0,1,0
07/17/2020,LAKE,0,1,0,0,1,0,37,22,0,0,59,0,1,0
07/21/2020,LAKE,0,1,0,0,1,0,38,22,0,0,60,0,1,0
07/27/2020,LAKE,0,6,0,0,6,0,44,22,0,0,66,0,6,0
07/28/2020,LAKE,0,1,0,0,1,0,45,22,0,0,67,0,1,0
07/29/2020,LAKE,0,1,0,0,1,0,46,22,0,0,68,0,1,0
07/30/2020,LAKE,0,1,0,0,1,0,47,22,0,0,69,0,1,0
08/01/2020,LAKE,0,1,0,0,1,0,48,22,0,0,70,0,1,0
08/02/2020,LAKE,0,2,0,0,2,0,50,22,0,0,72,0,2,0
08/04/2020,LAKE,0,1,0,0,1,0,51,22,0,0,73,0,1,0
08/06/2020,LAKE,0,3,0,0,3,0,54,22,0,0,76,0,3,0
08/09/2020,LAKE,0,2,0,0,2,0,56,22,0,0,78,0,2,0
08/21/2020,LAKE,0,1,0,0,1,0,57,22,0,0,79,0,1,0
09/01/2020,LAKE,0,1,0,0,1,0,58,22,0,0,80,0,1,0
09/06/2020,LAKE,0,1,0,0,1,0,59,22,0,0,81,0,1,0
09/07/2020,LAKE,0,1,0,0,1,0,60,22,0,0,82,0,1,0
09/09/2020,LAKE,0,1,0,0,1,0,61,22,0,0,83,0,1,0
09/10/2020,LAKE,0,1,0,0,1,0,62,22,0,0,84,0,1,0
09/11/2020,LAKE,1,1,0,0,2,0,63,23,0,0,86,0,2,0
09/17/2020,LAKE,1,0,0,0,1,0,63,24,0,0,87,0,1,0
09/18/2020,LAKE,0,1,0,0,1,0,64,24,0,0,88,0,1,0
09/20/2020,LAKE,0,1,0,0,1,0,65,24,0,0,89,0,1,0
09/23/2020,LAKE,0,1,0,0,1,0,66,24,0,0,90,0,1,0
09/24/2020,LAKE,0,1,0,0,1,0,67,24,0,0,91,0,1,0
09/25/2020,LAKE,0,1,0,0,1,0,68,24,0,0,92,0,1,0
09/27/2020,LAKE,0,1,0,0,1,0,69,24,0,0,93,0,1,0
09/28/2020,LAKE,0,1,0,0,1,0,70,24,0,0,94,0,1,0
09/29/2020,LAKE,1,2,0,0,3,0,72,25,0,0,97,0,3,0
09/30/2020,LAKE,0,1,0,0,1,0,73,25,0,0,98,0,1,0
10/06/2020,LAKE,0,2,0,0,2,0,75,25,0,0,100,0,2,0
10/07/2020,LAKE,0,2,0,0,2,0,77,25,0,0,102,0,2,0
10/08/2020,LAKE,0,1,0,0,1,0,78,25,0,0,103,0,1,0
10/10/2020,LAKE,0,1,0,0,1,0,79,25,0,0,104,0,1,0
10/12/2020,LAKE,0,5,0,0,5,0,84,25,0,0,109,0,5,0
10/13/2020,LAKE,0,2,0,0,2,0,86,25,0,0,111,0,2,0
10/14/2020,LAKE,0,2,0,0,2,0,88,25,0,0,113,0,2,0
10/15/2020,LAKE,0,2,0,0,2,0,90,25,0,0,115,0,2,0
10/16/2020,LAKE,0,2,0,0,2,0,92,25,0,0,117,0,2,0
10/18/2020,LAKE,1,1,0,0,2,0,93,26,0,0,119,0,2,0
10/19/2020,LAKE,0,2,0,0,2,0,95,26,0,0,121,0,2,0
10/20/2020,LAKE,0,1,0,0,1,0,96,26,0,0,122,0,1,0
10/22/2020,LAKE,1,2,0,0,3,0,98,27,0,0,125,0,3,0
10/24/2020,LAKE,1,5,0,0,6,0,103,28,0,0,131,0,6,0
10/25/2020,LAKE,0,2,0,0,2,0,105,28,0,0,133,0,2,0
10/26/2020,LAKE,0,1,0,0,1,0,106,28,0,0,134,0,1,0
10/27/2020,LAKE,0,5,0,0,5,0,111,28,0,0,139,0,5,0
10/28/2020,LAKE,0,2,0,0,2,0,113,28,0,0,141,0,2,0
10/29/2020,LAKE,0,1,0,0,1,0,114,28,0,0,142,0,1,0
10/30/2020,LAKE,0,4,0,0,4,0,118,28,0,0,146,0,4,0
11/01/2020,LAKE,0,8,0,0,8,0,126,28,0,0,154,0,8,0
11/03/2020,LAKE,0,1,0,0,1,0,127,28,0,0,155,0,1,0
11/04/2020,LAKE,0,4,0,0,4,0,131,28,0,0,159,0,4,0
11/05/2020,LAKE,0,2,0,0,2,0,133,28,0,0,161,0,2,0
11/06/2020,LAKE,0,3,0,0,3,0,136,28,0,0,164,0,3,0
11/07/2020,LAKE,0,2,0,0,2,0,138,28,0,0,166,0,2,0
11/08/2020,LAKE,0,6,0,0,6,0,144,28,0,0,172,0,6,0
11/09/2020,LAKE,0,4,0,0,4,0,148,28,0,0,176,0,4,0
11/10/2020,LAKE,0,1,0,0,1,0,149,28,0,0,177,0,1,0
11/11/2020,LAKE,0,2,0,0,2,0,151,28,0,0,179,0,2,0
11/12/2020,LAKE,0,5,0,0,5,0,156,28,0,0,184,0,5,0
11/13/2020,LAKE,0,4,0,0,4,0,160,28,0,0,188,0,4,0
11/14/2020,LAKE,2,11,0,0,13,0,171,30,0,0,201,0,13,0
11/15/2020,LAKE,0,4,0,0,4,0,175,30,0,0,205,0,4,0
11/16/2020,LAKE,0,4,0,0,4,0,179,30,0,0,209,0,4,0
11/17/2020,LAKE,1,5,0,0,6,0,184,31,0,0,215,0,6,0
11/18/2020,LAKE,1,12,0,0,13,0,196,32,0,0,228,0,13,0
11/19/2020,LAKE,0,2,0,0,2,0,198,32,0,0,230,0,2,0
11/20/2020,LAKE,0,7,0,0,7,0,205,32,0,0,237,0,7,0
11/21/2020,LAKE,0,4,0,0,4,0,209,32,0,0,241,0,4,0
11/22/2020,LAKE,0,2,0,0,2,0,211,32,0,0,243,0,2,0
11/23/2020,LAKE,0,9,0,0,9,0,220,32,0,0,252,0,9,0
11/24/2020,LAKE,1,5,0,0,6,0,225,33,0,0,258,0,6,0
11/25/2020,LAKE,0,12,0,0,12,0,237,33,0,0,270,0,12,0
11/26/2020,LAKE,0,2,0,0,2,0,239,33,0,0,272,0,2,0
11/27/2020,LAKE,0,4,0,0,4,0,243,33,0,0,276,0,4,0
11/28/2020,LAKE,0,1,0,0,1,0,244,33,0,0,277,0,1,0
11/29/2020,LAKE,0,4,0,0,4,0,248,33,0,0,281,0,4,0
11/30/2020,LAKE,0,5,0,0,5,0,253,33,0,0,286,0,5,0
12/01/2020,LAKE,3,6,0,0,9,0,259,36,0,0,295,0,9,0
12/02/2020,LAKE,7,6,0,0,13,0,265,43,0,0,308,0,13,0
12/03/2020,LAKE,3,7,0,0,10,0,272,46,0,0,318,0,10,0
12/04/2020,LAKE,1,2,0,0,3,0,274,47,0,0,321,0,3,0
12/05/2020,LAKE,0,1,0,0,1,0,275,47,0,0,322,0,1,0
12/06/2020,LAKE,6,9,0,0,15,0,284,53,0,0,337,0,15,0
12/07/2020,LAKE,1,1,0,0,2,0,285,54,0,0,339,0,2,0
12/08/2020,LAKE,4,0,0,0,4,0,285,58,0,0,343,0,4,0
12/09/2020,LAKE,8,0,0,0,8,0,285,66,0,0,351,0,8,0
12/10/2020,LAKE,1,2,0,0,3,0,287,67,0,0,354,0,3,0
12/11/2020,LAKE,0,3,0,0,3,0,290,67,0,0,357,0,3,0
12/12/2020,LAKE,1,1,0,0,2,0,291,68,0,0,359,0,2,0
12/13/2020,LAKE,1,1,0,0,2,0,292,69,0,0,361,0,2,0
12/14/2020,LAKE,14,1,0,0,15,0,293,83,0,0,376,0,15,0
12/15/2020,LAKE,7,2,0,0,9,0,295,90,0,0,385,0,9,0
12/16/2020,LAKE,2,0,0,0,2,0,295,92,0,0,387,0,2,0
12/17/2020,LAKE,1,1,0,0,2,0,296,93,0,0,389,0,2,0
12/18/2020,LAKE,1,1,0,0,2,0,297,94,0,0,391,0,2,0
12/19/2020,LAKE,2,2,0,0,4,0,299,96,0,0,395,0,4,0
12/20/2020,LAKE,0,1,0,0,1,0,300,96,0,0,396,0,1,0
12/21/2020,LAKE,0,6,0,0,6,0,306,96,0,0,402,0,6,0
12/22/2020,LAKE,0,1,0,0,1,0,307,96,0,0,403,0,1,0
12/23/2020,LAKE,1,1,0,0,2,0,308,97,0,0,405,0,2,0
12/27/2020,LAKE,2,5,0,0,7,0,313,99,0,0,412,0,7,0
12/28/2020,LAKE,0,6,0,0,6,0,319,99,0,0,418,0,6,0
12/29/2020,LAKE,3,3,0,0,6,0,322,102,0,0,424,0,6,0
12/30/2020,LAKE,3,5,0,0,8,0,327,105,0,0,432,0,8,0
12/31/2020,LAKE,6,1,0,0,7,0,328,111,0,0,439,0,7,0
01/01/2021,LAKE,2,2,0,0,4,0,330,113,0,0,443,0,4,0
01/03/2021,LAKE,5,2,0,0,7,0,332,118,0,0,450,0,7,0
01/04/2021,LAKE,2,1,0,0,3,0,333,120,0,0,453,0,3,0
01/05/2021,LAKE,3,2,0,0,5,0,335,123,0,0,458,0,5,0
01/06/2021,LAKE,3,1,0,0,4,0,336,126,0,0,462,0,4,0
01/08/2021,LAKE,1,2,0,0,3,0,338,127,0,0,465,0,3,0
01/09/2021,LAKE,0,1,0,0,1,0,339,127,0,0,466,0,1,0
01/10/2021,LAKE,0,1,0,0,1,0,340,127,0,0,467,0,1,0
01/11/2021,LAKE,4,2,0,0,6,0,342,131,0,0,473,0,6,0
01/12/2021,LAKE,2,1,0,0,3,0,343,133,0,0,476,0,3,0
01/13/2021,LAKE,3,0,0,0,3,0,343,136,0,0,479,0,3,0
01/14/2021,LAKE,1,2,0,0,3,0,345,137,0,0,482,0,3,0
01/17/2021,LAKE,1,0,0,0,1,0,345,138,0,0,483,0,1,0
01/18/2021,LAKE,2,0,0,0,2,0,345,140,0,0,485,0,2,0
01/19/2021,LAKE,0,1,0,0,1,0,346,140,0,0,486,0,1,0
01/20/2021,LAKE,2,1,0,0,3,0,347,142,0,0,489,0,3,0
01/21/2021,LAKE,2,0,0,0,2,0,347,144,0,0,491,0,2,0
01/22/2021,LAKE,1,0,0,0,1,0,347,145,0,0,492,0,1,0
01/23/2021,LAKE,1,1,0,0,2,0,348,146,0,0,494,0,2,0
01/24/2021,LAKE,0,2,0,0,2,0,350,146,0,0,496,0,2,0
01/25/2021,LAKE,2,1,0,0,3,0,351,148,0,0,499,0,3,0
01/26/2021,LAKE,1,1,0,0,2,0,352,149,0,0,501,0,2,0
01/27/2021,LAKE,4,0,0,0,4,0,352,153,0,0,505,0,4,0
01/28/2021,LAKE,12,0,0,0,12,0,352,165,0,0,517,0,12,0
01/29/2021,LAKE,13,0,0,0,13,0,352,178,0,0,530,0,13,0
01/30/2021,LAKE,6,0,0,0,6,0,352,184,0,0,536,0,6,0
01/31/2021,LAKE,1,1,0,0,2,0,353,185,0,0,538,0,2,0
02/01/2021,LAKE,1,6,0,0,7,0,359,186,0,0,545,0,7,0
02/02/2021,LAKE,20,5,0,0,25,0,364,206,0,0,570,0,25,0
02/03/2021,LAKE,12,2,0,0,14,0,366,218,0,0,584,0,14,0
02/04/2021,LAKE,4,2,0,0,6,0,368,222,0,0,590,0,6,0
02/05/2021,LAKE,8,1,0,0,9,0,369,230,0,0,599,0,9,0
02/06/2021,LAKE,0,2,0,0,2,0,371,230,0,0,601,0,2,0
02/07/2021,LAKE,1,3,0,0,4,0,374,231,0,0,605,0,4,0
02/08/2021,LAKE,5,1,0,0,6,0,375,236,0,0,611,0,6,0
02/09/2021,LAKE,2,0,0,0,2,0,375,238,0,0,613,0,2,0
02/10/2021,LAKE,2,1,0,0,3,0,376,240,0,0,616,0,3,0
02/11/2021,LAKE,3,0,0,0,3,0,376,243,0,0,619,0,3,0
02/12/2021,LAKE,4,2,0,0,6,0,378,247,0,0,625,0,6,0
02/13/2021,LAKE,0,1,0,0,1,0,379,247,0,0,626,0,1,0
02/15/2021,LAKE,7,1,0,0,8,0,380,254,0,0,634,0,8,0
02/16/2021,LAKE,10,0,0,0,10,0,380,264,0,0,644,0,10,0
02/17/2021,LAKE,5,0,0,0,5,0,380,269,0,0,649,0,5,0
02/18/2021,LAKE,5,0,0,0,5,0,380,274,0,0,654,0,5,0
02/22/2021,LAKE,3,0,0,0,3,0,380,277,0,0,657,0,3,0
02/23/2021,LAKE,1,1,0,0,2,0,381,278,0,0,659,0,2,0
02/24/2021,LAKE,1,0,0,0,1,0,381,279,0,0,660,0,1,0
02/25/2021,LAKE,0,1,0,0,1,0,382,279,0,0,661,0,1,0
02/26/2021,LAKE,1,0,0,0,1,0,382,280,0,0,662,0,1,0
03/01/2021,LAKE,1,1,0,0,2,0,383,281,0,0,664,0,2,0
03/05/2021,LAKE,0,1,0,0,1,0,384,281,0,0,665,0,1,0
03/07/2021,LAKE,2,1,0,0,3,0,385,283,0,0,668,0,3,0
03/08/2021,LAKE,0,2,0,0,2,0,387,283,0,0,670,0,2,0
03/09/2021,LAKE,1,1,0,0,2,0,388,284,0,0,672,0,2,0
03/10/2021,LAKE,2,0,0,0,2,0,388,286,0,0,674,0,2,0
03/15/2021,LAKE,3,0,0,0,3,0,388,289,0,0,677,0,3,0
03/16/2021,LAKE,2,0,0,0,2,0,388,291,0,0,679,0,2,0
03/17/2021,LAKE,3,0,0,0,3,0,388,294,0,0,682,0,3,0
03/18/2021,LAKE,5,0,0,0,5,0,388,299,0,0,687,0,5,0
03/19/2021,LAKE,1,0,0,0,1,0,388,300,0,0,688,0,1,0
03/21/2021,LAKE,2,0,0,0,2,0,388,302,0,0,690,0,2,0
03/22/2021,LAKE,1,1,0,0,2,0,389,303,0,0,692,0,2,0
03/23/2021,LAKE,0,1,0,0,1,0,390,303,0,0,693,0,1,0
03/25/2021,LAKE,0,2,0,0,2,0,392,303,0,0,695,0,2,0
03/26/2021,LAKE,1,1,0,0,2,0,393,304,0,0,697,0,2,0
03/29/2021,LAKE,0,2,0,0,2,0,395,304,0,0,699,0,2,0
03/30/2021,LAKE,2,0,0,0,2,0,395,306,0,0,701,0,2,0
03/31/2021,LAKE,1,1,0,0,2,0,396,307,0,0,703,0,2,0
04/01/2021,LAKE,0,3,0,0,3,0,399,307,0,0,706,0,3,0
04/02/2021,LAKE,1,12,0,0,13,0,411,308,0,0,719,0,13,0
04/03/2021,LAKE,0,1,0,0,1,0,412,308,0,0,720,0,1,0
04/04/2021,LAKE,3,3,0,0,6,0,415,311,0,0,726,0,6,0
04/05/2021,LAKE,1,2,0,0,3,0,417,312,0,0,729,0,3,0
04/06/2021,LAKE,1,1,0,0,2,0,418,313,0,0,731,0,2,0
04/07/2021,LAKE,2,2,0,0,4,0,420,315,0,0,735,0,4,0
04/08/2021,LAKE,3,2,0,0,5,0,422,318,0,0,740,0,5,0
04/10/2021,LAKE,1,0,0,0,1,0,422,319,0,0,741,0,1,0
04/11/2021,LAKE,0,2,0,0,2,0,424,319,0,0,743,0,2,0
04/12/2021,LAKE,1,5,0,0,6,0,429,320,0,0,749,0,6,0
04/14/2021,LAKE,4,6,0,0,10,0,435,324,0,0,759,0,10,0
04/15/2021,LAKE,1,3,0,0,4,0,438,325,0,0,763,0,4,0
04/19/2021,LAKE,0,2,0,0,2,0,440,325,0,0,765,0,2,0
04/20/2021,LAKE,0,1,0,0,1,0,441,325,0,0,766,0,1,0
04/21/2021,LAKE,0,1,0,0,1,0,442,325,0,0,767,0,1,0
04/24/2021,LAKE,0,3,0,0,3,0,445,325,0,0,770,0,3,0
04/26/2021,LAKE,3,0,0,0,3,0,445,328,0,0,773,0,3,0
04/27/2021,LAKE,2,0,0,0,2,0,445,330,0,0,775,0,2,0
04/29/2021,LAKE,1,0,0,0,1,0,445,331,0,0,776,0,1,0
04/30/2021,LAKE,2,1,0,0,3,0,446,333,0,0,779,0,3,0
05/03/2021,LAKE,2,1,0,0,3,0,447,335,0,0,782,0,3,0
05/04/2021,LAKE,2,0,0,0,2,0,447,337,0,0,784,0,2,0
05/05/2021,LAKE,3,0,0,0,3,0,447,340,0,0,787,0,3,0
05/06/2021,LAKE,1,0,0,0,1,0,447,341,0,0,788,0,1,0
05/12/2021,LAKE,2,1,0,0,3,0,448,343,0,0,791,0,3,0
05/16/2021,LAKE,3,1,0,0,4,0,449,346,0,0,795,0,4,0
05/21/2021,LAKE,1,1,0,0,2,0,450,347,0,0,797,0,2,0
05/23/2021,LAKE,2,1,0,0,3,0,451,349,0,0,800,0,3,0
05/24/2021,LAKE,3,0,0,0,3,0,451,352,0,0,803,0,3,0
05/25/2021,LAKE,3,0,0,0,3,0,451,355,0,0,806,0,3,0
05/26/2021,LAKE,2,1,0,0,3,0,452,357,0,0,809,0,3,0
05/27/2021,LAKE,0,1,0,0,1,0,453,357,0,0,810,0,1,0
05/28/2021,LAKE,1,0,0,0,1,0,453,358,0,0,811,0,1,0
05/31/2021,LAKE,1,2,0,0,3,0,455,359,0,0,814,0,3,0
06/02/2021,LAKE,3,1,0,0,4,0,456,362,0,0,818,0,4,0
06/03/2021,LAKE,0,1,0,0,1,0,457,362,0,0,819,0,1,0
06/06/2021,LAKE,0,1,0,0,1,0,458,362,0,0,820,0,1,0
06/07/2021,LAKE,3,1,0,0,4,0,459,365,0,0,824,0,4,0
06/08/2021,LAKE,0,3,0,0,3,0,462,365,0,0,827,0,3,0
06/09/2021,LAKE,1,0,0,0,1,0,462,366,0,0,828,0,1,0
06/11/2021,LAKE,0,1,0,0,1,0,463,366,0,0,829,0,1,0
06/18/2021,LAKE,1,0,0,0,1,0,463,367,0,0,830,0,1,0
06/20/2021,LAKE,1,0,0,0,1,0,463,368,0,0,831,0,1,0
06/21/2021,LAKE,1,0,0,0,1,0,463,369,0,0,832,0,1,0
06/22/2021,LAKE,1,0,0,0,1,0,463,370,0,0,833,0,1,0
06/23/2021,LAKE,4,0,0,0,4,0,463,374,0,0,837,0,4,0
07/02/2021,LAKE,0,2,0,1,2,1,465,374,1,0,839,1,2,1
07/12/2021,LAKE,0,1,0,0,1,0,466,374,1,0,840,1,1,0
07/14/2021,LAKE,0,1,0,0,1,0,467,374,1,0,841,1,1,0
07/15/2021,LAKE,0,2,0,0,2,0,469,374,1,0,843,1,2,0
07/21/2021,LAKE,0,1,0,0,1,0,470,374,1,0,844,1,1,0
07/22/2021,LAKE,0,2,0,0,2,0,472,374,1,0,846,1,2,0
07/28/2021,LAKE,0,1,0,0,1,0,473,374,1,0,847,1,1,0
08/02/2021,LAKE,1,3,0,0,4,0,476,375,1,0,851,1,4,0
08/05/2021,LAKE,0,1,0,0,1,0,477,375,1,0,852,1,1,0
08/06/2021,LAKE,4,1,0,0,5,0,478,379,1,0,857,1,5,0
08/07/2021,LAKE,0,2,0,0,2,0,480,379,1,0,859,1,2,0
08/08/2021,LAKE,0,1,0,0,1,0,481,379,1,0,860,1,1,0
08/10/2021,LAKE,0,1,0,0,1,0,482,379,1,0,861,1,1,0
08/11/2021,LAKE,1,1,0,0,2,0,483,380,1,0,863,1,2,0
08/12/2021,LAKE,1,3,0,0,4,0,486,381,1,0,867,1,4,0
08/13/2021,LAKE,1,1,0,0,2,0,487,382,1,0,869,1,2,0
08/14/2021,LAKE,4,0,0,0,4,0,487,386,1,0,873,1,4,0
08/15/2021,LAKE,3,0,0,0,3,0,487,389,1,0,876,1,3,0
08/16/2021,LAKE,0,4,0,0,4,0,491,389,1,0,880,1,4,0
08/17/2021,LAKE,1,1,0,0,2,0,492,390,1,0,882,1,2,0
08/18/2021,LAKE,1,0,0,0,1,0,492,391,1,0,883,1,1,0
08/19/2021,LAKE,2,1,0,0,3,0,493,393,1,0,886,1,3,0
08/20/2021,LAKE,1,0,0,0,1,0,493,394,1,0,887,1,1,0
08/21/2021,LAKE,4,0,0,0,4,0,493,398,1,0,891,1,4,0
08/22/2021,LAKE,0,1,0,0,1,0,494,398,1,0,892,1,1,0
08/23/2021,LAKE,4,3,0,0,7,0,497,402,1,0,899,1,7,0
08/24/2021,LAKE,3,2,0,0,5,0,499,405,1,0,904,1,5,0
08/25/2021,LAKE,0,2,0,0,2,0,501,405,1,0,906,1,2,0
08/26/2021,LAKE,4,0,0,0,4,0,501,409,1,0,910,1,4,0
08/27/2021,LAKE,2,1,0,0,3,0,502,411,1,0,913,1,3,0
08/28/2021,LAKE,0,2,0,0,2,0,504,411,1,0,915,1,2,0
08/29/2021,LAKE,1,0,0,0,1,0,504,412,1,0,916,1,1,0
08/30/2021,LAKE,3,1,0,0,4,0,505,415,1,0,920,1,4,0
08/31/2021,LAKE,3,0,0,0,3,0,505,418,1,0,923,1,3,0
09/01/2021,LAKE,0,2,0,0,2,0,507,418,1,0,925,1,2,0
09/02/2021,LAKE,2,1,0,0,3,0,508,420,1,0,928,1,3,0
09/04/2021,LAKE,2,0,0,0,2,0,508,422,1,0,930,1,2,0
09/05/2021,LAKE,1,3,0,0,4,0,511,423,1,0,934,1,4,0
09/06/2021,LAKE,1,0,0,0,1,0,511,424,1,0,935,1,1,0
09/07/2021,LAKE,0,2,0,0,2,0,513,424,1,0,937,1,2,0
09/08/2021,LAKE,2,0,0,0,2,0,513,426,1,0,939,1,2,0
09/09/2021,LAKE,0,2,0,0,2,0,515,426,1,0,941,1,2,0
09/10/2021,LAKE,4,1,0,0,5,0,516,430,1,0,946,1,5,0
09/11/2021,LAKE,0,1,0,0,1,0,517,430,1,0,947,1,1,0
09/13/2021,LAKE,0,1,0,0,1,0,518,430,1,0,948,1,1,0
09/14/2021,LAKE,0,2,0,0,2,0,520,430,1,0,950,1,2,0
09/15/2021,LAKE,0,2,0,0,2,0,522,430,1,0,952,1,2,0
09/16/2021,LAKE,1,0,0,0,1,0,522,431,1,0,953,1,1,0
09/17/2021,LAKE,1,0,0,0,1,0,522,432,1,0,954,1,1,0
09/18/2021,LAKE,0,1,0,0,1,0,523,432,1,0,955,1,1,0
09/19/2021,LAKE,0,1,0,0,1,0,524,432,1,0,956,1,1,0
09/20/2021,LAKE,1,0,0,0,1,0,524,433,1,0,957,1,1,0
09/23/2021,LAKE,0,1,0,0,1,0,525,433,1,0,958,1,1,0
09/24/2021,LAKE,1,0,0,0,1,0,525,434,1,0,959,1,1,0
09/27/2021,LAKE,1,0,0,0,1,0,525,435,1,0,960,1,1,0
09/28/2021,LAKE,0,1,0,0,1,0,526,435,1,0,961,1,1,0
09/29/2021,LAKE,0,1,0,0,1,0,527,435,1,0,962,1,1,0
09/30/2021,LAKE,3,0,0,0,3,0,527,438,1,0,965,1,3,0
10/02/2021,LAKE,1,0,0,0,1,0,527,439,1,0,966,1,1,0
10/03/2021,LAKE,1,0,0,0,1,0,527,440,1,0,967,1,1,0
10/04/2021,LAKE,1,0,0,0,1,0,527,441,1,0,968,1,1,0
10/05/2021,LAKE,1,0,0,0,1,0,527,442,1,0,969,1,1,0
10/06/2021,LAKE,1,2,0,0,3,0,529,443,1,0,972,1,3,0
10/07/2021,LAKE,0,4,0,0,4,0,533,443,1,0,976,1,4,0
10/08/2021,LAKE,1,0,0,0,1,0,533,444,1,0,977,1,1,0
10/09/2021,LAKE,1,0,0,0,1,0,533,445,1,0,978,1,1,0
10/11/2021,LAKE,2,0,0,0,2,0,533,447,1,0,980,1,2,0
10/12/2021,LAKE,4,1,0,0,5,0,534,451,1,0,985,1,5,0
10/13/2021,LAKE,10,1,0,0,11,0,535,461,1,0,996,1,11,0
10/14/2021,LAKE,2,3,0,0,5,0,538,463,1,0,1001,1,5,0
10/15/2021,LAKE,1,4,0,0,5,0,542,464,1,0,1006,1,5,0
10/16/2021,LAKE,0,2,0,0,2,0,544,464,1,0,1008,1,2,0
10/18/2021,LAKE,4,2,0,0,6,0,546,468,1,0,1014,1,6,0
10/19/2021,LAKE,1,1,0,0,2,0,547,469,1,0,1016,1,2,0
10/20/2021,LAKE,6,1,0,0,7,0,548,475,1,0,1023,1,7,0
10/22/2021,LAKE,4,1,0,0,5,0,549,479,1,0,1028,1,5,0
10/23/2021,LAKE,1,0,0,0,1,0,549,480,1,0,1029,1,1,0
10/24/2021,LAKE,0,1,0,0,1,0,550,480,1,0,1030,1,1,0
10/25/2021,LAKE,6,1,0,0,7,0,551,486,1,0,1037,1,7,0
10/26/2021,LAKE,4,0,0,0,4,0,551,490,1,0,1041,1,4,0
10/27/2021,LAKE,0,1,0,0,1,0,552,490,1,0,1042,1,1,0
10/29/2021,LAKE,6,2,0,0,8,0,554,496,1,0,1050,1,8,0
10/30/2021,LAKE,0,3,0,0,3,0,557,496,1,0,1053,1,3,0
10/31/2021,LAKE,0,3,0,0,3,0,560,496,1,0,1056,1,3,0
11/02/2021,LAKE,2,0,0,0,2,0,560,498,1,0,1058,1,2,0
11/03/2021,LAKE,1,3,0,0,4,0,563,499,1,0,1062,1,4,0
11/05/2021,LAKE,2,0,0,0,2,0,563,501,1,0,1064,1,2,0
11/06/2021,LAKE,0,2,0,0,2,0,565,501,1,0,1066,1,2,0
11/07/2021,LAKE,2,0,0,0,2,0,565,503,1,0,1068,1,2,0
11/08/2021,LAKE,3,3,0,0,6,0,568,506,1,0,1074,1,6,0
11/09/2021,LAKE,2,2,0,0,4,0,570,508,1,0,1078,1,4,0
11/10/2021,LAKE,2,0,0,0,2,0,570,510,1,0,1080,1,2,0
11/11/2021,LAKE,2,0,0,0,2,0,570,512,1,0,1082,1,2,0
11/12/2021,LAKE,1,0,0,0,1,0,570,513,1,0,1083,1,1,0
11/13/2021,LAKE,1,1,0,0,2,0,571,514,1,0,1085,1,2,0
11/15/2021,LAKE,6,3,0,0,9,0,574,520,1,0,1094,1,9,0
11/16/2021,LAKE,4,4,0,0,8,0,578,524,1,0,1102,1,8,0
11/17/2021,LAKE,5,6,0,0,11,0,584,529,1,0,1113,1,11,0
11/18/2021,LAKE,1,0,0,0,1,0,584,530,1,0,1114,1,1,0
11/20/2021,LAKE,1,1,0,0,2,0,585,531,1,0,1116,1,2,0
11/22/2021,LAKE,1,7,0,0,8,0,592,532,1,0,1124,1,8,0
11/23/2021,LAKE,3,2,0,0,5,0,594,535,1,0,1129,1,5,0
11/24/2021,LAKE,6,1,0,0,7,0,595,541,1,0,1136,1,7,0
11/28/2021,LAKE,0,2,0,0,2,0,597,541,1,0,1138,1,2,0
11/29/2021,LAKE,1,3,0,0,4,0,600,542,1,0,1142,1,4,0
11/30/2021,LAKE,2,3,0,0,5,0,603,544,1,0,1147,1,5,0
12/01/2021,LAKE,5,3,0,0,8,0,606,549,1,0,1155,1,8,0
12/02/2021,LAKE,10,7,0,0,17,0,613,559,1,0,1172,1,17,0
12/03/2021,LAKE,13,2,0,0,15,0,615,572,1,0,1187,1,15,0
12/04/2021,LAKE,0,3,0,0,3,0,618,572,1,0,1190,1,3,0
12/06/2021,LAKE,1,5,0,0,6,0,623,573,1,0,1196,1,6,0
12/07/2021,LAKE,4,1,0,0,5,0,624,577,1,0,1201,1,5,0
12/08/2021,LAKE,1,2,0,0,3,0,626,578,1,0,1204,1,3,0
12/09/2021,LAKE,8,1,0,0,9,0,627,586,1,0,1213,1,9,0
12/10/2021,LAKE,0,2,0,0,2,0,629,586,1,0,1215,1,2,0
12/13/2021,LAKE,8,0,0,0,8,0,629,594,1,0,1223,1,8,0
12/15/2021,LAKE,2,4,0,0,6,0,633,596,1,0,1229,1,6,0
12/17/2021,LAKE,0,2,0,0,2,0,635,596,1,0,1231,1,2,0
12/18/2021,LAKE,0,1,0,0,1,0,636,596,1,0,1232,1,1,0
12/20/2021,LAKE,3,4,1,0,7,1,640,599,1,1,1239,2,7,1
12/21/2021,LAKE,0,2,0,0,2,0,642,599,1,1,1241,2,2,0
12/22/2021,LAKE,0,1,0,0,1,0,643,599,1,1,1242,2,1,0
12/23/2021,LAKE,4,6,0,0,10,0,649,603,1,1,1252,2,10,0
12/24/2021,LAKE,0,4,0,0,4,0,653,603,1,1,1256,2,4,0
12/25/2021,LAKE,0,4,0,0,4,0,657,603,1,1,1260,2,4,0
12/26/2021,LAKE,5,0,0,0,5,0,657,608,1,1,1265,2,5,0
12/27/2021,LAKE,8,4,0,0,12,0,661,616,1,1,1277,2,12,0
12/28/2021,LAKE,8,6,0,0,14,0,667,624,1,1,1291,2,14,0
12/29/2021,LAKE,2,6,0,0,8,0,673,626,1,1,1299,2,8,0
12/30/2021,LAKE,21,3,0,0,24,0,676,647,1,1,1323,2,24,0
12/31/2021,LAKE,0,4,0,0,4,0,680,647,1,1,1327,2,4,0
01/01/2022,LAKE,1,3,0,0,4,0,683,648,1,1,1331,2,4,0
01/02/2022,LAKE,4,3,0,0,7,0,686,652,1,1,1338,2,7,0
01/03/2022,LAKE,8,9,0,0,17,0,695,660,1,1,1355,2,17,0
01/04/2022,LAKE,11,14,0,0,25,0,709,671,1,1,1380,2,25,0
01/05/2022,LAKE,17,13,0,0,30,0,722,688,1,1,1410,2,30,0
01/06/2022,LAKE,6,22,0,0,28,0,744,694,1,1,1438,2,28,0
01/07/2022,LAKE,13,21,0,0,34,0,765,707,1,1,1472,2,34,0
01/08/2022,LAKE,1,7,0,0,8,0,772,708,1,1,1480,2,8,0
01/09/2022,LAKE,0,19,0,0,19,0,791,708,1,1,1499,2,19,0
01/10/2022,LAKE,19,15,0,0,34,0,806,727,1,1,1533,2,34,0
01/11/2022,LAKE,17,14,0,0,31,0,820,744,1,1,1564,2,31,0
01/12/2022,LAKE,31,5,0,0,36,0,825,775,1,1,1600,2,36,0
01/13/2022,LAKE,13,9,0,0,22,0,834,788,1,1,1622,2,22,0
01/14/2022,LAKE,12,6,0,0,18,0,840,800,1,1,1640,2,18,0
01/15/2022,LAKE,0,1,0,0,1,0,841,800,1,1,1641,2,1,0
01/16/2022,LAKE,0,1,0,0,1,0,842,800,1,1,1642,2,1,0
01/17/2022,LAKE,3,11,0,0,14,0,853,803,1,1,1656,2,14,0
01/18/2022,LAKE,10,7,0,0,17,0,860,813,1,1,1673,2,17,0
01/19/2022,LAKE,5,4,0,0,9,0,864,818,1,1,1682,2,9,0
01/20/2022,LAKE,0,1,0,0,1,0,865,818,1,1,1683,2,1,0
01/21/2022,LAKE,2,8,0,0,10,0,873,820,1,1,1693,2,10,0
01/22/2022,LAKE,0,2,0,0,2,0,875,820,1,1,1695,2,2,0
01/23/2022,LAKE,1,8,0,0,9,0,883,821,1,1,1704,2,9,0
01/24/2022,LAKE,14,5,0,0,19,0,888,835,1,1,1723,2,19,0
01/25/2022,LAKE,3,2,0,0,5,0,890,838,1,1,1728,2,5,0
01/26/2022,LAKE,4,1,0,0,5,0,891,842,1,1,1733,2,5,0
01/27/2022,LAKE,1,1,0,0,2,0,892,843,1,1,1735,2,2,0
01/28/2022,LAKE,0,1,0,0,1,0,893,843,1,1,1736,2,1,0
01/29/2022,LAKE,0,1,0,0,1,0,894,843,1,1,1737,2,1,0
01/30/2022,LAKE,2,0,0,0,2,0,894,845,1,1,1739,2,2,0
02/01/2022,LAKE,4,3,0,0,7,0,897,849,1,1,1746,2,7,0
02/02/2022,LAKE,2,0,0,0,2,0,897,851,1,1,1748,2,2,0
02/03/2022,LAKE,2,0,0,0,2,0,897,853,1,1,1750,2,2,0
02/04/2022,LAKE,2,1,0,0,3,0,898,855,1,1,1753,2,3,0
02/05/2022,LAKE,6,1,0,0,7,0,899,861,1,1,1760,2,7,0
02/07/2022,LAKE,1,0,0,0,1,0,899,862,1,1,1761,2,1,0
02/08/2022,LAKE,0,1,0,0,1,0,900,862,1,1,1762,2,1,0
02/09/2022,LAKE,1,1,0,0,2,0,901,863,1,1,1764,2,2,0
02/10/2022,LAKE,2,0,0,0,2,0,901,865,1,1,1766,2,2,0
02/11/2022,LAKE,3,1,0,0,4,0,902,868,1,1,1770,2,4,0
02/13/2022,LAKE,0,1,0,0,1,0,903,868,1,1,1771,2,1,0
02/14/2022,LAKE,2,1,0,0,3,0,904,870,1,1,1774,2,3,0
02/16/2022,LAKE,1,0,0,0,1,0,904,871,1,1,1775,2,1,0
02/18/2022,LAKE,1,0,0,0,1,0,904,872,1,1,1776,2,1,0
02/22/2022,LAKE,1,1,0,0,2,0,905,873,1,1,1778,2,2,0
03/03/2022,LAKE,0,2,0,0,2,0,907,873,1,1,1780,2,2,0
03/07/2022,LAKE,1,0,0,0,1,0,907,874,1,1,1781,2,1,0
03/10/2022,LAKE,1,0,0,0,1,0,907,875,1,1,1782,2,1,0
03/09/2020,LARIMER,0,1,0,0,1,0,1,0,0,0,1,0,-1781,-2
03/15/2020,LARIMER,0,1,0,0,1,0,2,0,0,0,2,0,1,0
03/17/2020,LARIMER,0,2,0,0,2,0,4,0,0,0,4,0,2,0
03/18/2020,LARIMER,0,1,0,0,1,0,5,0,0,0,5,0,1,0
03/19/2020,LARIMER,0,2,0,0,2,0,7,0,0,0,7,0,2,0
03/20/2020,LARIMER,0,12,0,2,12,2,19,0,2,0,19,2,12,2
03/21/2020,LARIMER,0,11,0,1,11,1,30,0,3,0,30,3,11,1
03/22/2020,LARIMER,0,2,0,0,2,0,32,0,3,0,32,3,2,0
03/23/2020,LARIMER,0,10,0,0,10,0,42,0,3,0,42,3,10,0
03/24/2020,LARIMER,0,2,0,2,2,2,44,0,5,0,44,5,2,2
03/25/2020,LARIMER,0,16,0,0,16,0,60,0,5,0,60,5,16,0
03/26/2020,LARIMER,1,5,1,0,6,1,65,1,5,1,66,6,6,1
03/27/2020,LARIMER,1,12,1,3,13,4,77,2,8,2,79,10,13,4
03/28/2020,LARIMER,0,5,0,1,5,1,82,2,9,2,84,11,5,1
03/29/2020,LARIMER,0,8,0,1,8,1,90,2,10,2,92,12,8,1
03/30/2020,LARIMER,0,6,0,0,6,0,96,2,10,2,98,12,6,0
03/31/2020,LARIMER,0,6,0,0,6,0,102,2,10,2,104,12,6,0
04/01/2020,LARIMER,0,18,0,1,18,1,120,2,11,2,122,13,18,1
04/02/2020,LARIMER,0,11,0,0,11,0,131,2,11,2,133,13,11,0
04/03/2020,LARIMER,0,11,0,1,11,1,142,2,12,2,144,14,11,1
04/04/2020,LARIMER,0,9,0,0,9,0,151,2,12,2,153,14,9,0
04/05/2020,LARIMER,0,4,0,0,4,0,155,2,12,2,157,14,4,0
04/06/2020,LARIMER,0,3,0,0,3,0,158,2,12,2,160,14,3,0
04/07/2020,LARIMER,0,7,0,1,7,1,165,2,13,2,167,15,7,1
04/08/2020,LARIMER,0,8,0,1,8,1,173,2,14,2,175,16,8,1
04/09/2020,LARIMER,0,8,0,1,8,1,181,2,15,2,183,17,8,1
04/10/2020,LARIMER,0,3,0,0,3,0,184,2,15,2,186,17,3,0
04/11/2020,LARIMER,0,6,0,0,6,0,190,2,15,2,192,17,6,0
04/12/2020,LARIMER,0,5,0,0,5,0,195,2,15,2,197,17,5,0
04/13/2020,LARIMER,0,5,0,0,5,0,200,2,15,2,202,17,5,0
04/14/2020,LARIMER,0,6,0,0,6,0,206,2,15,2,208,17,6,0
04/15/2020,LARIMER,0,11,0,1,11,1,217,2,16,2,219,18,11,1
04/16/2020,LARIMER,0,5,0,0,5,0,222,2,16,2,224,18,5,0
04/17/2020,LARIMER,0,8,0,0,8,0,230,2,16,2,232,18,8,0
04/18/2020,LARIMER,0,8,0,0,8,0,238,2,16,2,240,18,8,0
04/19/2020,LARIMER,0,7,0,1,7,1,245,2,17,2,247,19,7,1
04/20/2020,LARIMER,9,9,1,0,18,1,254,11,17,3,265,20,18,1
04/21/2020,LARIMER,2,16,0,2,18,2,270,13,19,3,283,22,18,2
04/22/2020,LARIMER,0,7,0,1,7,1,277,13,20,3,290,23,7,1
04/23/2020,LARIMER,3,11,3,1,14,4,288,16,21,6,304,27,14,4
04/24/2020,LARIMER,1,5,0,0,6,0,293,17,21,6,310,27,6,0
04/25/2020,LARIMER,0,12,0,1,12,1,305,17,22,6,322,28,12,1
04/26/2020,LARIMER,0,7,0,0,7,0,312,17,22,6,329,28,7,0
04/27/2020,LARIMER,0,14,0,1,14,1,326,17,23,6,343,29,14,1
04/28/2020,LARIMER,0,15,0,1,15,1,341,17,24,6,358,30,15,1
04/29/2020,LARIMER,10,16,8,1,26,9,357,27,25,14,384,39,26,9
04/30/2020,LARIMER,2,17,0,0,19,0,374,29,25,14,403,39,19,0
05/01/2020,LARIMER,0,5,0,0,5,0,379,29,25,14,408,39,5,0
05/02/2020,LARIMER,0,11,0,1,11,1,390,29,26,14,419,40,11,1
05/03/2020,LARIMER,0,2,0,0,2,0,392,29,26,14,421,40,2,0
05/04/2020,LARIMER,0,13,0,2,13,2,405,29,28,14,434,42,13,2
05/05/2020,LARIMER,0,5,0,0,5,0,410,29,28,14,439,42,5,0
05/06/2020,LARIMER,0,9,0,0,9,0,419,29,28,14,448,42,9,0
05/07/2020,LARIMER,4,11,1,0,15,1,430,33,28,15,463,43,15,1
05/08/2020,LARIMER,0,7,0,1,7,1,437,33,29,15,470,44,7,1
05/09/2020,LARIMER,0,6,0,0,6,0,443,33,29,15,476,44,6,0
05/10/2020,LARIMER,0,4,0,0,4,0,447,33,29,15,480,44,4,0
05/11/2020,LARIMER,0,3,0,0,3,0,450,33,29,15,483,44,3,0
05/12/2020,LARIMER,0,2,0,0,2,0,452,33,29,15,485,44,2,0
05/13/2020,LARIMER,0,10,0,0,10,0,462,33,29,15,495,44,10,0
05/14/2020,LARIMER,0,10,0,0,10,0,472,33,29,15,505,44,10,0
05/15/2020,LARIMER,0,13,0,0,13,0,485,33,29,15,518,44,13,0
05/16/2020,LARIMER,0,4,0,0,4,0,489,33,29,15,522,44,4,0
05/17/2020,LARIMER,0,4,0,0,4,0,493,33,29,15,526,44,4,0
05/18/2020,LARIMER,0,14,0,1,14,1,507,33,30,15,540,45,14,1
05/19/2020,LARIMER,0,3,0,0,3,0,510,33,30,15,543,45,3,0
05/20/2020,LARIMER,0,5,0,0,5,0,515,33,30,15,548,45,5,0
05/21/2020,LARIMER,0,2,0,0,2,0,517,33,30,15,550,45,2,0
05/22/2020,LARIMER,0,9,0,0,9,0,526,33,30,15,559,45,9,0
05/23/2020,LARIMER,0,7,0,1,7,1,533,33,31,15,566,46,7,1
05/24/2020,LARIMER,0,4,0,0,4,0,537,33,31,15,570,46,4,0
05/25/2020,LARIMER,0,3,0,0,3,0,540,33,31,15,573,46,3,0
05/26/2020,LARIMER,2,3,0,0,5,0,543,35,31,15,578,46,5,0
05/27/2020,LARIMER,0,6,0,0,6,0,549,35,31,15,584,46,6,0
05/28/2020,LARIMER,0,3,0,0,3,0,552,35,31,15,587,46,3,0
05/29/2020,LARIMER,0,7,0,0,7,0,559,35,31,15,594,46,7,0
05/30/2020,LARIMER,1,8,0,1,9,1,567,36,32,15,603,47,9,1
05/31/2020,LARIMER,0,6,0,0,6,0,573,36,32,15,609,47,6,0
06/01/2020,LARIMER,1,0,0,0,1,0,573,37,32,15,610,47,1,0
06/02/2020,LARIMER,0,8,0,0,8,0,581,37,32,15,618,47,8,0
06/03/2020,LARIMER,0,5,0,0,5,0,586,37,32,15,623,47,5,0
06/04/2020,LARIMER,0,3,0,0,3,0,589,37,32,15,626,47,3,0
06/05/2020,LARIMER,0,3,0,0,3,0,592,37,32,15,629,47,3,0
06/06/2020,LARIMER,0,3,0,0,3,0,595,37,32,15,632,47,3,0
06/07/2020,LARIMER,0,5,0,0,5,0,600,37,32,15,637,47,5,0
06/08/2020,LARIMER,0,4,0,0,4,0,604,37,32,15,641,47,4,0
06/09/2020,LARIMER,0,3,0,0,3,0,607,37,32,15,644,47,3,0
06/10/2020,LARIMER,0,1,0,0,1,0,608,37,32,15,645,47,1,0
06/11/2020,LARIMER,0,2,0,0,2,0,610,37,32,15,647,47,2,0
06/12/2020,LARIMER,3,4,0,0,7,0,614,40,32,15,654,47,7,0
06/13/2020,LARIMER,0,7,0,1,7,1,621,40,33,15,661,48,7,1
06/14/2020,LARIMER,0,1,0,0,1,0,622,40,33,15,662,48,1,0
06/15/2020,LARIMER,0,7,0,1,7,1,629,40,34,15,669,49,7,1
06/16/2020,LARIMER,0,3,0,0,3,0,632,40,34,15,672,49,3,0
06/17/2020,LARIMER,0,3,0,0,3,0,635,40,34,15,675,49,3,0
06/18/2020,LARIMER,0,7,0,0,7,0,642,40,34,15,682,49,7,0
06/19/2020,LARIMER,0,7,0,0,7,0,649,40,34,15,689,49,7,0
06/20/2020,LARIMER,0,6,0,0,6,0,655,40,34,15,695,49,6,0
06/21/2020,LARIMER,0,1,0,0,1,0,656,40,34,15,696,49,1,0
06/22/2020,LARIMER,0,2,0,0,2,0,658,40,34,15,698,49,2,0
06/23/2020,LARIMER,0,3,0,0,3,0,661,40,34,15,701,49,3,0
06/24/2020,LARIMER,0,6,0,0,6,0,667,40,34,15,707,49,6,0
06/25/2020,LARIMER,0,9,0,0,9,0,676,40,34,15,716,49,9,0
06/26/2020,LARIMER,1,12,0,0,13,0,688,41,34,15,729,49,13,0
06/27/2020,LARIMER,0,5,0,0,5,0,693,41,34,15,734,49,5,0
06/28/2020,LARIMER,0,6,0,0,6,0,699,41,34,15,740,49,6,0
06/29/2020,LARIMER,0,14,0,0,14,0,713,41,34,15,754,49,14,0
06/30/2020,LARIMER,0,11,0,0,11,0,724,41,34,15,765,49,11,0
07/01/2020,LARIMER,1,13,0,0,14,0,737,42,34,15,779,49,14,0
07/02/2020,LARIMER,0,17,0,1,17,1,754,42,35,15,796,50,17,1
07/03/2020,LARIMER,1,13,0,0,14,0,767,43,35,15,810,50,14,0
07/04/2020,LARIMER,0,20,0,0,20,0,787,43,35,15,830,50,20,0
07/05/2020,LARIMER,0,10,0,0,10,0,797,43,35,15,840,50,10,0
07/06/2020,LARIMER,0,8,0,0,8,0,805,43,35,15,848,50,8,0
07/07/2020,LARIMER,0,15,0,0,15,0,820,43,35,15,863,50,15,0
07/08/2020,LARIMER,0,22,0,0,22,0,842,43,35,15,885,50,22,0
07/09/2020,LARIMER,0,18,0,0,18,0,860,43,35,15,903,50,18,0
07/10/2020,LARIMER,0,14,0,0,14,0,874,43,35,15,917,50,14,0
07/11/2020,LARIMER,0,18,0,0,18,0,892,43,35,15,935,50,18,0
07/12/2020,LARIMER,0,36,0,0,36,0,928,43,35,15,971,50,36,0
07/13/2020,LARIMER,0,13,0,0,13,0,941,43,35,15,984,50,13,0
07/14/2020,LARIMER,0,22,0,2,22,2,963,43,37,15,1006,52,22,2
07/15/2020,LARIMER,0,36,0,9,36,9,999,43,46,15,1042,61,36,9
07/16/2020,LARIMER,0,31,0,1,31,1,1030,43,47,15,1073,62,31,1
07/17/2020,LARIMER,0,13,0,0,13,0,1043,43,47,15,1086,62,13,0
07/18/2020,LARIMER,0,25,0,1,25,1,1068,43,48,15,1111,63,25,1
07/19/2020,LARIMER,0,31,0,0,31,0,1099,43,48,15,1142,63,31,0
07/20/2020,LARIMER,0,16,0,0,16,0,1115,43,48,15,1158,63,16,0
07/21/2020,LARIMER,1,25,0,0,26,0,1140,44,48,15,1184,63,26,0
07/22/2020,LARIMER,1,31,0,0,32,0,1171,45,48,15,1216,63,32,0
07/23/2020,LARIMER,0,23,0,5,23,5,1194,45,53,15,1239,68,23,5
07/24/2020,LARIMER,2,28,0,0,30,0,1222,47,53,15,1269,68,30,0
07/25/2020,LARIMER,0,19,0,0,19,0,1241,47,53,15,1288,68,19,0
07/26/2020,LARIMER,0,4,0,0,4,0,1245,47,53,15,1292,68,4,0
07/27/2020,LARIMER,1,44,0,0,45,0,1289,48,53,15,1337,68,45,0
07/28/2020,LARIMER,0,19,0,0,19,0,1308,48,53,15,1356,68,19,0
07/29/2020,LARIMER,0,18,0,0,18,0,1326,48,53,15,1374,68,18,0
07/30/2020,LARIMER,0,23,0,1,23,1,1349,48,54,15,1397,69,23,1
07/31/2020,LARIMER,0,22,0,0,22,0,1371,48,54,15,1419,69,22,0
08/01/2020,LARIMER,0,20,0,0,20,0,1391,48,54,15,1439,69,20,0
08/02/2020,LARIMER,0,16,0,0,16,0,1407,48,54,15,1455,69,16,0
08/03/2020,LARIMER,0,10,0,0,10,0,1417,48,54,15,1465,69,10,0
08/04/2020,LARIMER,1,35,0,0,36,0,1452,49,54,15,1501,69,36,0
08/05/2020,LARIMER,0,15,0,0,15,0,1467,49,54,15,1516,69,15,0
08/06/2020,LARIMER,0,17,0,0,17,0,1484,49,54,15,1533,69,17,0
08/07/2020,LARIMER,0,35,0,0,35,0,1519,49,54,15,1568,69,35,0
08/08/2020,LARIMER,0,22,0,1,22,1,1541,49,55,15,1590,70,22,1
08/09/2020,LARIMER,0,16,0,1,16,1,1557,49,56,15,1606,71,16,1
08/10/2020,LARIMER,0,15,0,0,15,0,1572,49,56,15,1621,71,15,0
08/11/2020,LARIMER,2,12,0,0,14,0,1584,51,56,15,1635,71,14,0
08/12/2020,LARIMER,1,23,0,0,24,0,1607,52,56,15,1659,71,24,0
08/13/2020,LARIMER,1,21,0,0,22,0,1628,53,56,15,1681,71,22,0
08/14/2020,LARIMER,1,17,0,1,18,1,1645,54,57,15,1699,72,18,1
08/15/2020,LARIMER,0,23,0,0,23,0,1668,54,57,15,1722,72,23,0
08/16/2020,LARIMER,0,10,0,0,10,0,1678,54,57,15,1732,72,10,0
08/17/2020,LARIMER,1,9,0,0,10,0,1687,55,57,15,1742,72,10,0
08/18/2020,LARIMER,1,14,0,0,15,0,1701,56,57,15,1757,72,15,0
08/19/2020,LARIMER,1,28,0,3,29,3,1729,57,60,15,1786,75,29,3
08/20/2020,LARIMER,3,22,0,1,25,1,1751,60,61,15,1811,76,25,1
08/21/2020,LARIMER,0,21,0,0,21,0,1772,60,61,15,1832,76,21,0
08/22/2020,LARIMER,0,15,0,0,15,0,1787,60,61,15,1847,76,15,0
08/23/2020,LARIMER,0,13,0,0,13,0,1800,60,61,15,1860,76,13,0
08/24/2020,LARIMER,0,16,0,0,16,0,1816,60,61,15,1876,76,16,0
08/25/2020,LARIMER,0,9,0,0,9,0,1825,60,61,15,1885,76,9,0
08/26/2020,LARIMER,0,32,0,2,32,2,1857,60,63,15,1917,78,32,2
08/27/2020,LARIMER,1,23,0,0,24,0,1880,61,63,15,1941,78,24,0
08/28/2020,LARIMER,0,22,0,2,22,2,1902,61,65,15,1963,80,22,2
08/29/2020,LARIMER,0,13,0,0,13,0,1915,61,65,15,1976,80,13,0
08/30/2020,LARIMER,0,16,0,0,16,0,1931,61,65,15,1992,80,16,0
08/31/2020,LARIMER,5,21,0,2,26,2,1952,66,67,15,2018,82,26,2
09/01/2020,LARIMER,0,7,0,0,7,0,1959,66,67,15,2025,82,7,0
09/02/2020,LARIMER,8,41,0,0,49,0,2000,74,67,15,2074,82,49,0
09/03/2020,LARIMER,0,18,0,1,18,1,2018,74,68,15,2092,83,18,1
09/04/2020,LARIMER,0,16,0,0,16,0,2034,74,68,15,2108,83,16,0
09/05/2020,LARIMER,0,13,0,0,13,0,2047,74,68,15,2121,83,13,0
09/06/2020,LARIMER,0,10,0,0,10,0,2057,74,68,15,2131,83,10,0
09/07/2020,LARIMER,0,17,0,0,17,0,2074,74,68,15,2148,83,17,0
09/08/2020,LARIMER,0,12,0,0,12,0,2086,74,68,15,2160,83,12,0
09/09/2020,LARIMER,3,10,0,0,13,0,2096,77,68,15,2173,83,13,0
09/10/2020,LARIMER,3,7,0,0,10,0,2103,80,68,15,2183,83,10,0
09/11/2020,LARIMER,9,13,0,0,22,0,2116,89,68,15,2205,83,22,0
09/12/2020,LARIMER,1,15,0,0,16,0,2131,90,68,15,2221,83,16,0
09/13/2020,LARIMER,3,29,0,0,32,0,2160,93,68,15,2253,83,32,0
09/14/2020,LARIMER,3,9,0,0,12,0,2169,96,68,15,2265,83,12,0
09/15/2020,LARIMER,2,12,1,0,14,1,2181,98,68,16,2279,84,14,1
09/16/2020,LARIMER,8,19,0,0,27,0,2200,106,68,16,2306,84,27,0
09/17/2020,LARIMER,2,41,0,0,43,0,2241,108,68,16,2349,84,43,0
09/18/2020,LARIMER,1,43,0,1,44,1,2284,109,69,16,2393,85,44,1
09/19/2020,LARIMER,1,24,0,0,25,0,2308,110,69,16,2418,85,25,0
09/20/2020,LARIMER,1,20,0,0,21,0,2328,111,69,16,2439,85,21,0
09/21/2020,LARIMER,2,20,0,0,22,0,2348,113,69,16,2461,85,22,0
09/22/2020,LARIMER,0,14,0,0,14,0,2362,113,69,16,2475,85,14,0
09/23/2020,LARIMER,3,26,1,0,29,1,2388,116,69,17,2504,86,29,1
09/24/2020,LARIMER,2,51,0,0,53,0,2439,118,69,17,2557,86,53,0
09/25/2020,LARIMER,3,38,0,0,41,0,2477,121,69,17,2598,86,41,0
09/26/2020,LARIMER,0,18,0,0,18,0,2495,121,69,17,2616,86,18,0
09/27/2020,LARIMER,1,45,0,0,46,0,2540,122,69,17,2662,86,46,0
09/28/2020,LARIMER,3,35,0,0,38,0,2575,125,69,17,2700,86,38,0
09/29/2020,LARIMER,2,15,0,1,17,1,2590,127,70,17,2717,87,17,1
09/30/2020,LARIMER,3,34,0,0,37,0,2624,130,70,17,2754,87,37,0
10/01/2020,LARIMER,3,54,0,0,57,0,2678,133,70,17,2811,87,57,0
10/02/2020,LARIMER,0,35,0,0,35,0,2713,133,70,17,2846,87,35,0
10/03/2020,LARIMER,1,22,0,0,23,0,2735,134,70,17,2869,87,23,0
10/04/2020,LARIMER,0,48,0,0,48,0,2783,134,70,17,2917,87,48,0
10/05/2020,LARIMER,2,33,0,0,35,0,2816,136,70,17,2952,87,35,0
10/06/2020,LARIMER,0,57,0,0,57,0,2873,136,70,17,3009,87,57,0
10/07/2020,LARIMER,1,54,0,0,55,0,2927,137,70,17,3064,87,55,0
10/08/2020,LARIMER,2,37,0,0,39,0,2964,139,70,17,3103,87,39,0
10/09/2020,LARIMER,3,95,0,0,98,0,3059,142,70,17,3201,87,98,0
10/10/2020,LARIMER,0,37,0,0,37,0,3096,142,70,17,3238,87,37,0
10/11/2020,LARIMER,1,70,0,0,71,0,3166,143,70,17,3309,87,71,0
10/12/2020,LARIMER,1,41,0,0,42,0,3207,144,70,17,3351,87,42,0
10/13/2020,LARIMER,0,24,0,1,24,1,3231,144,71,17,3375,88,24,1
10/14/2020,LARIMER,0,55,0,0,55,0,3286,144,71,17,3430,88,55,0
10/15/2020,LARIMER,1,63,0,0,64,0,3349,145,71,17,3494,88,64,0
10/16/2020,LARIMER,3,67,0,1,70,1,3416,148,72,17,3564,89,70,1
10/17/2020,LARIMER,0,33,0,0,33,0,3449,148,72,17,3597,89,33,0
10/18/2020,LARIMER,0,57,0,1,57,1,3506,148,73,17,3654,90,57,1
10/19/2020,LARIMER,1,35,0,0,36,0,3541,149,73,17,3690,90,36,0
10/20/2020,LARIMER,1,53,0,0,54,0,3594,150,73,17,3744,90,54,0
10/21/2020,LARIMER,0,73,0,0,73,0,3667,150,73,17,3817,90,73,0
10/22/2020,LARIMER,0,83,0,0,83,0,3750,150,73,17,3900,90,83,0
10/23/2020,LARIMER,0,79,0,0,79,0,3829,150,73,17,3979,90,79,0
10/24/2020,LARIMER,0,57,0,0,57,0,3886,150,73,17,4036,90,57,0
10/25/2020,LARIMER,0,82,0,0,82,0,3968,150,73,17,4118,90,82,0
10/26/2020,LARIMER,0,49,0,1,49,1,4017,150,74,17,4167,91,49,1
10/27/2020,LARIMER,0,27,0,0,27,0,4044,150,74,17,4194,91,27,0
10/28/2020,LARIMER,0,64,0,1,64,1,4108,150,75,17,4258,92,64,1
10/29/2020,LARIMER,1,93,0,0,94,0,4201,151,75,17,4352,92,94,0
10/30/2020,LARIMER,1,175,0,0,176,0,4376,152,75,17,4528,92,176,0
10/31/2020,LARIMER,0,113,0,1,113,1,4489,152,76,17,4641,93,113,1
11/01/2020,LARIMER,0,80,0,1,80,1,4569,152,77,17,4721,94,80,1
11/02/2020,LARIMER,0,90,0,2,90,2,4659,152,79,17,4811,96,90,2
11/03/2020,LARIMER,5,101,0,0,106,0,4760,157,79,17,4917,96,106,0
11/04/2020,LARIMER,2,185,0,0,187,0,4945,159,79,17,5104,96,187,0
11/05/2020,LARIMER,3,196,0,1,199,1,5141,162,80,17,5303,97,199,1
11/06/2020,LARIMER,4,159,0,0,163,0,5300,166,80,17,5466,97,163,0
11/07/2020,LARIMER,0,143,0,0,143,0,5443,166,80,17,5609,97,143,0
11/08/2020,LARIMER,0,196,0,1,196,1,5639,166,81,17,5805,98,196,1
11/09/2020,LARIMER,4,196,0,1,200,1,5835,170,82,17,6005,99,200,1
11/10/2020,LARIMER,1,234,0,1,235,1,6069,171,83,17,6240,100,235,1
11/11/2020,LARIMER,1,232,0,0,233,0,6301,172,83,17,6473,100,233,0
11/12/2020,LARIMER,0,201,0,1,201,1,6502,172,84,17,6674,101,201,1
11/13/2020,LARIMER,3,350,0,1,353,1,6852,175,85,17,7027,102,353,1
11/14/2020,LARIMER,1,230,0,1,231,1,7082,176,86,17,7258,103,231,1
11/15/2020,LARIMER,1,215,0,1,216,1,7297,177,87,17,7474,104,216,1
11/16/2020,LARIMER,10,286,0,1,296,1,7583,187,88,17,7770,105,296,1
11/17/2020,LARIMER,2,265,0,1,267,1,7848,189,89,17,8037,106,267,1
11/18/2020,LARIMER,10,282,0,4,292,4,8130,199,93,17,8329,110,292,4
11/19/2020,LARIMER,3,235,0,0,238,0,8365,202,93,17,8567,110,238,0
11/20/2020,LARIMER,6,304,0,3,310,3,8669,208,96,17,8877,113,310,3
11/21/2020,LARIMER,1,216,0,1,217,1,8885,209,97,17,9094,114,217,1
11/22/2020,LARIMER,4,205,0,1,209,1,9090,213,98,17,9303,115,209,1
11/23/2020,LARIMER,6,248,0,4,254,4,9338,219,102,17,9557,119,254,4
11/24/2020,LARIMER,7,221,0,1,228,1,9559,226,103,17,9785,120,228,1
11/25/2020,LARIMER,5,316,0,1,321,1,9875,231,104,17,10106,121,321,1
11/26/2020,LARIMER,0,192,0,3,192,3,10067,231,107,17,10298,124,192,3
11/27/2020,LARIMER,5,249,0,3,254,3,10316,236,110,17,10552,127,254,3
11/28/2020,LARIMER,1,204,0,1,205,1,10520,237,111,17,10757,128,205,1
11/29/2020,LARIMER,2,173,0,1,175,1,10693,239,112,17,10932,129,175,1
11/30/2020,LARIMER,15,173,0,3,188,3,10866,254,115,17,11120,132,188,3
12/01/2020,LARIMER,8,226,0,2,234,2,11092,262,117,17,11354,134,234,2
12/02/2020,LARIMER,4,292,0,2,296,2,11384,266,119,17,11650,136,296,2
12/03/2020,LARIMER,9,280,0,0,289,0,11664,275,119,17,11939,136,289,0
12/04/2020,LARIMER,13,325,0,3,338,3,11989,288,122,17,12277,139,338,3
12/05/2020,LARIMER,5,167,0,2,172,2,12156,293,124,17,12449,141,172,2
12/06/2020,LARIMER,11,172,0,3,183,3,12328,304,127,17,12632,144,183,3
12/07/2020,LARIMER,5,231,0,5,236,5,12559,309,132,17,12868,149,236,5
12/08/2020,LARIMER,11,206,0,4,217,4,12765,320,136,17,13085,153,217,4
12/09/2020,LARIMER,13,256,0,2,269,2,13021,333,138,17,13354,155,269,2
12/10/2020,LARIMER,9,192,0,5,201,5,13213,342,143,17,13555,160,201,5
12/11/2020,LARIMER,14,213,1,4,227,5,13426,356,147,18,13782,165,227,5
12/12/2020,LARIMER,5,132,0,4,137,4,13558,361,151,18,13919,169,137,4
12/13/2020,LARIMER,7,88,0,0,95,0,13646,368,151,18,14014,169,95,0
12/14/2020,LARIMER,12,100,0,8,112,8,13746,380,159,18,14126,177,112,8
12/15/2020,LARIMER,8,175,0,5,183,5,13921,388,164,18,14309,182,183,5
12/16/2020,LARIMER,7,163,0,2,170,2,14084,395,166,18,14479,184,170,2
12/17/2020,LARIMER,11,125,0,5,136,5,14209,406,171,18,14615,189,136,5
12/18/2020,LARIMER,7,122,0,1,129,1,14331,413,172,18,14744,190,129,1
12/19/2020,LARIMER,2,113,0,1,115,1,14444,415,173,18,14859,191,115,1
12/20/2020,LARIMER,1,57,0,0,58,0,14501,416,173,18,14917,191,58,0
12/21/2020,LARIMER,7,89,0,2,96,2,14590,423,175,18,15013,193,96,2
12/22/2020,LARIMER,10,142,0,3,152,3,14732,433,178,18,15165,196,152,3
12/23/2020,LARIMER,12,105,0,0,117,0,14837,445,178,18,15282,196,117,0
12/24/2020,LARIMER,7,107,0,2,114,2,14944,452,180,18,15396,198,114,2
12/25/2020,LARIMER,2,44,0,0,46,0,14988,454,180,18,15442,198,46,0
12/26/2020,LARIMER,4,54,0,2,58,2,15042,458,182,18,15500,200,58,2
12/27/2020,LARIMER,8,65,0,1,73,1,15107,466,183,18,15573,201,73,1
12/28/2020,LARIMER,17,101,1,1,118,2,15208,483,184,19,15691,203,118,2
12/29/2020,LARIMER,12,111,0,2,123,2,15319,495,186,19,15814,205,123,2
12/30/2020,LARIMER,9,114,0,0,123,0,15433,504,186,19,15937,205,123,0
12/31/2020,LARIMER,12,131,0,2,143,2,15564,516,188,19,16080,207,143,2
01/01/2021,LARIMER,2,83,0,1,85,1,15647,518,189,19,16165,208,85,1
01/02/2021,LARIMER,3,51,0,1,54,1,15698,521,190,19,16219,209,54,1
01/03/2021,LARIMER,3,77,0,1,80,1,15775,524,191,19,16299,210,80,1
01/04/2021,LARIMER,14,68,0,1,82,1,15843,538,192,19,16381,211,82,1
01/05/2021,LARIMER,13,135,0,0,148,0,15978,551,192,19,16529,211,148,0
01/06/2021,LARIMER,1,154,0,3,155,3,16132,552,195,19,16684,214,155,3
01/07/2021,LARIMER,3,136,0,2,139,2,16268,555,197,19,16823,216,139,2
01/08/2021,LARIMER,7,104,0,1,111,1,16372,562,198,19,16934,217,111,1
01/09/2021,LARIMER,5,55,0,0,60,0,16427,567,198,19,16994,217,60,0
01/10/2021,LARIMER,2,60,0,0,62,0,16487,569,198,19,17056,217,62,0
01/11/2021,LARIMER,9,97,0,2,106,2,16584,578,200,19,17162,219,106,2
01/12/2021,LARIMER,6,113,0,3,119,3,16697,584,203,19,17281,222,119,3
01/13/2021,LARIMER,5,128,0,0,133,0,16825,589,203,19,17414,222,133,0
01/14/2021,LARIMER,8,90,0,1,98,1,16915,597,204,19,17512,223,98,1
01/15/2021,LARIMER,3,109,0,4,112,4,17024,600,208,19,17624,227,112,4
01/16/2021,LARIMER,4,92,0,5,96,5,17116,604,213,19,17720,232,96,5
01/17/2021,LARIMER,0,61,0,0,61,0,17177,604,213,19,17781,232,61,0
01/18/2021,LARIMER,2,66,0,0,68,0,17243,606,213,19,17849,232,68,0
01/19/2021,LARIMER,4,73,2,0,77,2,17316,610,213,21,17926,234,77,2
01/20/2021,LARIMER,7,132,0,3,139,3,17448,617,216,21,18065,237,139,3
01/21/2021,LARIMER,4,75,0,1,79,1,17523,621,217,21,18144,238,79,1
01/22/2021,LARIMER,4,125,0,1,129,1,17648,625,218,21,18273,239,129,1
01/23/2021,LARIMER,4,74,0,2,78,2,17722,629,220,21,18351,241,78,2
01/24/2021,LARIMER,4,52,0,1,56,1,17774,633,221,21,18407,242,56,1
01/25/2021,LARIMER,8,45,0,0,53,0,17819,641,221,21,18460,242,53,0
01/26/2021,LARIMER,5,85,0,0,90,0,17904,646,221,21,18550,242,90,0
01/27/2021,LARIMER,7,101,1,1,108,2,18005,653,222,22,18658,244,108,2
01/28/2021,LARIMER,13,63,0,1,76,1,18068,666,223,22,18734,245,76,1
01/29/2021,LARIMER,3,92,0,1,95,1,18160,669,224,22,18829,246,95,1
01/30/2021,LARIMER,3,75,0,5,78,5,18235,672,229,22,18907,251,78,5
01/31/2021,LARIMER,3,50,0,0,53,0,18285,675,229,22,18960,251,53,0
02/01/2021,LARIMER,5,39,0,0,44,0,18324,680,229,22,19004,251,44,0
02/02/2021,LARIMER,4,68,0,0,72,0,18392,684,229,22,19076,251,72,0
02/03/2021,LARIMER,5,77,0,1,82,1,18469,689,230,22,19158,252,82,1
02/04/2021,LARIMER,6,88,1,1,94,2,18557,695,231,23,19252,254,94,2
02/05/2021,LARIMER,2,80,0,1,82,1,18637,697,232,23,19334,255,82,1
02/06/2021,LARIMER,1,47,0,0,48,0,18684,698,232,23,19382,255,48,0
02/07/2021,LARIMER,6,51,0,0,57,0,18735,704,232,23,19439,255,57,0
02/08/2021,LARIMER,7,34,0,0,41,0,18769,711,232,23,19480,255,41,0
02/09/2021,LARIMER,8,58,0,1,66,1,18827,719,233,23,19546,256,66,1
02/10/2021,LARIMER,1,66,0,0,67,0,18893,720,233,23,19613,256,67,0
02/11/2021,LARIMER,5,94,0,0,99,0,18987,725,233,23,19712,256,99,0
02/12/2021,LARIMER,4,85,0,1,89,1,19072,729,234,23,19801,257,89,1
02/13/2021,LARIMER,4,22,0,0,26,0,19094,733,234,23,19827,257,26,0
02/14/2021,LARIMER,0,64,0,0,64,0,19158,733,234,23,19891,257,64,0
02/15/2021,LARIMER,2,50,0,0,52,0,19208,735,234,23,19943,257,52,0
02/16/2021,LARIMER,3,78,0,0,81,0,19286,738,234,23,20024,257,81,0
02/17/2021,LARIMER,3,89,0,0,92,0,19375,741,234,23,20116,257,92,0
02/18/2021,LARIMER,4,73,0,0,77,0,19448,745,234,23,20193,257,77,0
02/19/2021,LARIMER,5,95,0,1,100,1,19543,750,235,23,20293,258,100,1
02/20/2021,LARIMER,1,39,0,0,40,0,19582,751,235,23,20333,258,40,0
02/21/2021,LARIMER,1,62,0,0,63,0,19644,752,235,23,20396,258,63,0
02/22/2021,LARIMER,5,77,0,0,82,0,19721,757,235,23,20478,258,82,0
02/23/2021,LARIMER,3,84,0,1,87,1,19805,760,236,23,20565,259,87,1
02/24/2021,LARIMER,3,60,0,0,63,0,19865,763,236,23,20628,259,63,0
02/25/2021,LARIMER,7,88,0,0,95,0,19953,770,236,23,20723,259,95,0
02/26/2021,LARIMER,9,63,0,1,72,1,20016,779,237,23,20795,260,72,1
02/27/2021,LARIMER,0,70,0,0,70,0,20086,779,237,23,20865,260,70,0
02/28/2021,LARIMER,0,60,0,0,60,0,20146,779,237,23,20925,260,60,0
03/01/2021,LARIMER,17,59,0,0,76,0,20205,796,237,23,21001,260,76,0
03/02/2021,LARIMER,3,71,0,0,74,0,20276,799,237,23,21075,260,74,0
03/03/2021,LARIMER,6,50,0,0,56,0,20326,805,237,23,21131,260,56,0
03/04/2021,LARIMER,3,63,0,1,66,1,20389,808,238,23,21197,261,66,1
03/05/2021,LARIMER,2,80,0,0,82,0,20469,810,238,23,21279,261,82,0
03/06/2021,LARIMER,2,60,0,0,62,0,20529,812,238,23,21341,261,62,0
03/07/2021,LARIMER,2,41,0,0,43,0,20570,814,238,23,21384,261,43,0
03/08/2021,LARIMER,2,35,0,1,37,1,20605,816,239,23,21421,262,37,1
03/09/2021,LARIMER,4,66,0,2,70,2,20671,820,241,23,21491,264,70,2
03/10/2021,LARIMER,3,60,0,0,63,0,20731,823,241,23,21554,264,63,0
03/11/2021,LARIMER,5,88,0,1,93,1,20819,828,242,23,21647,265,93,1
03/12/2021,LARIMER,3,100,0,0,103,0,20919,831,242,23,21750,265,103,0
03/13/2021,LARIMER,1,36,0,1,37,1,20955,832,243,23,21787,266,37,1
03/14/2021,LARIMER,0,28,0,0,28,0,20983,832,243,23,21815,266,28,0
03/15/2021,LARIMER,2,4,0,0,6,0,20987,834,243,23,21821,266,6,0
03/16/2021,LARIMER,3,9,0,0,12,0,20996,837,243,23,21833,266,12,0
03/17/2021,LARIMER,4,33,0,0,37,0,21029,841,243,23,21870,266,37,0
03/18/2021,LARIMER,2,163,0,0,165,0,21192,843,243,23,22035,266,165,0
03/19/2021,LARIMER,27,73,0,0,100,0,21265,870,243,23,22135,266,100,0
03/20/2021,LARIMER,0,39,0,0,39,0,21304,870,243,23,22174,266,39,0
03/21/2021,LARIMER,1,20,0,0,21,0,21324,871,243,23,22195,266,21,0
03/22/2021,LARIMER,17,80,0,0,97,0,21404,888,243,23,22292,266,97,0
03/23/2021,LARIMER,1,81,0,0,82,0,21485,889,243,23,22374,266,82,0
03/24/2021,LARIMER,15,73,0,0,88,0,21558,904,243,23,22462,266,88,0
03/25/2021,LARIMER,21,89,0,0,110,0,21647,925,243,23,22572,266,110,0
03/26/2021,LARIMER,5,80,0,0,85,0,21727,930,243,23,22657,266,85,0
03/27/2021,LARIMER,8,73,0,0,81,0,21800,938,243,23,22738,266,81,0
03/28/2021,LARIMER,8,80,0,0,88,0,21880,946,243,23,22826,266,88,0
03/29/2021,LARIMER,16,53,0,0,69,0,21933,962,243,23,22895,266,69,0
03/30/2021,LARIMER,20,103,0,0,123,0,22036,982,243,23,23018,266,123,0
03/31/2021,LARIMER,15,99,0,0,114,0,22135,997,243,23,23132,266,114,0
04/01/2021,LARIMER,18,104,0,0,122,0,22239,1015,243,23,23254,266,122,0
04/02/2021,LARIMER,11,107,0,0,118,0,22346,1026,243,23,23372,266,118,0
04/03/2021,LARIMER,1,76,0,0,77,0,22422,1027,243,23,23449,266,77,0
04/04/2021,LARIMER,8,69,0,0,77,0,22491,1035,243,23,23526,266,77,0
04/05/2021,LARIMER,15,64,0,1,79,1,22555,1050,244,23,23605,267,79,1
04/06/2021,LARIMER,12,166,0,1,178,1,22721,1062,245,23,23783,268,178,1
04/07/2021,LARIMER,9,84,0,0,93,0,22805,1071,245,23,23876,268,93,0
04/08/2021,LARIMER,20,145,0,0,165,0,22950,1091,245,23,24041,268,165,0
04/09/2021,LARIMER,25,144,0,0,169,0,23094,1116,245,23,24210,268,169,0
04/10/2021,LARIMER,1,87,0,0,88,0,23181,1117,245,23,24298,268,88,0
04/11/2021,LARIMER,5,64,0,0,69,0,23245,1122,245,23,24367,268,69,0
04/12/2021,LARIMER,9,87,0,0,96,0,23332,1131,245,23,24463,268,96,0
04/13/2021,LARIMER,7,99,0,1,106,1,23431,1138,246,23,24569,269,106,1
04/14/2021,LARIMER,4,74,0,0,78,0,23505,1142,246,23,24647,269,78,0
04/15/2021,LARIMER,4,115,0,0,119,0,23620,1146,246,23,24766,269,119,0
04/16/2021,LARIMER,10,87,0,0,97,0,23707,1156,246,23,24863,269,97,0
04/17/2021,LARIMER,1,74,0,0,75,0,23781,1157,246,23,24938,269,75,0
04/18/2021,LARIMER,2,65,0,0,67,0,23846,1159,246,23,25005,269,67,0
04/19/2021,LARIMER,12,95,0,1,107,1,23941,1171,247,23,25112,270,107,1
04/20/2021,LARIMER,11,133,0,0,144,0,24074,1182,247,23,25256,270,144,0
04/21/2021,LARIMER,9,105,0,0,114,0,24179,1191,247,23,25370,270,114,0
04/22/2021,LARIMER,7,105,0,1,112,1,24284,1198,248,23,25482,271,112,1
04/23/2021,LARIMER,5,109,0,0,114,0,24393,1203,248,23,25596,271,114,0
04/24/2021,LARIMER,2,69,0,0,71,0,24462,1205,248,23,25667,271,71,0
04/25/2021,LARIMER,0,60,0,0,60,0,24522,1205,248,23,25727,271,60,0
04/26/2021,LARIMER,5,87,0,0,92,0,24609,1210,248,23,25819,271,92,0
04/27/2021,LARIMER,8,116,0,0,124,0,24725,1218,248,23,25943,271,124,0
04/28/2021,LARIMER,6,87,0,0,93,0,24812,1224,248,23,26036,271,93,0
04/29/2021,LARIMER,8,82,0,0,90,0,24894,1232,248,23,26126,271,90,0
04/30/2021,LARIMER,6,85,0,2,91,2,24979,1238,250,23,26217,273,91,2
05/01/2021,LARIMER,4,37,0,0,41,0,25016,1242,250,23,26258,273,41,0
05/02/2021,LARIMER,3,67,0,0,70,0,25083,1245,250,23,26328,273,70,0
05/03/2021,LARIMER,4,68,0,0,72,0,25151,1249,250,23,26400,273,72,0
05/04/2021,LARIMER,4,59,0,2,63,2,25210,1253,252,23,26463,275,63,2
05/05/2021,LARIMER,1,76,0,0,77,0,25286,1254,252,23,26540,275,77,0
05/06/2021,LARIMER,6,74,0,0,80,0,25360,1260,252,23,26620,275,80,0
05/07/2021,LARIMER,4,60,0,1,64,1,25420,1264,253,23,26684,276,64,1
05/08/2021,LARIMER,2,52,0,0,54,0,25472,1266,253,23,26738,276,54,0
05/09/2021,LARIMER,0,38,0,1,38,1,25510,1266,254,23,26776,277,38,1
05/10/2021,LARIMER,3,42,0,0,45,0,25552,1269,254,23,26821,277,45,0
05/11/2021,LARIMER,1,67,0,0,68,0,25619,1270,254,23,26889,277,68,0
05/12/2021,LARIMER,2,111,0,1,113,1,25730,1272,255,23,27002,278,113,1
05/13/2021,LARIMER,2,42,0,0,44,0,25772,1274,255,23,27046,278,44,0
05/14/2021,LARIMER,5,50,0,0,55,0,25822,1279,255,23,27101,278,55,0
05/15/2021,LARIMER,2,20,0,0,22,0,25842,1281,255,23,27123,278,22,0
05/16/2021,LARIMER,1,54,0,0,55,0,25896,1282,255,23,27178,278,55,0
05/17/2021,LARIMER,2,35,0,0,37,0,25931,1284,255,23,27215,278,37,0
05/18/2021,LARIMER,4,37,0,0,41,0,25968,1288,255,23,27256,278,41,0
05/19/2021,LARIMER,7,37,0,0,44,0,26005,1295,255,23,27300,278,44,0
05/20/2021,LARIMER,2,30,0,0,32,0,26035,1297,255,23,27332,278,32,0
05/21/2021,LARIMER,2,33,0,0,35,0,26068,1299,255,23,27367,278,35,0
05/22/2021,LARIMER,1,16,0,0,17,0,26084,1300,255,23,27384,278,17,0
05/23/2021,LARIMER,1,16,0,1,17,1,26100,1301,256,23,27401,279,17,1
05/24/2021,LARIMER,6,35,0,1,41,1,26135,1307,257,23,27442,280,41,1
05/25/2021,LARIMER,2,26,0,0,28,0,26161,1309,257,23,27470,280,28,0
05/26/2021,LARIMER,5,16,0,0,21,0,26177,1314,257,23,27491,280,21,0
05/27/2021,LARIMER,2,22,0,0,24,0,26199,1316,257,23,27515,280,24,0
05/28/2021,LARIMER,3,25,0,1,28,1,26224,1319,258,23,27543,281,28,1
05/29/2021,LARIMER,0,25,0,1,25,1,26249,1319,259,23,27568,282,25,1
05/30/2021,LARIMER,0,13,0,1,13,1,26262,1319,260,23,27581,283,13,1
05/31/2021,LARIMER,1,14,0,0,15,0,26276,1320,260,23,27596,283,15,0
06/01/2021,LARIMER,0,13,0,0,13,0,26289,1320,260,23,27609,283,13,0
06/02/2021,LARIMER,4,20,0,0,24,0,26309,1324,260,23,27633,283,24,0
06/03/2021,LARIMER,4,19,0,0,23,0,26328,1328,260,23,27656,283,23,0
06/04/2021,LARIMER,1,19,0,0,20,0,26347,1329,260,23,27676,283,20,0
06/05/2021,LARIMER,1,10,0,0,11,0,26357,1330,260,23,27687,283,11,0
06/06/2021,LARIMER,1,6,0,0,7,0,26363,1331,260,23,27694,283,7,0
06/07/2021,LARIMER,4,9,0,0,13,0,26372,1335,260,23,27707,283,13,0
06/08/2021,LARIMER,8,10,0,0,18,0,26382,1343,260,23,27725,283,18,0
06/09/2021,LARIMER,5,20,0,0,25,0,26402,1348,260,23,27750,283,25,0
06/10/2021,LARIMER,1,22,0,0,23,0,26424,1349,260,23,27773,283,23,0
06/11/2021,LARIMER,2,11,0,0,13,0,26435,1351,260,23,27786,283,13,0
06/12/2021,LARIMER,6,10,0,0,16,0,26445,1357,260,23,27802,283,16,0
06/13/2021,LARIMER,0,10,0,0,10,0,26455,1357,260,23,27812,283,10,0
06/14/2021,LARIMER,6,6,0,0,12,0,26461,1363,260,23,27824,283,12,0
06/15/2021,LARIMER,1,5,0,0,6,0,26466,1364,260,23,27830,283,6,0
06/16/2021,LARIMER,2,5,0,0,7,0,26471,1366,260,23,27837,283,7,0
06/17/2021,LARIMER,4,20,0,1,24,1,26491,1370,261,23,27861,284,24,1
06/18/2021,LARIMER,8,17,0,0,25,0,26508,1378,261,23,27886,284,25,0
06/19/2021,LARIMER,1,14,0,0,15,0,26522,1379,261,23,27901,284,15,0
06/20/2021,LARIMER,0,10,0,0,10,0,26532,1379,261,23,27911,284,10,0
06/21/2021,LARIMER,2,22,0,0,24,0,26554,1381,261,23,27935,284,24,0
06/22/2021,LARIMER,4,13,0,0,17,0,26567,1385,261,23,27952,284,17,0
06/23/2021,LARIMER,4,35,0,0,39,0,26602,1389,261,23,27991,284,39,0
06/24/2021,LARIMER,2,20,0,0,22,0,26622,1391,261,23,28013,284,22,0
06/25/2021,LARIMER,1,12,0,0,13,0,26634,1392,261,23,28026,284,13,0
06/26/2021,LARIMER,0,9,0,0,9,0,26643,1392,261,23,28035,284,9,0
06/27/2021,LARIMER,1,11,0,0,12,0,26654,1393,261,23,28047,284,12,0
06/28/2021,LARIMER,6,20,0,0,26,0,26674,1399,261,23,28073,284,26,0
06/29/2021,LARIMER,10,25,0,0,35,0,26699,1409,261,23,28108,284,35,0
06/30/2021,LARIMER,4,18,0,0,22,0,26717,1413,261,23,28130,284,22,0
07/01/2021,LARIMER,2,28,0,0,30,0,26745,1415,261,23,28160,284,30,0
07/02/2021,LARIMER,0,31,0,0,31,0,26776,1415,261,23,28191,284,31,0
07/03/2021,LARIMER,2,21,0,0,23,0,26797,1417,261,23,28214,284,23,0
07/04/2021,LARIMER,1,14,0,0,15,0,26811,1418,261,23,28229,284,15,0
07/05/2021,LARIMER,0,16,0,0,16,0,26827,1418,261,23,28245,284,16,0
07/06/2021,LARIMER,2,22,0,0,24,0,26849,1420,261,23,28269,284,24,0
07/07/2021,LARIMER,2,27,0,0,29,0,26876,1422,261,23,28298,284,29,0
07/08/2021,LARIMER,5,27,0,0,32,0,26903,1427,261,23,28330,284,32,0
07/09/2021,LARIMER,3,18,0,0,21,0,26921,1430,261,23,28351,284,21,0
07/10/2021,LARIMER,1,19,0,0,20,0,26940,1431,261,23,28371,284,20,0
07/11/2021,LARIMER,0,19,0,0,19,0,26959,1431,261,23,28390,284,19,0
07/12/2021,LARIMER,3,27,0,0,30,0,26986,1434,261,23,28420,284,30,0
07/13/2021,LARIMER,2,38,0,0,40,0,27024,1436,261,23,28460,284,40,0
07/14/2021,LARIMER,1,18,0,0,19,0,27042,1437,261,23,28479,284,19,0
07/15/2021,LARIMER,3,23,0,0,26,0,27065,1440,261,23,28505,284,26,0
07/16/2021,LARIMER,7,23,0,0,30,0,27088,1447,261,23,28535,284,30,0
07/17/2021,LARIMER,3,20,0,0,23,0,27108,1450,261,23,28558,284,23,0
07/18/2021,LARIMER,3,22,0,0,25,0,27130,1453,261,23,28583,284,25,0
07/19/2021,LARIMER,9,25,0,0,34,0,27155,1462,261,23,28617,284,34,0
07/20/2021,LARIMER,5,34,0,1,39,1,27189,1467,262,23,28656,285,39,1
07/21/2021,LARIMER,7,33,0,0,40,0,27222,1474,262,23,28696,285,40,0
07/22/2021,LARIMER,5,43,0,0,48,0,27265,1479,262,23,28744,285,48,0
07/23/2021,LARIMER,1,35,0,0,36,0,27300,1480,262,23,28780,285,36,0
07/24/2021,LARIMER,1,37,0,0,38,0,27337,1481,262,23,28818,285,38,0
07/25/2021,LARIMER,1,22,0,0,23,0,27359,1482,262,23,28841,285,23,0
07/26/2021,LARIMER,4,37,0,0,41,0,27396,1486,262,23,28882,285,41,0
07/27/2021,LARIMER,0,38,0,0,38,0,27434,1486,262,23,28920,285,38,0
07/28/2021,LARIMER,4,74,0,0,78,0,27508,1490,262,23,28998,285,78,0
07/29/2021,LARIMER,5,53,0,0,58,0,27561,1495,262,23,29056,285,58,0
07/30/2021,LARIMER,9,41,0,0,50,0,27602,1504,262,23,29106,285,50,0
07/31/2021,LARIMER,3,60,0,3,63,3,27662,1507,265,23,29169,288,63,3
08/01/2021,LARIMER,0,39,0,0,39,0,27701,1507,265,23,29208,288,39,0
08/02/2021,LARIMER,7,58,0,0,65,0,27759,1514,265,23,29273,288,65,0
08/03/2021,LARIMER,8,63,0,0,71,0,27822,1522,265,23,29344,288,71,0
08/04/2021,LARIMER,7,73,0,0,80,0,27895,1529,265,23,29424,288,80,0
08/05/2021,LARIMER,2,75,0,0,77,0,27970,1531,265,23,29501,288,77,0
08/06/2021,LARIMER,10,82,0,1,92,1,28052,1541,266,23,29593,289,92,1
08/07/2021,LARIMER,2,65,0,0,67,0,28117,1543,266,23,29660,289,67,0
08/08/2021,LARIMER,3,42,0,1,45,1,28159,1546,267,23,29705,290,45,1
08/09/2021,LARIMER,12,41,0,1,53,1,28200,1558,268,23,29758,291,53,1
08/10/2021,LARIMER,6,59,0,1,65,1,28259,1564,269,23,29823,292,65,1
08/11/2021,LARIMER,12,96,0,2,108,2,28355,1576,271,23,29931,294,108,2
08/12/2021,LARIMER,13,79,0,1,92,1,28434,1589,272,23,30023,295,92,1
08/13/2021,LARIMER,8,101,0,0,109,0,28535,1597,272,23,30132,295,109,0
08/14/2021,LARIMER,13,37,0,0,50,0,28572,1610,272,23,30182,295,50,0
08/15/2021,LARIMER,3,65,0,1,68,1,28637,1613,273,23,30250,296,68,1
08/16/2021,LARIMER,18,75,0,3,93,3,28712,1631,276,23,30343,299,93,3
08/17/2021,LARIMER,9,150,0,1,159,1,28862,1640,277,23,30502,300,159,1
08/18/2021,LARIMER,15,114,0,0,129,0,28976,1655,277,23,30631,300,129,0
08/19/2021,LARIMER,19,122,0,0,141,0,29098,1674,277,23,30772,300,141,0
08/20/2021,LARIMER,22,99,0,0,121,0,29197,1696,277,23,30893,300,121,0
08/21/2021,LARIMER,4,84,0,1,88,1,29281,1700,278,23,30981,301,88,1
08/22/2021,LARIMER,6,86,0,0,92,0,29367,1706,278,23,31073,301,92,0
08/23/2021,LARIMER,27,86,0,0,113,0,29453,1733,278,23,31186,301,113,0
08/24/2021,LARIMER,13,165,0,0,178,0,29618,1746,278,23,31364,301,178,0
08/25/2021,LARIMER,20,125,1,0,145,1,29743,1766,278,24,31509,302,145,1
08/26/2021,LARIMER,13,123,0,0,136,0,29866,1779,278,24,31645,302,136,0
08/27/2021,LARIMER,11,90,0,2,101,2,29956,1790,280,24,31746,304,101,2
08/28/2021,LARIMER,2,49,0,2,51,2,30005,1792,282,24,31797,306,51,2
08/29/2021,LARIMER,12,137,0,2,149,2,30142,1804,284,24,31946,308,149,2
08/30/2021,LARIMER,19,104,0,3,123,3,30246,1823,287,24,32069,311,123,3
08/31/2021,LARIMER,25,114,0,1,139,1,30360,1848,288,24,32208,312,139,1
09/01/2021,LARIMER,22,157,0,0,179,0,30517,1870,288,24,32387,312,179,0
09/02/2021,LARIMER,20,141,0,2,161,2,30658,1890,290,24,32548,314,161,2
09/03/2021,LARIMER,18,119,0,1,137,1,30777,1908,291,24,32685,315,137,1
09/04/2021,LARIMER,20,107,0,0,127,0,30884,1928,291,24,32812,315,127,0
09/05/2021,LARIMER,6,65,0,0,71,0,30949,1934,291,24,32883,315,71,0
09/06/2021,LARIMER,14,51,0,0,65,0,31000,1948,291,24,32948,315,65,0
09/07/2021,LARIMER,21,113,0,1,134,1,31113,1969,292,24,33082,316,134,1
09/08/2021,LARIMER,17,101,0,1,118,1,31214,1986,293,24,33200,317,118,1
09/09/2021,LARIMER,10,142,0,0,152,0,31356,1996,293,24,33352,317,152,0
09/10/2021,LARIMER,17,141,0,1,158,1,31497,2013,294,24,33510,318,158,1
09/11/2021,LARIMER,6,100,0,2,106,2,31597,2019,296,24,33616,320,106,2
09/12/2021,LARIMER,7,124,0,0,131,0,31721,2026,296,24,33747,320,131,0
09/13/2021,LARIMER,26,94,0,0,120,0,31815,2052,296,24,33867,320,120,0
09/14/2021,LARIMER,14,77,0,1,91,1,31892,2066,297,24,33958,321,91,1
09/15/2021,LARIMER,16,116,0,0,132,0,32008,2082,297,24,34090,321,132,0
09/16/2021,LARIMER,17,173,1,0,190,1,32181,2099,297,25,34280,322,190,1
09/17/2021,LARIMER,25,126,0,0,151,0,32307,2124,297,25,34431,322,151,0
09/18/2021,LARIMER,6,111,0,1,117,1,32418,2130,298,25,34548,323,117,1
09/19/2021,LARIMER,8,98,0,0,106,0,32516,2138,298,25,34654,323,106,0
09/20/2021,LARIMER,21,80,0,1,101,1,32596,2159,299,25,34755,324,101,1
09/21/2021,LARIMER,23,89,0,0,112,0,32685,2182,299,25,34867,324,112,0
09/22/2021,LARIMER,10,109,0,0,119,0,32794,2192,299,25,34986,324,119,0
09/23/2021,LARIMER,11,159,0,0,170,0,32953,2203,299,25,35156,324,170,0
09/24/2021,LARIMER,9,122,0,1,131,1,33075,2212,300,25,35287,325,131,1
09/25/2021,LARIMER,4,84,0,0,88,0,33159,2216,300,25,35375,325,88,0
09/26/2021,LARIMER,14,103,0,0,117,0,33262,2230,300,25,35492,325,117,0
09/27/2021,LARIMER,24,71,0,1,95,1,33333,2254,301,25,35587,326,95,1
09/28/2021,LARIMER,25,102,0,1,127,1,33435,2279,302,25,35714,327,127,1
09/29/2021,LARIMER,16,161,0,0,177,0,33596,2295,302,25,35891,327,177,0
09/30/2021,LARIMER,8,143,0,1,151,1,33739,2303,303,25,36042,328,151,1
10/01/2021,LARIMER,5,126,0,1,131,1,33865,2308,304,25,36173,329,131,1
10/02/2021,LARIMER,9,97,0,1,106,1,33962,2317,305,25,36279,330,106,1
10/03/2021,LARIMER,7,86,0,1,93,1,34048,2324,306,25,36372,331,93,1
10/04/2021,LARIMER,20,82,0,1,102,1,34130,2344,307,25,36474,332,102,1
10/05/2021,LARIMER,10,109,0,1,119,1,34239,2354,308,25,36593,333,119,1
10/06/2021,LARIMER,14,213,0,3,227,3,34452,2368,311,25,36820,336,227,3
10/07/2021,LARIMER,17,121,0,0,138,0,34573,2385,311,25,36958,336,138,0
10/08/2021,LARIMER,16,156,0,1,172,1,34729,2401,312,25,37130,337,172,1
10/09/2021,LARIMER,3,92,0,3,95,3,34821,2404,315,25,37225,340,95,3
10/10/2021,LARIMER,8,108,0,1,116,1,34929,2412,316,25,37341,341,116,1
10/11/2021,LARIMER,34,105,0,0,139,0,35034,2446,316,25,37480,341,139,0
10/12/2021,LARIMER,23,106,1,2,129,3,35140,2469,318,26,37609,344,129,3
10/13/2021,LARIMER,16,211,0,3,227,3,35351,2485,321,26,37836,347,227,3
10/14/2021,LARIMER,15,119,0,5,134,5,35470,2500,326,26,37970,352,134,5
10/15/2021,LARIMER,24,138,0,1,162,1,35608,2524,327,26,38132,353,162,1
10/16/2021,LARIMER,1,101,0,1,102,1,35709,2525,328,26,38234,354,102,1
10/17/2021,LARIMER,5,80,0,0,85,0,35789,2530,328,26,38319,354,85,0
10/18/2021,LARIMER,23,95,0,2,118,2,35884,2553,330,26,38437,356,118,2
10/19/2021,LARIMER,21,138,1,1,159,2,36022,2574,331,27,38596,358,159,2
10/20/2021,LARIMER,17,247,0,1,264,1,36269,2591,332,27,38860,359,264,1
10/21/2021,LARIMER,23,166,0,2,189,2,36435,2614,334,27,39049,361,189,2
10/22/2021,LARIMER,30,168,0,3,198,3,36603,2644,337,27,39247,364,198,3
10/23/2021,LARIMER,7,125,0,5,132,5,36728,2651,342,27,39379,369,132,5
10/24/2021,LARIMER,4,95,0,3,99,3,36823,2655,345,27,39478,372,99,3
10/25/2021,LARIMER,30,108,0,4,138,4,36931,2685,349,27,39616,376,138,4
10/26/2021,LARIMER,19,271,0,4,290,4,37202,2704,353,27,39906,380,290,4
10/27/2021,LARIMER,45,176,0,2,221,2,37378,2749,355,27,40127,382,221,2
10/28/2021,LARIMER,39,260,0,1,299,1,37638,2788,356,27,40426,383,299,1
10/29/2021,LARIMER,31,176,0,3,207,3,37814,2819,359,27,40633,386,207,3
10/30/2021,LARIMER,7,148,0,1,155,1,37962,2826,360,27,40788,387,155,1
10/31/2021,LARIMER,8,79,0,1,87,1,38041,2834,361,27,40875,388,87,1
11/01/2021,LARIMER,39,130,0,2,169,2,38171,2873,363,27,41044,390,169,2
11/02/2021,LARIMER,22,190,0,3,212,3,38361,2895,366,27,41256,393,212,3
11/03/2021,LARIMER,20,251,0,3,271,3,38612,2915,369,27,41527,396,271,3
11/04/2021,LARIMER,17,196,0,1,213,1,38808,2932,370,27,41740,397,213,1
11/05/2021,LARIMER,34,163,0,1,197,1,38971,2966,371,27,41937,398,197,1
11/06/2021,LARIMER,4,148,0,2,152,2,39119,2970,373,27,42089,400,152,2
11/07/2021,LARIMER,7,106,0,1,113,1,39225,2977,374,27,42202,401,113,1
11/08/2021,LARIMER,26,137,0,2,163,2,39362,3003,376,27,42365,403,163,2
11/09/2021,LARIMER,34,232,0,0,266,0,39594,3037,376,27,42631,403,266,0
11/10/2021,LARIMER,36,208,0,2,244,2,39802,3073,378,27,42875,405,244,2
11/11/2021,LARIMER,45,199,0,0,244,0,40001,3118,378,27,43119,405,244,0
11/12/2021,LARIMER,16,159,0,1,175,1,40160,3134,379,27,43294,406,175,1
11/13/2021,LARIMER,4,170,0,0,174,0,40330,3138,379,27,43468,406,174,0
11/14/2021,LARIMER,7,79,0,1,86,1,40409,3145,380,27,43554,407,86,1
11/15/2021,LARIMER,34,114,1,2,148,3,40523,3179,382,28,43702,410,148,3
11/16/2021,LARIMER,22,294,1,2,316,3,40817,3201,384,29,44018,413,316,3
11/17/2021,LARIMER,31,237,0,3,268,3,41054,3232,387,29,44286,416,268,3
11/18/2021,LARIMER,8,136,1,1,144,2,41190,3240,388,30,44430,418,144,2
11/19/2021,LARIMER,28,130,0,1,158,1,41320,3268,389,30,44588,419,158,1
11/20/2021,LARIMER,1,97,0,0,98,0,41417,3269,389,30,44686,419,98,0
11/21/2021,LARIMER,3,101,0,0,104,0,41518,3272,389,30,44790,419,104,0
11/22/2021,LARIMER,16,87,0,0,103,0,41605,3288,389,30,44893,419,103,0
11/23/2021,LARIMER,25,141,0,0,166,0,41746,3313,389,30,45059,419,166,0
11/24/2021,LARIMER,13,141,0,0,154,0,41887,3326,389,30,45213,419,154,0
11/25/2021,LARIMER,1,81,0,0,82,0,41968,3327,389,30,45295,419,82,0
11/26/2021,LARIMER,5,57,1,1,62,2,42025,3332,390,31,45357,421,62,2
11/27/2021,LARIMER,4,128,0,3,132,3,42153,3336,393,31,45489,424,132,3
11/28/2021,LARIMER,4,79,0,1,83,1,42232,3340,394,31,45572,425,83,1
11/29/2021,LARIMER,34,88,0,2,122,2,42320,3374,396,31,45694,427,122,2
11/30/2021,LARIMER,29,217,0,1,246,1,42537,3403,397,31,45940,428,246,1
12/01/2021,LARIMER,36,162,0,3,198,3,42699,3439,400,31,46138,431,198,3
12/02/2021,LARIMER,25,149,0,0,174,0,42848,3464,400,31,46312,431,174,0
12/03/2021,LARIMER,12,118,0,0,130,0,42966,3476,400,31,46442,431,130,0
12/04/2021,LARIMER,2,59,0,0,61,0,43025,3478,400,31,46503,431,61,0
12/05/2021,LARIMER,2,81,0,0,83,0,43106,3480,400,31,46586,431,83,0
12/06/2021,LARIMER,24,123,1,3,147,4,43229,3504,403,32,46733,435,147,4
12/07/2021,LARIMER,21,133,0,1,154,1,43362,3525,404,32,46887,436,154,1
12/08/2021,LARIMER,10,140,0,2,150,2,43502,3535,406,32,47037,438,150,2
12/09/2021,LARIMER,14,118,1,0,132,1,43620,3549,406,33,47169,439,132,1
12/10/2021,LARIMER,21,89,0,0,110,0,43709,3570,406,33,47279,439,110,0
12/11/2021,LARIMER,1,69,0,0,70,0,43778,3571,406,33,47349,439,70,0
12/12/2021,LARIMER,1,60,0,0,61,0,43838,3572,406,33,47410,439,61,0
12/13/2021,LARIMER,15,61,0,0,76,0,43899,3587,406,33,47486,439,76,0
12/14/2021,LARIMER,12,97,0,0,109,0,43996,3599,406,33,47595,439,109,0
12/15/2021,LARIMER,16,110,0,1,126,1,44106,3615,407,33,47721,440,126,1
12/16/2021,LARIMER,12,116,0,0,128,0,44222,3627,407,33,47849,440,128,0
12/17/2021,LARIMER,29,102,0,0,131,0,44324,3656,407,33,47980,440,131,0
12/18/2021,LARIMER,2,89,0,1,91,1,44413,3658,408,33,48071,441,91,1
12/19/2021,LARIMER,5,56,0,0,61,0,44469,3663,408,33,48132,441,61,0
12/20/2021,LARIMER,16,85,0,1,101,1,44554,3679,409,33,48233,442,101,1
12/21/2021,LARIMER,17,184,0,0,201,0,44738,3696,409,33,48434,442,201,0
12/22/2021,LARIMER,18,142,0,0,160,0,44880,3714,409,33,48594,442,160,0
12/23/2021,LARIMER,8,215,0,0,223,0,45095,3722,409,33,48817,442,223,0
12/24/2021,LARIMER,4,271,0,0,275,0,45366,3726,409,33,49092,442,275,0
12/25/2021,LARIMER,2,238,0,0,240,0,45604,3728,409,33,49332,442,240,0
12/26/2021,LARIMER,8,109,0,0,117,0,45713,3736,409,33,49449,442,117,0
12/27/2021,LARIMER,45,182,1,0,227,1,45895,3781,409,34,49676,443,227,1
12/28/2021,LARIMER,45,300,0,1,345,1,46195,3826,410,34,50021,444,345,1
12/29/2021,LARIMER,36,598,0,0,634,0,46793,3862,410,34,50655,444,634,0
12/30/2021,LARIMER,33,433,0,1,466,1,47226,3895,411,34,51121,445,466,1
12/31/2021,LARIMER,32,600,1,1,632,2,47826,3927,412,35,51753,447,632,2
01/01/2022,LARIMER,8,339,0,2,347,2,48165,3935,414,35,52100,449,347,2
01/02/2022,LARIMER,15,332,0,0,347,0,48497,3950,414,35,52447,449,347,0
01/03/2022,LARIMER,78,416,0,1,494,1,48913,4028,415,35,52941,450,494,1
01/04/2022,LARIMER,106,480,0,2,586,2,49393,4134,417,35,53527,452,586,2
01/05/2022,LARIMER,117,992,0,3,1109,3,50385,4251,420,35,54636,455,1109,3
01/06/2022,LARIMER,85,768,0,4,853,4,51153,4336,424,35,55489,459,853,4
01/07/2022,LARIMER,84,750,1,1,834,2,51903,4420,425,36,56323,461,834,2
01/08/2022,LARIMER,18,557,0,1,575,1,52460,4438,426,36,56898,462,575,1
01/09/2022,LARIMER,29,509,0,0,538,0,52969,4467,426,36,57436,462,538,0
01/10/2022,LARIMER,78,693,0,6,771,6,53662,4545,432,36,58207,468,771,6
01/11/2022,LARIMER,147,451,1,2,598,3,54113,4692,434,37,58805,471,598,3
01/12/2022,LARIMER,70,822,0,2,892,2,54935,4762,436,37,59697,473,892,2
01/13/2022,LARIMER,69,758,0,2,827,2,55693,4831,438,37,60524,475,827,2
01/14/2022,LARIMER,90,955,0,2,1045,2,56648,4921,440,37,61569,477,1045,2
01/15/2022,LARIMER,14,369,0,1,383,1,57017,4935,441,37,61952,478,383,1
01/16/2022,LARIMER,17,552,1,0,569,1,57569,4952,441,38,62521,479,569,1
01/17/2022,LARIMER,85,555,0,1,640,1,58124,5037,442,38,63161,480,640,1
01/18/2022,LARIMER,122,371,0,1,493,1,58495,5159,443,38,63654,481,493,1
01/19/2022,LARIMER,63,865,0,3,928,3,59360,5222,446,38,64582,484,928,3
01/20/2022,LARIMER,61,805,0,1,866,1,60165,5283,447,38,65448,485,866,1
01/21/2022,LARIMER,98,592,0,2,690,2,60757,5381,449,38,66138,487,690,2
01/22/2022,LARIMER,18,568,0,1,586,1,61325,5399,450,38,66724,488,586,1
01/23/2022,LARIMER,27,519,0,1,546,1,61844,5426,451,38,67270,489,546,1
01/24/2022,LARIMER,89,400,0,2,489,2,62244,5515,453,38,67759,491,489,2
01/25/2022,LARIMER,63,397,0,1,460,1,62641,5578,454,38,68219,492,460,1
01/26/2022,LARIMER,64,819,0,2,883,2,63460,5642,456,38,69102,494,883,2
01/27/2022,LARIMER,59,605,0,3,664,3,64065,5701,459,38,69766,497,664,3
01/28/2022,LARIMER,59,382,0,0,441,0,64447,5760,459,38,70207,497,441,0
01/29/2022,LARIMER,9,291,0,4,300,4,64738,5769,463,38,70507,501,300,4
01/30/2022,LARIMER,7,250,0,0,257,0,64988,5776,463,38,70764,501,257,0
01/31/2022,LARIMER,63,199,0,1,262,1,65187,5839,464,38,71026,502,262,1
02/01/2022,LARIMER,52,334,0,1,386,1,65521,5891,465,38,71412,503,386,1
02/02/2022,LARIMER,47,446,0,0,493,0,65967,5938,465,38,71905,503,493,0
02/03/2022,LARIMER,28,179,0,0,207,0,66146,5966,465,38,72112,503,207,0
02/04/2022,LARIMER,41,189,0,0,230,0,66335,6007,465,38,72342,503,230,0
02/05/2022,LARIMER,9,181,1,0,190,1,66516,6016,465,39,72532,504,190,1
02/06/2022,LARIMER,3,83,0,1,86,1,66599,6019,466,39,72618,505,86,1
02/07/2022,LARIMER,37,122,0,0,159,0,66721,6056,466,39,72777,505,159,0
02/08/2022,LARIMER,40,186,0,0,226,0,66907,6096,466,39,73003,505,226,0
02/09/2022,LARIMER,30,177,0,0,207,0,67084,6126,466,39,73210,505,207,0
02/10/2022,LARIMER,44,131,0,1,175,1,67215,6170,467,39,73385,506,175,1
02/11/2022,LARIMER,35,111,0,0,146,0,67326,6205,467,39,73531,506,146,0
02/12/2022,LARIMER,0,85,0,0,85,0,67411,6205,467,39,73616,506,85,0
02/13/2022,LARIMER,0,47,0,0,47,0,67458,6205,467,39,73663,506,47,0
02/14/2022,LARIMER,32,66,1,0,98,1,67524,6237,467,40,73761,507,98,1
02/15/2022,LARIMER,35,143,0,0,178,0,67667,6272,467,40,73939,507,178,0
02/16/2022,LARIMER,20,103,0,0,123,0,67770,6292,467,40,74062,507,123,0
02/17/2022,LARIMER,15,92,0,1,107,1,67862,6307,468,40,74169,508,107,1
02/18/2022,LARIMER,32,70,0,0,102,0,67932,6339,468,40,74271,508,102,0
02/19/2022,LARIMER,3,59,0,1,62,1,67991,6342,469,40,74333,509,62,1
02/20/2022,LARIMER,0,47,0,0,47,0,68038,6342,469,40,74380,509,47,0
02/21/2022,LARIMER,17,36,0,0,53,0,68074,6359,469,40,74433,509,53,0
02/22/2022,LARIMER,13,73,0,0,86,0,68147,6372,469,40,74519,509,86,0
02/23/2022,LARIMER,10,59,0,0,69,0,68206,6382,469,40,74588,509,69,0
02/24/2022,LARIMER,17,47,0,0,64,0,68253,6399,469,40,74652,509,64,0
02/25/2022,LARIMER,18,68,0,0,86,0,68321,6417,469,40,74738,509,86,0
02/26/2022,LARIMER,4,38,0,0,42,0,68359,6421,469,40,74780,509,42,0
02/27/2022,LARIMER,5,22,0,0,27,0,68381,6426,469,40,74807,509,27,0
02/28/2022,LARIMER,14,38,0,0,52,0,68419,6440,469,40,74859,509,52,0
03/01/2022,LARIMER,6,55,0,0,61,0,68474,6446,469,40,74920,509,61,0
03/02/2022,LARIMER,26,43,0,0,69,0,68517,6472,469,40,74989,509,69,0
03/03/2022,LARIMER,9,35,0,0,44,0,68552,6481,469,40,75033,509,44,0
03/04/2022,LARIMER,4,33,1,0,37,1,68585,6485,469,41,75070,510,37,1
03/05/2022,LARIMER,2,6,0,0,8,0,68591,6487,469,41,75078,510,8,0
03/06/2022,LARIMER,1,8,0,0,9,0,68599,6488,469,41,75087,510,9,0
03/07/2022,LARIMER,7,11,0,0,18,0,68610,6495,469,41,75105,510,18,0
03/08/2022,LARIMER,7,32,0,0,39,0,68642,6502,469,41,75144,510,39,0
03/09/2022,LARIMER,5,10,0,0,15,0,68652,6507,469,41,75159,510,15,0
03/10/2022,LARIMER,3,13,0,0,16,0,68665,6510,469,41,75175,510,16,0
03/11/2022,LARIMER,3,1,0,0,4,0,68666,6513,469,41,75179,510,4,0
03/12/2022,LARIMER,0,3,0,0,3,0,68669,6513,469,41,75182,510,3,0
03/13/2022,LARIMER,0,5,0,0,5,0,68674,6513,469,41,75187,510,5,0
03/14/2022,LARIMER,8,26,0,0,34,0,68700,6521,469,41,75221,510,34,0
03/15/2022,LARIMER,10,40,0,0,50,0,68740,6531,469,41,75271,510,50,0
03/16/2022,LARIMER,7,19,0,0,26,0,68759,6538,469,41,75297,510,26,0
03/17/2022,LARIMER,4,16,0,0,20,0,68775,6542,469,41,75317,510,20,0
03/18/2022,LARIMER,8,12,0,0,20,0,68787,6550,469,41,75337,510,20,0
03/19/2022,LARIMER,0,4,0,0,4,0,68791,6550,469,41,75341,510,4,0
03/20/2022,LARIMER,0,8,0,0,8,0,68799,6550,469,41,75349,510,8,0
04/02/2020,LAS ANIMAS,0,1,0,0,1,0,1,0,0,0,1,0,-75348,-510
04/08/2020,LAS ANIMAS,0,1,0,0,1,0,2,0,0,0,2,0,1,0
04/15/2020,LAS ANIMAS,0,1,0,0,1,0,3,0,0,0,3,0,1,0
05/04/2020,LAS ANIMAS,0,1,0,0,1,0,4,0,0,0,4,0,1,0
05/18/2020,LAS ANIMAS,0,1,0,0,1,0,5,0,0,0,5,0,1,0
06/08/2020,LAS ANIMAS,0,1,0,0,1,0,6,0,0,0,6,0,1,0
06/10/2020,LAS ANIMAS,0,1,0,0,1,0,7,0,0,0,7,0,1,0
06/29/2020,LAS ANIMAS,0,2,0,0,2,0,9,0,0,0,9,0,2,0
07/11/2020,LAS ANIMAS,0,1,0,0,1,0,10,0,0,0,10,0,1,0
07/14/2020,LAS ANIMAS,0,1,0,0,1,0,11,0,0,0,11,0,1,0
07/16/2020,LAS ANIMAS,0,1,0,0,1,0,12,0,0,0,12,0,1,0
07/21/2020,LAS ANIMAS,0,2,0,0,2,0,14,0,0,0,14,0,2,0
07/27/2020,LAS ANIMAS,0,1,0,0,1,0,15,0,0,0,15,0,1,0
07/29/2020,LAS ANIMAS,0,1,0,0,1,0,16,0,0,0,16,0,1,0
08/03/2020,LAS ANIMAS,0,2,0,0,2,0,18,0,0,0,18,0,2,0
08/10/2020,LAS ANIMAS,0,1,0,0,1,0,19,0,0,0,19,0,1,0
08/15/2020,LAS ANIMAS,0,1,0,0,1,0,20,0,0,0,20,0,1,0
08/17/2020,LAS ANIMAS,0,1,0,0,1,0,21,0,0,0,21,0,1,0
09/08/2020,LAS ANIMAS,0,1,0,0,1,0,22,0,0,0,22,0,1,0
09/16/2020,LAS ANIMAS,0,2,0,0,2,0,24,0,0,0,24,0,2,0
09/18/2020,LAS ANIMAS,0,1,0,0,1,0,25,0,0,0,25,0,1,0
09/23/2020,LAS ANIMAS,0,2,0,0,2,0,27,0,0,0,27,0,2,0
09/24/2020,LAS ANIMAS,0,1,0,0,1,0,28,0,0,0,28,0,1,0
09/25/2020,LAS ANIMAS,0,1,0,0,1,0,29,0,0,0,29,0,1,0
09/26/2020,LAS ANIMAS,0,1,0,0,1,0,30,0,0,0,30,0,1,0
10/04/2020,LAS ANIMAS,0,1,0,0,1,0,31,0,0,0,31,0,1,0
10/07/2020,LAS ANIMAS,0,1,0,0,1,0,32,0,0,0,32,0,1,0
10/08/2020,LAS ANIMAS,0,3,0,0,3,0,35,0,0,0,35,0,3,0
10/09/2020,LAS ANIMAS,0,1,0,0,1,0,36,0,0,0,36,0,1,0
10/11/2020,LAS ANIMAS,0,1,0,0,1,0,37,0,0,0,37,0,1,0
10/12/2020,LAS ANIMAS,0,3,0,0,3,0,40,0,0,0,40,0,3,0
10/13/2020,LAS ANIMAS,0,8,0,0,8,0,48,0,0,0,48,0,8,0
10/14/2020,LAS ANIMAS,0,1,0,0,1,0,49,0,0,0,49,0,1,0
10/15/2020,LAS ANIMAS,0,1,0,0,1,0,50,0,0,0,50,0,1,0
10/16/2020,LAS ANIMAS,0,1,0,0,1,0,51,0,0,0,51,0,1,0
10/17/2020,LAS ANIMAS,1,11,0,0,12,0,62,1,0,0,63,0,12,0
10/18/2020,LAS ANIMAS,0,4,0,0,4,0,66,1,0,0,67,0,4,0
10/19/2020,LAS ANIMAS,0,4,0,0,4,0,70,1,0,0,71,0,4,0
10/20/2020,LAS ANIMAS,0,1,0,0,1,0,71,1,0,0,72,0,1,0
10/21/2020,LAS ANIMAS,0,1,0,0,1,0,72,1,0,0,73,0,1,0
10/22/2020,LAS ANIMAS,0,1,0,0,1,0,73,1,0,0,74,0,1,0
10/23/2020,LAS ANIMAS,0,3,0,0,3,0,76,1,0,0,77,0,3,0
10/27/2020,LAS ANIMAS,0,6,0,0,6,0,82,1,0,0,83,0,6,0
10/28/2020,LAS ANIMAS,0,8,0,0,8,0,90,1,0,0,91,0,8,0
10/30/2020,LAS ANIMAS,0,15,0,1,15,1,105,1,1,0,106,1,15,1
10/31/2020,LAS ANIMAS,0,4,0,0,4,0,109,1,1,0,110,1,4,0
11/01/2020,LAS ANIMAS,0,3,0,0,3,0,112,1,1,0,113,1,3,0
11/02/2020,LAS ANIMAS,0,5,0,0,5,0,117,1,1,0,118,1,5,0
11/03/2020,LAS ANIMAS,0,8,0,0,8,0,125,1,1,0,126,1,8,0
11/04/2020,LAS ANIMAS,0,12,0,0,12,0,137,1,1,0,138,1,12,0
11/05/2020,LAS ANIMAS,0,2,0,0,2,0,139,1,1,0,140,1,2,0
11/06/2020,LAS ANIMAS,0,2,0,0,2,0,141,1,1,0,142,1,2,0
11/07/2020,LAS ANIMAS,0,7,0,0,7,0,148,1,1,0,149,1,7,0
11/08/2020,LAS ANIMAS,0,2,0,0,2,0,150,1,1,0,151,1,2,0
11/09/2020,LAS ANIMAS,0,13,0,0,13,0,163,1,1,0,164,1,13,0
11/10/2020,LAS ANIMAS,0,5,0,0,5,0,168,1,1,0,169,1,5,0
11/11/2020,LAS ANIMAS,0,9,0,0,9,0,177,1,1,0,178,1,9,0
11/12/2020,LAS ANIMAS,0,6,0,0,6,0,183,1,1,0,184,1,6,0
11/13/2020,LAS ANIMAS,0,12,0,0,12,0,195,1,1,0,196,1,12,0
11/14/2020,LAS ANIMAS,0,4,0,0,4,0,199,1,1,0,200,1,4,0
11/15/2020,LAS ANIMAS,0,3,0,0,3,0,202,1,1,0,203,1,3,0
11/16/2020,LAS ANIMAS,0,14,0,0,14,0,216,1,1,0,217,1,14,0
11/17/2020,LAS ANIMAS,0,9,0,0,9,0,225,1,1,0,226,1,9,0
11/18/2020,LAS ANIMAS,0,3,0,0,3,0,228,1,1,0,229,1,3,0
11/19/2020,LAS ANIMAS,0,5,0,1,5,1,233,1,2,0,234,2,5,1
11/20/2020,LAS ANIMAS,1,4,0,0,5,0,237,2,2,0,239,2,5,0
11/21/2020,LAS ANIMAS,0,5,0,0,5,0,242,2,2,0,244,2,5,0
11/22/2020,LAS ANIMAS,0,19,0,0,19,0,261,2,2,0,263,2,19,0
11/23/2020,LAS ANIMAS,0,12,0,1,12,1,273,2,3,0,275,3,12,1
11/24/2020,LAS ANIMAS,0,7,0,0,7,0,280,2,3,0,282,3,7,0
11/25/2020,LAS ANIMAS,0,9,0,0,9,0,289,2,3,0,291,3,9,0
11/26/2020,LAS ANIMAS,0,2,0,0,2,0,291,2,3,0,293,3,2,0
11/27/2020,LAS ANIMAS,0,10,0,1,10,1,301,2,4,0,303,4,10,1
11/28/2020,LAS ANIMAS,0,4,0,0,4,0,305,2,4,0,307,4,4,0
11/29/2020,LAS ANIMAS,0,4,0,0,4,0,309,2,4,0,311,4,4,0
11/30/2020,LAS ANIMAS,1,12,0,0,13,0,321,3,4,0,324,4,13,0
12/01/2020,LAS ANIMAS,0,9,0,0,9,0,330,3,4,0,333,4,9,0
12/02/2020,LAS ANIMAS,0,4,0,0,4,0,334,3,4,0,337,4,4,0
12/03/2020,LAS ANIMAS,0,10,0,1,10,1,344,3,5,0,347,5,10,1
12/04/2020,LAS ANIMAS,0,10,0,0,10,0,354,3,5,0,357,5,10,0
12/05/2020,LAS ANIMAS,0,23,0,1,23,1,377,3,6,0,380,6,23,1
12/06/2020,LAS ANIMAS,0,9,0,0,9,0,386,3,6,0,389,6,9,0
12/07/2020,LAS ANIMAS,0,14,0,0,14,0,400,3,6,0,403,6,14,0
12/08/2020,LAS ANIMAS,0,6,0,0,6,0,406,3,6,0,409,6,6,0
12/09/2020,LAS ANIMAS,0,5,0,0,5,0,411,3,6,0,414,6,5,0
12/10/2020,LAS ANIMAS,1,5,0,0,6,0,416,4,6,0,420,6,6,0
12/11/2020,LAS ANIMAS,0,8,0,0,8,0,424,4,6,0,428,6,8,0
12/12/2020,LAS ANIMAS,0,6,0,0,6,0,430,4,6,0,434,6,6,0
12/13/2020,LAS ANIMAS,0,3,0,0,3,0,433,4,6,0,437,6,3,0
12/14/2020,LAS ANIMAS,0,4,0,0,4,0,437,4,6,0,441,6,4,0
12/15/2020,LAS ANIMAS,0,5,0,0,5,0,442,4,6,0,446,6,5,0
12/16/2020,LAS ANIMAS,1,7,0,0,8,0,449,5,6,0,454,6,8,0
12/17/2020,LAS ANIMAS,0,2,0,0,2,0,451,5,6,0,456,6,2,0
12/18/2020,LAS ANIMAS,0,6,0,0,6,0,457,5,6,0,462,6,6,0
12/19/2020,LAS ANIMAS,0,11,0,0,11,0,468,5,6,0,473,6,11,0
12/21/2020,LAS ANIMAS,0,4,0,0,4,0,472,5,6,0,477,6,4,0
12/22/2020,LAS ANIMAS,0,3,0,0,3,0,475,5,6,0,480,6,3,0
12/23/2020,LAS ANIMAS,0,2,0,0,2,0,477,5,6,0,482,6,2,0
12/24/2020,LAS ANIMAS,0,6,0,0,6,0,483,5,6,0,488,6,6,0
12/25/2020,LAS ANIMAS,0,22,0,0,22,0,505,5,6,0,510,6,22,0
12/26/2020,LAS ANIMAS,0,3,0,1,3,1,508,5,7,0,513,7,3,1
12/27/2020,LAS ANIMAS,0,2,0,0,2,0,510,5,7,0,515,7,2,0
12/28/2020,LAS ANIMAS,0,3,0,0,3,0,513,5,7,0,518,7,3,0
12/29/2020,LAS ANIMAS,1,9,1,0,10,1,522,6,7,1,528,8,10,1
12/30/2020,LAS ANIMAS,0,2,0,0,2,0,524,6,7,1,530,8,2,0
12/31/2020,LAS ANIMAS,0,7,0,0,7,0,531,6,7,1,537,8,7,0
01/01/2021,LAS ANIMAS,0,167,0,0,167,0,698,6,7,1,704,8,167,0
01/02/2021,LAS ANIMAS,0,2,0,0,2,0,700,6,7,1,706,8,2,0
01/03/2021,LAS ANIMAS,0,1,0,0,1,0,701,6,7,1,707,8,1,0
01/05/2021,LAS ANIMAS,1,1,0,0,2,0,702,7,7,1,709,8,2,0
01/06/2021,LAS ANIMAS,0,6,0,0,6,0,708,7,7,1,715,8,6,0
01/07/2021,LAS ANIMAS,0,114,0,0,114,0,822,7,7,1,829,8,114,0
01/08/2021,LAS ANIMAS,0,6,0,0,6,0,828,7,7,1,835,8,6,0
01/09/2021,LAS ANIMAS,0,9,0,0,9,0,837,7,7,1,844,8,9,0
01/10/2021,LAS ANIMAS,1,0,0,0,1,0,837,8,7,1,845,8,1,0
01/11/2021,LAS ANIMAS,0,6,0,1,6,1,843,8,8,1,851,9,6,1
01/12/2021,LAS ANIMAS,0,1,0,0,1,0,844,8,8,1,852,9,1,0
01/13/2021,LAS ANIMAS,0,5,0,0,5,0,849,8,8,1,857,9,5,0
01/14/2021,LAS ANIMAS,0,26,0,1,26,1,875,8,9,1,883,10,26,1
01/15/2021,LAS ANIMAS,0,6,0,1,6,1,881,8,10,1,889,11,6,1
01/16/2021,LAS ANIMAS,0,4,0,0,4,0,885,8,10,1,893,11,4,0
01/17/2021,LAS ANIMAS,0,1,0,0,1,0,886,8,10,1,894,11,1,0
01/18/2021,LAS ANIMAS,0,6,0,0,6,0,892,8,10,1,900,11,6,0
01/19/2021,LAS ANIMAS,0,4,0,0,4,0,896,8,10,1,904,11,4,0
01/20/2021,LAS ANIMAS,0,6,0,0,6,0,902,8,10,1,910,11,6,0
01/21/2021,LAS ANIMAS,0,5,0,0,5,0,907,8,10,1,915,11,5,0
01/22/2021,LAS ANIMAS,0,4,0,0,4,0,911,8,10,1,919,11,4,0
01/23/2021,LAS ANIMAS,0,2,0,0,2,0,913,8,10,1,921,11,2,0
01/25/2021,LAS ANIMAS,0,2,0,0,2,0,915,8,10,1,923,11,2,0
01/26/2021,LAS ANIMAS,0,2,0,0,2,0,917,8,10,1,925,11,2,0
01/27/2021,LAS ANIMAS,0,4,0,0,4,0,921,8,10,1,929,11,4,0
01/28/2021,LAS ANIMAS,0,1,0,0,1,0,922,8,10,1,930,11,1,0
01/29/2021,LAS ANIMAS,0,7,0,0,7,0,929,8,10,1,937,11,7,0
02/01/2021,LAS ANIMAS,0,5,0,0,5,0,934,8,10,1,942,11,5,0
02/02/2021,LAS ANIMAS,0,1,0,0,1,0,935,8,10,1,943,11,1,0
02/03/2021,LAS ANIMAS,0,4,0,0,4,0,939,8,10,1,947,11,4,0
02/04/2021,LAS ANIMAS,0,6,0,0,6,0,945,8,10,1,953,11,6,0
02/05/2021,LAS ANIMAS,0,3,0,0,3,0,948,8,10,1,956,11,3,0
02/06/2021,LAS ANIMAS,0,7,0,0,7,0,955,8,10,1,963,11,7,0
02/08/2021,LAS ANIMAS,0,8,0,0,8,0,963,8,10,1,971,11,8,0
02/09/2021,LAS ANIMAS,0,2,0,0,2,0,965,8,10,1,973,11,2,0
02/10/2021,LAS ANIMAS,0,3,0,0,3,0,968,8,10,1,976,11,3,0
02/11/2021,LAS ANIMAS,0,5,0,0,5,0,973,8,10,1,981,11,5,0
02/13/2021,LAS ANIMAS,0,1,0,0,1,0,974,8,10,1,982,11,1,0
02/14/2021,LAS ANIMAS,0,1,0,0,1,0,975,8,10,1,983,11,1,0
02/15/2021,LAS ANIMAS,0,6,0,0,6,0,981,8,10,1,989,11,6,0
02/16/2021,LAS ANIMAS,0,1,0,0,1,0,982,8,10,1,990,11,1,0
02/17/2021,LAS ANIMAS,0,5,0,0,5,0,987,8,10,1,995,11,5,0
02/18/2021,LAS ANIMAS,2,5,0,0,7,0,992,10,10,1,1002,11,7,0
02/19/2021,LAS ANIMAS,0,1,0,0,1,0,993,10,10,1,1003,11,1,0
02/22/2021,LAS ANIMAS,2,4,0,0,6,0,997,12,10,1,1009,11,6,0
02/23/2021,LAS ANIMAS,0,1,0,0,1,0,998,12,10,1,1010,11,1,0
02/25/2021,LAS ANIMAS,0,2,0,0,2,0,1000,12,10,1,1012,11,2,0
02/26/2021,LAS ANIMAS,0,2,0,0,2,0,1002,12,10,1,1014,11,2,0
02/27/2021,LAS ANIMAS,0,2,0,0,2,0,1004,12,10,1,1016,11,2,0
03/02/2021,LAS ANIMAS,2,1,0,0,3,0,1005,14,10,1,1019,11,3,0
03/03/2021,LAS ANIMAS,0,1,0,0,1,0,1006,14,10,1,1020,11,1,0
03/04/2021,LAS ANIMAS,0,1,0,0,1,0,1007,14,10,1,1021,11,1,0
03/05/2021,LAS ANIMAS,0,1,0,0,1,0,1008,14,10,1,1022,11,1,0
03/07/2021,LAS ANIMAS,0,1,0,0,1,0,1009,14,10,1,1023,11,1,0
03/09/2021,LAS ANIMAS,0,2,0,0,2,0,1011,14,10,1,1025,11,2,0
03/10/2021,LAS ANIMAS,0,1,0,0,1,0,1012,14,10,1,1026,11,1,0
03/11/2021,LAS ANIMAS,3,5,0,0,8,0,1017,17,10,1,1034,11,8,0
03/15/2021,LAS ANIMAS,0,2,0,0,2,0,1019,17,10,1,1036,11,2,0
03/16/2021,LAS ANIMAS,0,2,0,0,2,0,1021,17,10,1,1038,11,2,0
03/17/2021,LAS ANIMAS,0,1,0,0,1,0,1022,17,10,1,1039,11,1,0
03/18/2021,LAS ANIMAS,0,3,0,0,3,0,1025,17,10,1,1042,11,3,0
03/19/2021,LAS ANIMAS,0,1,0,0,1,0,1026,17,10,1,1043,11,1,0
03/22/2021,LAS ANIMAS,0,1,0,0,1,0,1027,17,10,1,1044,11,1,0
03/23/2021,LAS ANIMAS,0,3,0,0,3,0,1030,17,10,1,1047,11,3,0
03/24/2021,LAS ANIMAS,0,1,0,0,1,0,1031,17,10,1,1048,11,1,0
03/28/2021,LAS ANIMAS,0,1,0,0,1,0,1032,17,10,1,1049,11,1,0
03/30/2021,LAS ANIMAS,0,1,0,0,1,0,1033,17,10,1,1050,11,1,0
03/31/2021,LAS ANIMAS,0,2,0,0,2,0,1035,17,10,1,1052,11,2,0
04/01/2021,LAS ANIMAS,0,1,0,0,1,0,1036,17,10,1,1053,11,1,0
04/03/2021,LAS ANIMAS,0,2,0,0,2,0,1038,17,10,1,1055,11,2,0
04/05/2021,LAS ANIMAS,1,1,0,0,2,0,1039,18,10,1,1057,11,2,0
04/06/2021,LAS ANIMAS,0,2,0,0,2,0,1041,18,10,1,1059,11,2,0
04/07/2021,LAS ANIMAS,1,5,0,0,6,0,1046,19,10,1,1065,11,6,0
04/08/2021,LAS ANIMAS,1,2,0,0,3,0,1048,20,10,1,1068,11,3,0
04/09/2021,LAS ANIMAS,1,3,0,0,4,0,1051,21,10,1,1072,11,4,0
04/10/2021,LAS ANIMAS,0,1,0,0,1,0,1052,21,10,1,1073,11,1,0
04/11/2021,LAS ANIMAS,0,4,0,0,4,0,1056,21,10,1,1077,11,4,0
04/12/2021,LAS ANIMAS,0,6,0,0,6,0,1062,21,10,1,1083,11,6,0
04/13/2021,LAS ANIMAS,0,2,0,0,2,0,1064,21,10,1,1085,11,2,0
04/15/2021,LAS ANIMAS,0,4,0,0,4,0,1068,21,10,1,1089,11,4,0
04/16/2021,LAS ANIMAS,0,4,0,0,4,0,1072,21,10,1,1093,11,4,0
04/17/2021,LAS ANIMAS,0,1,0,0,1,0,1073,21,10,1,1094,11,1,0
04/18/2021,LAS ANIMAS,0,1,0,0,1,0,1074,21,10,1,1095,11,1,0
04/19/2021,LAS ANIMAS,0,2,0,0,2,0,1076,21,10,1,1097,11,2,0
04/20/2021,LAS ANIMAS,2,0,0,0,2,0,1076,23,10,1,1099,11,2,0
04/21/2021,LAS ANIMAS,0,3,0,0,3,0,1079,23,10,1,1102,11,3,0
04/22/2021,LAS ANIMAS,0,1,0,0,1,0,1080,23,10,1,1103,11,1,0
04/23/2021,LAS ANIMAS,1,5,0,0,6,0,1085,24,10,1,1109,11,6,0
04/25/2021,LAS ANIMAS,0,1,0,0,1,0,1086,24,10,1,1110,11,1,0
04/26/2021,LAS ANIMAS,0,1,0,0,1,0,1087,24,10,1,1111,11,1,0
04/27/2021,LAS ANIMAS,0,1,0,0,1,0,1088,24,10,1,1112,11,1,0
04/28/2021,LAS ANIMAS,2,0,0,0,2,0,1088,26,10,1,1114,11,2,0
04/29/2021,LAS ANIMAS,0,3,0,0,3,0,1091,26,10,1,1117,11,3,0
04/30/2021,LAS ANIMAS,0,4,0,1,4,1,1095,26,11,1,1121,12,4,1
05/01/2021,LAS ANIMAS,0,7,0,0,7,0,1102,26,11,1,1128,12,7,0
05/02/2021,LAS ANIMAS,0,2,0,0,2,0,1104,26,11,1,1130,12,2,0
05/03/2021,LAS ANIMAS,0,1,0,0,1,0,1105,26,11,1,1131,12,1,0
05/05/2021,LAS ANIMAS,1,1,0,0,2,0,1106,27,11,1,1133,12,2,0
05/06/2021,LAS ANIMAS,0,4,0,0,4,0,1110,27,11,1,1137,12,4,0
05/07/2021,LAS ANIMAS,0,3,0,0,3,0,1113,27,11,1,1140,12,3,0
05/10/2021,LAS ANIMAS,1,2,0,0,3,0,1115,28,11,1,1143,12,3,0
05/13/2021,LAS ANIMAS,0,4,0,1,4,1,1119,28,12,1,1147,13,4,1
05/18/2021,LAS ANIMAS,1,0,1,0,1,1,1119,29,12,2,1148,14,1,1
05/20/2021,LAS ANIMAS,0,1,0,0,1,0,1120,29,12,2,1149,14,1,0
05/21/2021,LAS ANIMAS,0,3,0,0,3,0,1123,29,12,2,1152,14,3,0
05/23/2021,LAS ANIMAS,0,1,0,0,1,0,1124,29,12,2,1153,14,1,0
05/24/2021,LAS ANIMAS,0,1,0,0,1,0,1125,29,12,2,1154,14,1,0
05/26/2021,LAS ANIMAS,0,2,0,0,2,0,1127,29,12,2,1156,14,2,0
05/27/2021,LAS ANIMAS,0,2,0,0,2,0,1129,29,12,2,1158,14,2,0
05/28/2021,LAS ANIMAS,0,1,0,0,1,0,1130,29,12,2,1159,14,1,0
06/01/2021,LAS ANIMAS,0,1,0,0,1,0,1131,29,12,2,1160,14,1,0
06/03/2021,LAS ANIMAS,0,3,0,0,3,0,1134,29,12,2,1163,14,3,0
06/04/2021,LAS ANIMAS,0,1,0,0,1,0,1135,29,12,2,1164,14,1,0
06/05/2021,LAS ANIMAS,0,1,0,0,1,0,1136,29,12,2,1165,14,1,0
06/08/2021,LAS ANIMAS,2,0,0,0,2,0,1136,31,12,2,1167,14,2,0
06/10/2021,LAS ANIMAS,0,1,0,0,1,0,1137,31,12,2,1168,14,1,0
06/11/2021,LAS ANIMAS,0,1,0,0,1,0,1138,31,12,2,1169,14,1,0
06/14/2021,LAS ANIMAS,0,3,0,0,3,0,1141,31,12,2,1172,14,3,0
06/16/2021,LAS ANIMAS,0,1,0,0,1,0,1142,31,12,2,1173,14,1,0
06/29/2021,LAS ANIMAS,0,6,0,0,6,0,1148,31,12,2,1179,14,6,0
06/30/2021,LAS ANIMAS,0,2,0,0,2,0,1150,31,12,2,1181,14,2,0
07/01/2021,LAS ANIMAS,0,3,0,0,3,0,1153,31,12,2,1184,14,3,0
07/02/2021,LAS ANIMAS,0,3,0,0,3,0,1156,31,12,2,1187,14,3,0
07/03/2021,LAS ANIMAS,0,2,0,0,2,0,1158,31,12,2,1189,14,2,0
07/04/2021,LAS ANIMAS,0,1,0,0,1,0,1159,31,12,2,1190,14,1,0
07/05/2021,LAS ANIMAS,0,1,0,0,1,0,1160,31,12,2,1191,14,1,0
07/06/2021,LAS ANIMAS,0,13,0,0,13,0,1173,31,12,2,1204,14,13,0
07/07/2021,LAS ANIMAS,0,3,0,0,3,0,1176,31,12,2,1207,14,3,0
07/08/2021,LAS ANIMAS,0,5,0,0,5,0,1181,31,12,2,1212,14,5,0
07/09/2021,LAS ANIMAS,0,3,0,0,3,0,1184,31,12,2,1215,14,3,0
07/10/2021,LAS ANIMAS,0,1,0,0,1,0,1185,31,12,2,1216,14,1,0
07/11/2021,LAS ANIMAS,0,4,0,0,4,0,1189,31,12,2,1220,14,4,0
07/12/2021,LAS ANIMAS,0,5,0,0,5,0,1194,31,12,2,1225,14,5,0
07/13/2021,LAS ANIMAS,0,2,0,0,2,0,1196,31,12,2,1227,14,2,0
07/14/2021,LAS ANIMAS,0,3,0,0,3,0,1199,31,12,2,1230,14,3,0
07/15/2021,LAS ANIMAS,0,2,0,0,2,0,1201,31,12,2,1232,14,2,0
07/16/2021,LAS ANIMAS,0,3,0,0,3,0,1204,31,12,2,1235,14,3,0
07/17/2021,LAS ANIMAS,0,2,0,0,2,0,1206,31,12,2,1237,14,2,0
07/18/2021,LAS ANIMAS,0,1,0,0,1,0,1207,31,12,2,1238,14,1,0
07/19/2021,LAS ANIMAS,0,1,0,0,1,0,1208,31,12,2,1239,14,1,0
07/20/2021,LAS ANIMAS,0,4,0,0,4,0,1212,31,12,2,1243,14,4,0
07/21/2021,LAS ANIMAS,0,1,0,0,1,0,1213,31,12,2,1244,14,1,0
07/22/2021,LAS ANIMAS,0,3,0,0,3,0,1216,31,12,2,1247,14,3,0
07/23/2021,LAS ANIMAS,0,2,0,0,2,0,1218,31,12,2,1249,14,2,0
07/24/2021,LAS ANIMAS,0,11,0,0,11,0,1229,31,12,2,1260,14,11,0
07/26/2021,LAS ANIMAS,0,3,0,0,3,0,1232,31,12,2,1263,14,3,0
07/27/2021,LAS ANIMAS,1,9,0,0,10,0,1241,32,12,2,1273,14,10,0
07/28/2021,LAS ANIMAS,0,1,0,0,1,0,1242,32,12,2,1274,14,1,0
07/29/2021,LAS ANIMAS,0,3,0,0,3,0,1245,32,12,2,1277,14,3,0
07/30/2021,LAS ANIMAS,0,1,0,0,1,0,1246,32,12,2,1278,14,1,0
07/31/2021,LAS ANIMAS,0,6,0,0,6,0,1252,32,12,2,1284,14,6,0
08/01/2021,LAS ANIMAS,0,4,0,0,4,0,1256,32,12,2,1288,14,4,0
08/02/2021,LAS ANIMAS,1,0,0,0,1,0,1256,33,12,2,1289,14,1,0
08/03/2021,LAS ANIMAS,1,10,0,0,11,0,1266,34,12,2,1300,14,11,0
08/04/2021,LAS ANIMAS,0,3,0,0,3,0,1269,34,12,2,1303,14,3,0
08/05/2021,LAS ANIMAS,1,11,0,0,12,0,1280,35,12,2,1315,14,12,0
08/06/2021,LAS ANIMAS,2,6,0,0,8,0,1286,37,12,2,1323,14,8,0
08/07/2021,LAS ANIMAS,0,5,0,1,5,1,1291,37,13,2,1328,15,5,1
08/08/2021,LAS ANIMAS,0,2,0,0,2,0,1293,37,13,2,1330,15,2,0
08/09/2021,LAS ANIMAS,0,3,0,0,3,0,1296,37,13,2,1333,15,3,0
08/10/2021,LAS ANIMAS,0,7,0,0,7,0,1303,37,13,2,1340,15,7,0
08/11/2021,LAS ANIMAS,1,6,0,0,7,0,1309,38,13,2,1347,15,7,0
08/12/2021,LAS ANIMAS,0,2,0,0,2,0,1311,38,13,2,1349,15,2,0
08/13/2021,LAS ANIMAS,0,6,0,0,6,0,1317,38,13,2,1355,15,6,0
08/14/2021,LAS ANIMAS,1,3,0,0,4,0,1320,39,13,2,1359,15,4,0
08/15/2021,LAS ANIMAS,0,2,0,0,2,0,1322,39,13,2,1361,15,2,0
08/16/2021,LAS ANIMAS,1,9,0,0,10,0,1331,40,13,2,1371,15,10,0
08/17/2021,LAS ANIMAS,2,10,0,0,12,0,1341,42,13,2,1383,15,12,0
08/18/2021,LAS ANIMAS,1,8,0,0,9,0,1349,43,13,2,1392,15,9,0
08/19/2021,LAS ANIMAS,0,9,0,1,9,1,1358,43,14,2,1401,16,9,1
08/20/2021,LAS ANIMAS,0,3,0,0,3,0,1361,43,14,2,1404,16,3,0
08/21/2021,LAS ANIMAS,0,3,0,0,3,0,1364,43,14,2,1407,16,3,0
08/22/2021,LAS ANIMAS,0,6,0,0,6,0,1370,43,14,2,1413,16,6,0
08/23/2021,LAS ANIMAS,2,6,0,0,8,0,1376,45,14,2,1421,16,8,0
08/24/2021,LAS ANIMAS,0,17,0,0,17,0,1393,45,14,2,1438,16,17,0
08/25/2021,LAS ANIMAS,0,7,0,1,7,1,1400,45,15,2,1445,17,7,1
08/26/2021,LAS ANIMAS,0,5,0,0,5,0,1405,45,15,2,1450,17,5,0
08/27/2021,LAS ANIMAS,0,14,0,0,14,0,1419,45,15,2,1464,17,14,0
08/28/2021,LAS ANIMAS,0,8,0,0,8,0,1427,45,15,2,1472,17,8,0
08/29/2021,LAS ANIMAS,0,2,0,0,2,0,1429,45,15,2,1474,17,2,0
08/30/2021,LAS ANIMAS,1,15,0,2,16,2,1444,46,17,2,1490,19,16,2
08/31/2021,LAS ANIMAS,0,10,0,0,10,0,1454,46,17,2,1500,19,10,0
09/01/2021,LAS ANIMAS,0,1,0,0,1,0,1455,46,17,2,1501,19,1,0
09/02/2021,LAS ANIMAS,3,6,0,0,9,0,1461,49,17,2,1510,19,9,0
09/03/2021,LAS ANIMAS,1,15,0,0,16,0,1476,50,17,2,1526,19,16,0
09/04/2021,LAS ANIMAS,0,6,0,0,6,0,1482,50,17,2,1532,19,6,0
09/05/2021,LAS ANIMAS,1,4,0,0,5,0,1486,51,17,2,1537,19,5,0
09/06/2021,LAS ANIMAS,0,2,0,0,2,0,1488,51,17,2,1539,19,2,0
09/07/2021,LAS ANIMAS,4,9,0,1,13,1,1497,55,18,2,1552,20,13,1
09/08/2021,LAS ANIMAS,1,3,0,0,4,0,1500,56,18,2,1556,20,4,0
09/09/2021,LAS ANIMAS,0,5,0,0,5,0,1505,56,18,2,1561,20,5,0
09/10/2021,LAS ANIMAS,0,4,0,0,4,0,1509,56,18,2,1565,20,4,0
09/11/2021,LAS ANIMAS,0,2,0,0,2,0,1511,56,18,2,1567,20,2,0
09/12/2021,LAS ANIMAS,0,7,0,0,7,0,1518,56,18,2,1574,20,7,0
09/13/2021,LAS ANIMAS,0,8,0,0,8,0,1526,56,18,2,1582,20,8,0
09/14/2021,LAS ANIMAS,2,11,0,0,13,0,1537,58,18,2,1595,20,13,0
09/15/2021,LAS ANIMAS,0,3,0,0,3,0,1540,58,18,2,1598,20,3,0
09/16/2021,LAS ANIMAS,0,5,0,0,5,0,1545,58,18,2,1603,20,5,0
09/17/2021,LAS ANIMAS,0,3,0,0,3,0,1548,58,18,2,1606,20,3,0
09/18/2021,LAS ANIMAS,0,6,0,0,6,0,1554,58,18,2,1612,20,6,0
09/19/2021,LAS ANIMAS,0,1,0,0,1,0,1555,58,18,2,1613,20,1,0
09/20/2021,LAS ANIMAS,0,5,0,0,5,0,1560,58,18,2,1618,20,5,0
09/21/2021,LAS ANIMAS,0,8,0,0,8,0,1568,58,18,2,1626,20,8,0
09/22/2021,LAS ANIMAS,0,3,0,0,3,0,1571,58,18,2,1629,20,3,0
09/23/2021,LAS ANIMAS,0,6,0,0,6,0,1577,58,18,2,1635,20,6,0
09/24/2021,LAS ANIMAS,0,2,0,0,2,0,1579,58,18,2,1637,20,2,0
09/25/2021,LAS ANIMAS,0,6,0,0,6,0,1585,58,18,2,1643,20,6,0
09/26/2021,LAS ANIMAS,0,2,0,0,2,0,1587,58,18,2,1645,20,2,0
09/27/2021,LAS ANIMAS,0,1,0,0,1,0,1588,58,18,2,1646,20,1,0
09/28/2021,LAS ANIMAS,0,9,0,0,9,0,1597,58,18,2,1655,20,9,0
09/29/2021,LAS ANIMAS,1,3,0,0,4,0,1600,59,18,2,1659,20,4,0
09/30/2021,LAS ANIMAS,0,4,0,0,4,0,1604,59,18,2,1663,20,4,0
10/01/2021,LAS ANIMAS,1,2,0,0,3,0,1606,60,18,2,1666,20,3,0
10/02/2021,LAS ANIMAS,0,6,0,0,6,0,1612,60,18,2,1672,20,6,0
10/04/2021,LAS ANIMAS,0,5,0,1,5,1,1617,60,19,2,1677,21,5,1
10/05/2021,LAS ANIMAS,0,18,0,0,18,0,1635,60,19,2,1695,21,18,0
10/06/2021,LAS ANIMAS,0,6,0,0,6,0,1641,60,19,2,1701,21,6,0
10/07/2021,LAS ANIMAS,0,6,0,0,6,0,1647,60,19,2,1707,21,6,0
10/08/2021,LAS ANIMAS,0,6,0,0,6,0,1653,60,19,2,1713,21,6,0
10/09/2021,LAS ANIMAS,0,1,0,0,1,0,1654,60,19,2,1714,21,1,0
10/10/2021,LAS ANIMAS,0,4,0,0,4,0,1658,60,19,2,1718,21,4,0
10/11/2021,LAS ANIMAS,1,2,0,0,3,0,1660,61,19,2,1721,21,3,0
10/12/2021,LAS ANIMAS,1,8,0,0,9,0,1668,62,19,2,1730,21,9,0
10/13/2021,LAS ANIMAS,1,3,0,0,4,0,1671,63,19,2,1734,21,4,0
10/14/2021,LAS ANIMAS,0,3,0,0,3,0,1674,63,19,2,1737,21,3,0
10/15/2021,LAS ANIMAS,1,5,0,1,6,1,1679,64,20,2,1743,22,6,1
10/16/2021,LAS ANIMAS,0,6,0,1,6,1,1685,64,21,2,1749,23,6,1
10/17/2021,LAS ANIMAS,0,5,0,0,5,0,1690,64,21,2,1754,23,5,0
10/18/2021,LAS ANIMAS,0,6,0,0,6,0,1696,64,21,2,1760,23,6,0
10/19/2021,LAS ANIMAS,0,17,0,0,17,0,1713,64,21,2,1777,23,17,0
10/20/2021,LAS ANIMAS,0,16,0,0,16,0,1729,64,21,2,1793,23,16,0
10/21/2021,LAS ANIMAS,0,14,0,0,14,0,1743,64,21,2,1807,23,14,0
10/22/2021,LAS ANIMAS,1,4,0,0,5,0,1747,65,21,2,1812,23,5,0
10/23/2021,LAS ANIMAS,0,8,0,0,8,0,1755,65,21,2,1820,23,8,0
10/24/2021,LAS ANIMAS,0,1,0,0,1,0,1756,65,21,2,1821,23,1,0
10/25/2021,LAS ANIMAS,1,14,0,0,15,0,1770,66,21,2,1836,23,15,0
10/26/2021,LAS ANIMAS,2,21,0,0,23,0,1791,68,21,2,1859,23,23,0
10/27/2021,LAS ANIMAS,1,11,0,1,12,1,1802,69,22,2,1871,24,12,1
10/28/2021,LAS ANIMAS,0,7,0,0,7,0,1809,69,22,2,1878,24,7,0
10/29/2021,LAS ANIMAS,0,8,0,0,8,0,1817,69,22,2,1886,24,8,0
10/30/2021,LAS ANIMAS,0,9,0,0,9,0,1826,69,22,2,1895,24,9,0
10/31/2021,LAS ANIMAS,0,3,0,0,3,0,1829,69,22,2,1898,24,3,0
11/01/2021,LAS ANIMAS,2,6,0,1,8,1,1835,71,23,2,1906,25,8,1
11/02/2021,LAS ANIMAS,2,13,0,1,15,1,1848,73,24,2,1921,26,15,1
11/03/2021,LAS ANIMAS,2,4,0,0,6,0,1852,75,24,2,1927,26,6,0
11/04/2021,LAS ANIMAS,0,5,0,0,5,0,1857,75,24,2,1932,26,5,0
11/05/2021,LAS ANIMAS,1,6,0,0,7,0,1863,76,24,2,1939,26,7,0
11/06/2021,LAS ANIMAS,0,16,0,1,16,1,1879,76,25,2,1955,27,16,1
11/07/2021,LAS ANIMAS,1,6,0,0,7,0,1885,77,25,2,1962,27,7,0
11/08/2021,LAS ANIMAS,3,15,0,0,18,0,1900,80,25,2,1980,27,18,0
11/09/2021,LAS ANIMAS,0,19,0,0,19,0,1919,80,25,2,1999,27,19,0
11/10/2021,LAS ANIMAS,0,6,0,0,6,0,1925,80,25,2,2005,27,6,0
11/11/2021,LAS ANIMAS,1,13,0,0,14,0,1938,81,25,2,2019,27,14,0
11/12/2021,LAS ANIMAS,0,7,0,0,7,0,1945,81,25,2,2026,27,7,0
11/13/2021,LAS ANIMAS,0,17,0,0,17,0,1962,81,25,2,2043,27,17,0
11/15/2021,LAS ANIMAS,2,18,0,0,20,0,1980,83,25,2,2063,27,20,0
11/16/2021,LAS ANIMAS,0,26,0,0,26,0,2006,83,25,2,2089,27,26,0
11/17/2021,LAS ANIMAS,2,13,0,0,15,0,2019,85,25,2,2104,27,15,0
11/18/2021,LAS ANIMAS,1,6,0,0,7,0,2025,86,25,2,2111,27,7,0
11/19/2021,LAS ANIMAS,3,9,0,0,12,0,2034,89,25,2,2123,27,12,0
11/20/2021,LAS ANIMAS,0,5,0,0,5,0,2039,89,25,2,2128,27,5,0
11/21/2021,LAS ANIMAS,0,4,0,0,4,0,2043,89,25,2,2132,27,4,0
11/22/2021,LAS ANIMAS,0,10,0,0,10,0,2053,89,25,2,2142,27,10,0
11/23/2021,LAS ANIMAS,0,15,0,0,15,0,2068,89,25,2,2157,27,15,0
11/24/2021,LAS ANIMAS,0,10,0,1,10,1,2078,89,26,2,2167,28,10,1
11/25/2021,LAS ANIMAS,0,3,0,0,3,0,2081,89,26,2,2170,28,3,0
11/26/2021,LAS ANIMAS,1,19,0,1,20,1,2100,90,27,2,2190,29,20,1
11/27/2021,LAS ANIMAS,0,14,0,0,14,0,2114,90,27,2,2204,29,14,0
11/28/2021,LAS ANIMAS,0,7,0,0,7,0,2121,90,27,2,2211,29,7,0
11/29/2021,LAS ANIMAS,1,4,0,1,5,1,2125,91,28,2,2216,30,5,1
11/30/2021,LAS ANIMAS,0,14,0,0,14,0,2139,91,28,2,2230,30,14,0
12/01/2021,LAS ANIMAS,3,15,0,1,18,1,2154,94,29,2,2248,31,18,1
12/02/2021,LAS ANIMAS,0,9,0,1,9,1,2163,94,30,2,2257,32,9,1
12/03/2021,LAS ANIMAS,0,9,0,0,9,0,2172,94,30,2,2266,32,9,0
12/04/2021,LAS ANIMAS,0,6,0,0,6,0,2178,94,30,2,2272,32,6,0
12/05/2021,LAS ANIMAS,0,2,0,0,2,0,2180,94,30,2,2274,32,2,0
12/06/2021,LAS ANIMAS,0,8,0,0,8,0,2188,94,30,2,2282,32,8,0
12/07/2021,LAS ANIMAS,0,7,0,0,7,0,2195,94,30,2,2289,32,7,0
12/08/2021,LAS ANIMAS,0,9,0,0,9,0,2204,94,30,2,2298,32,9,0
12/09/2021,LAS ANIMAS,0,2,0,0,2,0,2206,94,30,2,2300,32,2,0
12/10/2021,LAS ANIMAS,0,3,0,0,3,0,2209,94,30,2,2303,32,3,0
12/11/2021,LAS ANIMAS,0,7,0,0,7,0,2216,94,30,2,2310,32,7,0
12/12/2021,LAS ANIMAS,0,1,0,0,1,0,2217,94,30,2,2311,32,1,0
12/13/2021,LAS ANIMAS,0,7,0,0,7,0,2224,94,30,2,2318,32,7,0
12/14/2021,LAS ANIMAS,2,2,1,0,4,1,2226,96,30,3,2322,33,4,1
12/15/2021,LAS ANIMAS,0,1,0,0,1,0,2227,96,30,3,2323,33,1,0
12/16/2021,LAS ANIMAS,0,1,0,0,1,0,2228,96,30,3,2324,33,1,0
12/17/2021,LAS ANIMAS,0,3,0,1,3,1,2231,96,31,3,2327,34,3,1
12/18/2021,LAS ANIMAS,0,3,0,0,3,0,2234,96,31,3,2330,34,3,0
12/19/2021,LAS ANIMAS,1,0,0,0,1,0,2234,97,31,3,2331,34,1,0
12/20/2021,LAS ANIMAS,0,5,0,0,5,0,2239,97,31,3,2336,34,5,0
12/21/2021,LAS ANIMAS,0,1,0,0,1,0,2240,97,31,3,2337,34,1,0
12/22/2021,LAS ANIMAS,1,5,0,0,6,0,2245,98,31,3,2343,34,6,0
12/23/2021,LAS ANIMAS,0,6,0,0,6,0,2251,98,31,3,2349,34,6,0
12/24/2021,LAS ANIMAS,0,1,0,0,1,0,2252,98,31,3,2350,34,1,0
12/27/2021,LAS ANIMAS,1,6,0,1,7,1,2258,99,32,3,2357,35,7,1
12/28/2021,LAS ANIMAS,0,14,0,0,14,0,2272,99,32,3,2371,35,14,0
12/29/2021,LAS ANIMAS,1,23,0,1,24,1,2295,100,33,3,2395,36,24,1
12/30/2021,LAS ANIMAS,0,8,0,0,8,0,2303,100,33,3,2403,36,8,0
12/31/2021,LAS ANIMAS,2,9,0,1,11,1,2312,102,34,3,2414,37,11,1
01/01/2022,LAS ANIMAS,1,1,0,0,2,0,2313,103,34,3,2416,37,2,0
01/02/2022,LAS ANIMAS,0,1,0,0,1,0,2314,103,34,3,2417,37,1,0
01/03/2022,LAS ANIMAS,5,18,0,0,23,0,2332,108,34,3,2440,37,23,0
01/04/2022,LAS ANIMAS,7,53,0,0,60,0,2385,115,34,3,2500,37,60,0
01/05/2022,LAS ANIMAS,6,29,0,0,35,0,2414,121,34,3,2535,37,35,0
01/06/2022,LAS ANIMAS,1,26,0,0,27,0,2440,122,34,3,2562,37,27,0
01/07/2022,LAS ANIMAS,1,9,0,0,10,0,2449,123,34,3,2572,37,10,0
01/08/2022,LAS ANIMAS,0,40,0,0,40,0,2489,123,34,3,2612,37,40,0
01/09/2022,LAS ANIMAS,0,1,0,0,1,0,2490,123,34,3,2613,37,1,0
01/10/2022,LAS ANIMAS,3,26,0,0,29,0,2516,126,34,3,2642,37,29,0
01/11/2022,LAS ANIMAS,1,54,0,0,55,0,2570,127,34,3,2697,37,55,0
01/12/2022,LAS ANIMAS,2,32,0,0,34,0,2602,129,34,3,2731,37,34,0
01/13/2022,LAS ANIMAS,1,30,0,1,31,1,2632,130,35,3,2762,38,31,1
01/14/2022,LAS ANIMAS,3,29,0,0,32,0,2661,133,35,3,2794,38,32,0
01/15/2022,LAS ANIMAS,0,41,0,0,41,0,2702,133,35,3,2835,38,41,0
01/16/2022,LAS ANIMAS,1,15,0,0,16,0,2717,134,35,3,2851,38,16,0
01/17/2022,LAS ANIMAS,6,28,0,0,34,0,2745,140,35,3,2885,38,34,0
01/18/2022,LAS ANIMAS,3,55,0,0,58,0,2800,143,35,3,2943,38,58,0
01/19/2022,LAS ANIMAS,2,20,0,0,22,0,2820,145,35,3,2965,38,22,0
01/20/2022,LAS ANIMAS,2,17,0,0,19,0,2837,147,35,3,2984,38,19,0
01/21/2022,LAS ANIMAS,0,14,0,0,14,0,2851,147,35,3,2998,38,14,0
01/22/2022,LAS ANIMAS,0,25,0,0,25,0,2876,147,35,3,3023,38,25,0
01/23/2022,LAS ANIMAS,0,5,0,0,5,0,2881,147,35,3,3028,38,5,0
01/24/2022,LAS ANIMAS,3,87,0,0,90,0,2968,150,35,3,3118,38,90,0
01/25/2022,LAS ANIMAS,3,30,0,0,33,0,2998,153,35,3,3151,38,33,0
01/26/2022,LAS ANIMAS,3,19,0,0,22,0,3017,156,35,3,3173,38,22,0
01/27/2022,LAS ANIMAS,4,26,0,1,30,1,3043,160,36,3,3203,39,30,1
01/28/2022,LAS ANIMAS,2,9,0,0,11,0,3052,162,36,3,3214,39,11,0
01/29/2022,LAS ANIMAS,0,14,0,0,14,0,3066,162,36,3,3228,39,14,0
01/30/2022,LAS ANIMAS,0,50,0,0,50,0,3116,162,36,3,3278,39,50,0
01/31/2022,LAS ANIMAS,1,27,0,0,28,0,3143,163,36,3,3306,39,28,0
02/01/2022,LAS ANIMAS,2,8,0,0,10,0,3151,165,36,3,3316,39,10,0
02/02/2022,LAS ANIMAS,1,19,0,0,20,0,3170,166,36,3,3336,39,20,0
02/03/2022,LAS ANIMAS,0,6,0,0,6,0,3176,166,36,3,3342,39,6,0
02/04/2022,LAS ANIMAS,0,7,0,0,7,0,3183,166,36,3,3349,39,7,0
02/05/2022,LAS ANIMAS,1,14,1,0,15,1,3197,167,36,4,3364,40,15,1
02/06/2022,LAS ANIMAS,1,7,0,0,8,0,3204,168,36,4,3372,40,8,0
02/07/2022,LAS ANIMAS,4,23,0,0,27,0,3227,172,36,4,3399,40,27,0
02/08/2022,LAS ANIMAS,0,11,0,0,11,0,3238,172,36,4,3410,40,11,0
02/09/2022,LAS ANIMAS,0,14,0,0,14,0,3252,172,36,4,3424,40,14,0
02/10/2022,LAS ANIMAS,1,5,0,0,6,0,3257,173,36,4,3430,40,6,0
02/11/2022,LAS ANIMAS,0,6,0,0,6,0,3263,173,36,4,3436,40,6,0
02/12/2022,LAS ANIMAS,1,6,0,1,7,1,3269,174,37,4,3443,41,7,1
02/13/2022,LAS ANIMAS,0,4,0,0,4,0,3273,174,37,4,3447,41,4,0
02/14/2022,LAS ANIMAS,0,8,0,0,8,0,3281,174,37,4,3455,41,8,0
02/15/2022,LAS ANIMAS,1,9,0,0,10,0,3290,175,37,4,3465,41,10,0
02/16/2022,LAS ANIMAS,0,7,0,0,7,0,3297,175,37,4,3472,41,7,0
02/17/2022,LAS ANIMAS,0,2,0,0,2,0,3299,175,37,4,3474,41,2,0
02/18/2022,LAS ANIMAS,1,2,0,0,3,0,3301,176,37,4,3477,41,3,0
02/19/2022,LAS ANIMAS,0,8,0,0,8,0,3309,176,37,4,3485,41,8,0
02/20/2022,LAS ANIMAS,0,4,0,0,4,0,3313,176,37,4,3489,41,4,0
02/21/2022,LAS ANIMAS,0,6,0,0,6,0,3319,176,37,4,3495,41,6,0
02/22/2022,LAS ANIMAS,0,4,0,0,4,0,3323,176,37,4,3499,41,4,0
02/23/2022,LAS ANIMAS,0,4,0,0,4,0,3327,176,37,4,3503,41,4,0
02/24/2022,LAS ANIMAS,1,4,0,0,5,0,3331,177,37,4,3508,41,5,0
02/25/2022,LAS ANIMAS,0,1,0,0,1,0,3332,177,37,4,3509,41,1,0
02/26/2022,LAS ANIMAS,0,2,0,0,2,0,3334,177,37,4,3511,41,2,0
02/27/2022,LAS ANIMAS,0,1,0,0,1,0,3335,177,37,4,3512,41,1,0
02/28/2022,LAS ANIMAS,3,3,0,0,6,0,3338,180,37,4,3518,41,6,0
03/01/2022,LAS ANIMAS,0,6,0,0,6,0,3344,180,37,4,3524,41,6,0
03/03/2022,LAS ANIMAS,0,1,0,0,1,0,3345,180,37,4,3525,41,1,0
03/05/2022,LAS ANIMAS,0,2,0,0,2,0,3347,180,37,4,3527,41,2,0
03/08/2022,LAS ANIMAS,0,3,0,0,3,0,3350,180,37,4,3530,41,3,0
03/09/2022,LAS ANIMAS,0,1,0,0,1,0,3351,180,37,4,3531,41,1,0
03/10/2022,LAS ANIMAS,0,1,0,0,1,0,3352,180,37,4,3532,41,1,0
03/12/2022,LAS ANIMAS,0,1,0,0,1,0,3353,180,37,4,3533,41,1,0
03/14/2022,LAS ANIMAS,0,1,0,0,1,0,3354,180,37,4,3534,41,1,0
03/16/2022,LAS ANIMAS,0,1,0,0,1,0,3355,180,37,4,3535,41,1,0
03/18/2022,LAS ANIMAS,0,1,0,0,1,0,3356,180,37,4,3536,41,1,0
03/20/2022,LAS ANIMAS,0,4,0,0,4,0,3360,180,37,4,3540,41,4,0
03/26/2020,LINCOLN,0,1,0,0,1,0,1,0,0,0,1,0,-3539,-41
04/12/2020,LINCOLN,0,1,0,0,1,0,2,0,0,0,2,0,1,0
04/16/2020,LINCOLN,0,1,0,0,1,0,3,0,0,0,3,0,1,0
06/20/2020,LINCOLN,0,1,0,0,1,0,4,0,0,0,4,0,1,0
07/09/2020,LINCOLN,0,1,0,0,1,0,5,0,0,0,5,0,1,0
07/16/2020,LINCOLN,0,1,0,0,1,0,6,0,0,0,6,0,1,0
08/04/2020,LINCOLN,0,1,0,0,1,0,7,0,0,0,7,0,1,0
08/05/2020,LINCOLN,0,1,0,0,1,0,8,0,0,0,8,0,1,0
09/24/2020,LINCOLN,0,1,0,0,1,0,9,0,0,0,9,0,1,0
09/25/2020,LINCOLN,0,1,0,0,1,0,10,0,0,0,10,0,1,0
09/29/2020,LINCOLN,0,1,0,0,1,0,11,0,0,0,11,0,1,0
09/30/2020,LINCOLN,0,2,0,0,2,0,13,0,0,0,13,0,2,0
10/02/2020,LINCOLN,0,3,0,0,3,0,16,0,0,0,16,0,3,0
10/03/2020,LINCOLN,0,4,0,0,4,0,20,0,0,0,20,0,4,0
10/04/2020,LINCOLN,0,1,0,0,1,0,21,0,0,0,21,0,1,0
10/05/2020,LINCOLN,0,1,0,0,1,0,22,0,0,0,22,0,1,0
10/06/2020,LINCOLN,0,2,0,0,2,0,24,0,0,0,24,0,2,0
10/24/2020,LINCOLN,1,0,0,0,1,0,24,1,0,0,25,0,1,0
10/26/2020,LINCOLN,0,1,0,0,1,0,25,1,0,0,26,0,1,0
11/05/2020,LINCOLN,24,0,0,0,24,0,25,25,0,0,50,0,24,0
11/06/2020,LINCOLN,0,2,0,0,2,0,27,25,0,0,52,0,2,0
11/07/2020,LINCOLN,0,4,0,0,4,0,31,25,0,0,56,0,4,0
11/08/2020,LINCOLN,0,6,0,0,6,0,37,25,0,0,62,0,6,0
11/09/2020,LINCOLN,0,4,0,0,4,0,41,25,0,0,66,0,4,0
11/11/2020,LINCOLN,1,1,0,0,2,0,42,26,0,0,68,0,2,0
11/12/2020,LINCOLN,0,13,0,0,13,0,55,26,0,0,81,0,13,0
11/13/2020,LINCOLN,11,6,0,0,17,0,61,37,0,0,98,0,17,0
11/14/2020,LINCOLN,0,1,0,0,1,0,62,37,0,0,99,0,1,0
11/15/2020,LINCOLN,0,3,0,0,3,0,65,37,0,0,102,0,3,0
11/17/2020,LINCOLN,0,3,0,0,3,0,68,37,0,0,105,0,3,0
11/18/2020,LINCOLN,0,1,0,0,1,0,69,37,0,0,106,0,1,0
11/19/2020,LINCOLN,0,8,0,0,8,0,77,37,0,0,114,0,8,0
11/20/2020,LINCOLN,0,8,0,0,8,0,85,37,0,0,122,0,8,0
11/22/2020,LINCOLN,0,1,0,0,1,0,86,37,0,0,123,0,1,0
11/24/2020,LINCOLN,1,2,0,0,3,0,88,38,0,0,126,0,3,0
11/25/2020,LINCOLN,0,11,0,1,11,1,99,38,1,0,137,1,11,1
11/26/2020,LINCOLN,0,5,0,0,5,0,104,38,1,0,142,1,5,0
11/27/2020,LINCOLN,0,2,0,0,2,0,106,38,1,0,144,1,2,0
11/28/2020,LINCOLN,0,3,0,0,3,0,109,38,1,0,147,1,3,0
11/29/2020,LINCOLN,2,4,0,1,6,1,113,40,2,0,153,2,6,1
11/30/2020,LINCOLN,4,1,0,0,5,0,114,44,2,0,158,2,5,0
12/01/2020,LINCOLN,1,390,0,0,391,0,504,45,2,0,549,2,391,0
12/02/2020,LINCOLN,1,16,0,0,17,0,520,46,2,0,566,2,17,0
12/03/2020,LINCOLN,0,4,0,0,4,0,524,46,2,0,570,2,4,0
12/04/2020,LINCOLN,2,2,0,0,4,0,526,48,2,0,574,2,4,0
12/05/2020,LINCOLN,0,2,0,0,2,0,528,48,2,0,576,2,2,0
12/06/2020,LINCOLN,0,3,0,0,3,0,531,48,2,0,579,2,3,0
12/07/2020,LINCOLN,0,2,0,0,2,0,533,48,2,0,581,2,2,0
12/08/2020,LINCOLN,0,5,0,0,5,0,538,48,2,0,586,2,5,0
12/09/2020,LINCOLN,0,105,0,0,105,0,643,48,2,0,691,2,105,0
12/10/2020,LINCOLN,0,11,0,0,11,0,654,48,2,0,702,2,11,0
12/11/2020,LINCOLN,1,2,0,0,3,0,656,49,2,0,705,2,3,0
12/12/2020,LINCOLN,0,1,0,0,1,0,657,49,2,0,706,2,1,0
12/15/2020,LINCOLN,0,1,0,0,1,0,658,49,2,0,707,2,1,0
12/16/2020,LINCOLN,0,40,0,0,40,0,698,49,2,0,747,2,40,0
12/17/2020,LINCOLN,0,2,0,0,2,0,700,49,2,0,749,2,2,0
12/18/2020,LINCOLN,3,4,0,0,7,0,704,52,2,0,756,2,7,0
12/21/2020,LINCOLN,3,1,1,0,4,1,705,55,2,1,760,3,4,1
12/23/2020,LINCOLN,0,17,0,0,17,0,722,55,2,1,777,3,17,0
12/24/2020,LINCOLN,0,2,0,0,2,0,724,55,2,1,779,3,2,0
12/25/2020,LINCOLN,0,1,0,0,1,0,725,55,2,1,780,3,1,0
12/27/2020,LINCOLN,0,1,0,0,1,0,726,55,2,1,781,3,1,0
12/29/2020,LINCOLN,0,1,0,0,1,0,727,55,2,1,782,3,1,0
12/30/2020,LINCOLN,0,16,0,0,16,0,743,55,2,1,798,3,16,0
01/02/2021,LINCOLN,0,3,0,0,3,0,746,55,2,1,801,3,3,0
01/04/2021,LINCOLN,0,2,0,0,2,0,748,55,2,1,803,3,2,0
01/07/2021,LINCOLN,0,1,0,0,1,0,749,55,2,1,804,3,1,0
01/08/2021,LINCOLN,0,10,0,0,10,0,759,55,2,1,814,3,10,0
01/09/2021,LINCOLN,0,1,0,0,1,0,760,55,2,1,815,3,1,0
01/11/2021,LINCOLN,0,2,0,0,2,0,762,55,2,1,817,3,2,0
01/13/2021,LINCOLN,0,4,0,0,4,0,766,55,2,1,821,3,4,0
01/15/2021,LINCOLN,0,33,0,1,33,1,799,55,3,1,854,4,33,1
01/22/2021,LINCOLN,0,49,0,0,49,0,848,55,3,1,903,4,49,0
01/23/2021,LINCOLN,0,1,0,0,1,0,849,55,3,1,904,4,1,0
01/25/2021,LINCOLN,2,0,0,0,2,0,849,57,3,1,906,4,2,0
01/26/2021,LINCOLN,0,2,0,0,2,0,851,57,3,1,908,4,2,0
01/29/2021,LINCOLN,0,65,0,0,65,0,916,57,3,1,973,4,65,0
01/30/2021,LINCOLN,0,2,0,0,2,0,918,57,3,1,975,4,2,0
02/03/2021,LINCOLN,0,1,0,0,1,0,919,57,3,1,976,4,1,0
02/04/2021,LINCOLN,0,8,0,0,8,0,927,57,3,1,984,4,8,0
02/10/2021,LINCOLN,0,2,0,0,2,0,929,57,3,1,986,4,2,0
02/11/2021,LINCOLN,0,1,0,0,1,0,930,57,3,1,987,4,1,0
02/12/2021,LINCOLN,0,2,0,0,2,0,932,57,3,1,989,4,2,0
02/13/2021,LINCOLN,0,1,0,0,1,0,933,57,3,1,990,4,1,0
02/17/2021,LINCOLN,2,0,0,0,2,0,933,59,3,1,992,4,2,0
02/18/2021,LINCOLN,0,1,0,0,1,0,934,59,3,1,993,4,1,0
02/19/2021,LINCOLN,3,4,0,0,7,0,938,62,3,1,1000,4,7,0
03/10/2021,LINCOLN,0,2,0,0,2,0,940,62,3,1,1002,4,2,0
03/14/2021,LINCOLN,0,1,0,0,1,0,941,62,3,1,1003,4,1,0
03/22/2021,LINCOLN,1,1,0,0,2,0,942,63,3,1,1005,4,2,0
03/30/2021,LINCOLN,1,0,0,0,1,0,942,64,3,1,1006,4,1,0
04/01/2021,LINCOLN,0,2,0,0,2,0,944,64,3,1,1008,4,2,0
04/03/2021,LINCOLN,0,1,0,0,1,0,945,64,3,1,1009,4,1,0
04/06/2021,LINCOLN,0,1,0,0,1,0,946,64,3,1,1010,4,1,0
04/12/2021,LINCOLN,0,1,0,0,1,0,947,64,3,1,1011,4,1,0
04/14/2021,LINCOLN,0,2,0,0,2,0,949,64,3,1,1013,4,2,0
04/18/2021,LINCOLN,0,2,0,0,2,0,951,64,3,1,1015,4,2,0
04/24/2021,LINCOLN,0,1,0,0,1,0,952,64,3,1,1016,4,1,0
04/26/2021,LINCOLN,1,0,0,0,1,0,952,65,3,1,1017,4,1,0
04/27/2021,LINCOLN,2,1,0,0,3,0,953,67,3,1,1020,4,3,0
04/29/2021,LINCOLN,1,0,0,0,1,0,953,68,3,1,1021,4,1,0
04/30/2021,LINCOLN,0,2,0,0,2,0,955,68,3,1,1023,4,2,0
05/01/2021,LINCOLN,0,1,0,0,1,0,956,68,3,1,1024,4,1,0
05/03/2021,LINCOLN,1,0,0,0,1,0,956,69,3,1,1025,4,1,0
05/04/2021,LINCOLN,0,1,0,0,1,0,957,69,3,1,1026,4,1,0
05/06/2021,LINCOLN,0,1,0,0,1,0,958,69,3,1,1027,4,1,0
05/10/2021,LINCOLN,0,1,0,0,1,0,959,69,3,1,1028,4,1,0
05/14/2021,LINCOLN,0,1,0,0,1,0,960,69,3,1,1029,4,1,0
05/19/2021,LINCOLN,0,1,0,0,1,0,961,69,3,1,1030,4,1,0
06/07/2021,LINCOLN,2,0,0,0,2,0,961,71,3,1,1032,4,2,0
06/22/2021,LINCOLN,1,0,0,0,1,0,961,72,3,1,1033,4,1,0
06/28/2021,LINCOLN,1,1,0,0,2,0,962,73,3,1,1035,4,2,0
07/02/2021,LINCOLN,0,1,0,0,1,0,963,73,3,1,1036,4,1,0
07/07/2021,LINCOLN,0,1,0,0,1,0,964,73,3,1,1037,4,1,0
07/16/2021,LINCOLN,0,4,0,0,4,0,968,73,3,1,1041,4,4,0
07/22/2021,LINCOLN,1,0,0,0,1,0,968,74,3,1,1042,4,1,0
07/23/2021,LINCOLN,0,1,0,0,1,0,969,74,3,1,1043,4,1,0
07/28/2021,LINCOLN,0,1,0,0,1,0,970,74,3,1,1044,4,1,0
07/29/2021,LINCOLN,0,1,0,0,1,0,971,74,3,1,1045,4,1,0
07/30/2021,LINCOLN,1,0,0,0,1,0,971,75,3,1,1046,4,1,0
07/31/2021,LINCOLN,0,1,0,0,1,0,972,75,3,1,1047,4,1,0
08/01/2021,LINCOLN,0,2,0,0,2,0,974,75,3,1,1049,4,2,0
08/02/2021,LINCOLN,1,0,0,0,1,0,974,76,3,1,1050,4,1,0
08/05/2021,LINCOLN,0,2,0,0,2,0,976,76,3,1,1052,4,2,0
08/06/2021,LINCOLN,3,0,0,0,3,0,976,79,3,1,1055,4,3,0
08/08/2021,LINCOLN,1,0,0,0,1,0,976,80,3,1,1056,4,1,0
08/09/2021,LINCOLN,3,0,0,0,3,0,976,83,3,1,1059,4,3,0
08/10/2021,LINCOLN,1,0,0,0,1,0,976,84,3,1,1060,4,1,0
08/11/2021,LINCOLN,1,0,0,0,1,0,976,85,3,1,1061,4,1,0
08/13/2021,LINCOLN,1,0,1,0,1,1,976,86,3,2,1062,5,1,1
08/14/2021,LINCOLN,2,0,0,0,2,0,976,88,3,2,1064,5,2,0
08/16/2021,LINCOLN,2,1,0,0,3,0,977,90,3,2,1067,5,3,0
08/18/2021,LINCOLN,2,3,0,0,5,0,980,92,3,2,1072,5,5,0
08/19/2021,LINCOLN,1,1,1,0,2,1,981,93,3,3,1074,6,2,1
08/20/2021,LINCOLN,2,2,0,0,4,0,983,95,3,3,1078,6,4,0
08/23/2021,LINCOLN,1,1,0,0,2,0,984,96,3,3,1080,6,2,0
08/24/2021,LINCOLN,1,1,0,0,2,0,985,97,3,3,1082,6,2,0
08/25/2021,LINCOLN,2,1,0,0,3,0,986,99,3,3,1085,6,3,0
08/26/2021,LINCOLN,1,1,0,0,2,0,987,100,3,3,1087,6,2,0
08/27/2021,LINCOLN,0,1,0,0,1,0,988,100,3,3,1088,6,1,0
08/28/2021,LINCOLN,0,1,0,0,1,0,989,100,3,3,1089,6,1,0
08/30/2021,LINCOLN,0,1,0,0,1,0,990,100,3,3,1090,6,1,0
08/31/2021,LINCOLN,0,2,0,0,2,0,992,100,3,3,1092,6,2,0
09/01/2021,LINCOLN,22,1,0,0,23,0,993,122,3,3,1115,6,23,0
09/02/2021,LINCOLN,5,0,0,0,5,0,993,127,3,3,1120,6,5,0
09/03/2021,LINCOLN,4,0,0,0,4,0,993,131,3,3,1124,6,4,0
09/04/2021,LINCOLN,3,0,0,0,3,0,993,134,3,3,1127,6,3,0
09/05/2021,LINCOLN,0,1,0,0,1,0,994,134,3,3,1128,6,1,0
09/06/2021,LINCOLN,9,0,0,0,9,0,994,143,3,3,1137,6,9,0
09/07/2021,LINCOLN,6,0,0,0,6,0,994,149,3,3,1143,6,6,0
09/08/2021,LINCOLN,0,3,0,1,3,1,997,149,4,3,1146,7,3,1
09/10/2021,LINCOLN,0,7,0,0,7,0,1004,149,4,3,1153,7,7,0
09/11/2021,LINCOLN,2,0,0,0,2,0,1004,151,4,3,1155,7,2,0
09/13/2021,LINCOLN,13,0,0,0,13,0,1004,164,4,3,1168,7,13,0
09/14/2021,LINCOLN,3,0,0,0,3,0,1004,167,4,3,1171,7,3,0
09/15/2021,LINCOLN,4,2,0,0,6,0,1006,171,4,3,1177,7,6,0
09/16/2021,LINCOLN,1,1,0,0,2,0,1007,172,4,3,1179,7,2,0
09/17/2021,LINCOLN,0,1,0,0,1,0,1008,172,4,3,1180,7,1,0
09/19/2021,LINCOLN,0,1,0,0,1,0,1009,172,4,3,1181,7,1,0
09/20/2021,LINCOLN,8,1,0,0,9,0,1010,180,4,3,1190,7,9,0
09/21/2021,LINCOLN,3,0,0,0,3,0,1010,183,4,3,1193,7,3,0
09/22/2021,LINCOLN,1,1,0,0,2,0,1011,184,4,3,1195,7,2,0
09/23/2021,LINCOLN,0,4,0,0,4,0,1015,184,4,3,1199,7,4,0
09/24/2021,LINCOLN,1,2,0,0,3,0,1017,185,4,3,1202,7,3,0
09/26/2021,LINCOLN,0,1,0,0,1,0,1018,185,4,3,1203,7,1,0
09/27/2021,LINCOLN,5,1,0,0,6,0,1019,190,4,3,1209,7,6,0
09/28/2021,LINCOLN,9,0,1,0,9,1,1019,199,4,4,1218,8,9,1
09/29/2021,LINCOLN,3,0,0,0,3,0,1019,202,4,4,1221,8,3,0
09/30/2021,LINCOLN,9,5,0,0,14,0,1024,211,4,4,1235,8,14,0
10/01/2021,LINCOLN,0,1,0,0,1,0,1025,211,4,4,1236,8,1,0
10/03/2021,LINCOLN,0,1,0,0,1,0,1026,211,4,4,1237,8,1,0
10/04/2021,LINCOLN,12,1,0,0,13,0,1027,223,4,4,1250,8,13,0
10/05/2021,LINCOLN,1,0,0,0,1,0,1027,224,4,4,1251,8,1,0
10/06/2021,LINCOLN,0,1,0,0,1,0,1028,224,4,4,1252,8,1,0
10/07/2021,LINCOLN,1,7,0,0,8,0,1035,225,4,4,1260,8,8,0
10/08/2021,LINCOLN,1,0,0,0,1,0,1035,226,4,4,1261,8,1,0
10/09/2021,LINCOLN,0,2,0,0,2,0,1037,226,4,4,1263,8,2,0
10/10/2021,LINCOLN,9,1,0,0,10,0,1038,235,4,4,1273,8,10,0
10/12/2021,LINCOLN,2,1,0,0,3,0,1039,237,4,4,1276,8,3,0
10/13/2021,LINCOLN,1,1,0,0,2,0,1040,238,4,4,1278,8,2,0
10/14/2021,LINCOLN,5,3,0,0,8,0,1043,243,4,4,1286,8,8,0
10/15/2021,LINCOLN,3,4,0,0,7,0,1047,246,4,4,1293,8,7,0
10/16/2021,LINCOLN,0,2,0,0,2,0,1049,246,4,4,1295,8,2,0
10/17/2021,LINCOLN,1,2,0,0,3,0,1051,247,4,4,1298,8,3,0
10/18/2021,LINCOLN,3,0,0,0,3,0,1051,250,4,4,1301,8,3,0
10/19/2021,LINCOLN,2,1,0,0,3,0,1052,252,4,4,1304,8,3,0
10/20/2021,LINCOLN,1,2,0,0,3,0,1054,253,4,4,1307,8,3,0
10/21/2021,LINCOLN,0,4,0,0,4,0,1058,253,4,4,1311,8,4,0
10/24/2021,LINCOLN,0,1,0,0,1,0,1059,253,4,4,1312,8,1,0
10/25/2021,LINCOLN,5,2,0,0,7,0,1061,258,4,4,1319,8,7,0
10/27/2021,LINCOLN,1,1,0,0,2,0,1062,259,4,4,1321,8,2,0
10/28/2021,LINCOLN,0,2,0,0,2,0,1064,259,4,4,1323,8,2,0
10/29/2021,LINCOLN,4,2,0,0,6,0,1066,263,4,4,1329,8,6,0
11/01/2021,LINCOLN,2,1,0,0,3,0,1067,265,4,4,1332,8,3,0
11/02/2021,LINCOLN,0,1,0,0,1,0,1068,265,4,4,1333,8,1,0
11/05/2021,LINCOLN,0,1,0,0,1,0,1069,265,4,4,1334,8,1,0
11/07/2021,LINCOLN,0,2,0,0,2,0,1071,265,4,4,1336,8,2,0
11/10/2021,LINCOLN,0,1,0,0,1,0,1072,265,4,4,1337,8,1,0
11/11/2021,LINCOLN,1,0,0,0,1,0,1072,266,4,4,1338,8,1,0
11/12/2021,LINCOLN,1,0,0,0,1,0,1072,267,4,4,1339,8,1,0
11/13/2021,LINCOLN,2,0,0,0,2,0,1072,269,4,4,1341,8,2,0
11/14/2021,LINCOLN,0,2,0,0,2,0,1074,269,4,4,1343,8,2,0
11/15/2021,LINCOLN,1,0,0,0,1,0,1074,270,4,4,1344,8,1,0
11/16/2021,LINCOLN,2,6,0,0,8,0,1080,272,4,4,1352,8,8,0
11/20/2021,LINCOLN,1,1,0,0,2,0,1081,273,4,4,1354,8,2,0
11/22/2021,LINCOLN,3,1,0,0,4,0,1082,276,4,4,1358,8,4,0
11/23/2021,LINCOLN,1,4,0,0,5,0,1086,277,4,4,1363,8,5,0
11/26/2021,LINCOLN,0,1,0,0,1,0,1087,277,4,4,1364,8,1,0
11/27/2021,LINCOLN,0,2,0,0,2,0,1089,277,4,4,1366,8,2,0
11/28/2021,LINCOLN,10,3,0,0,13,0,1092,287,4,4,1379,8,13,0
11/29/2021,LINCOLN,0,1,0,0,1,0,1093,287,4,4,1380,8,1,0
11/30/2021,LINCOLN,0,3,0,0,3,0,1096,287,4,4,1383,8,3,0
12/01/2021,LINCOLN,0,1,0,0,1,0,1097,287,4,4,1384,8,1,0
12/02/2021,LINCOLN,3,2,0,0,5,0,1099,290,4,4,1389,8,5,0
12/03/2021,LINCOLN,3,1,0,0,4,0,1100,293,4,4,1393,8,4,0
12/06/2021,LINCOLN,8,3,0,0,11,0,1103,301,4,4,1404,8,11,0
12/07/2021,LINCOLN,0,4,0,1,4,1,1107,301,5,4,1408,9,4,1
12/08/2021,LINCOLN,2,0,0,0,2,0,1107,303,5,4,1410,9,2,0
12/09/2021,LINCOLN,0,2,0,0,2,0,1109,303,5,4,1412,9,2,0
12/10/2021,LINCOLN,0,1,0,0,1,0,1110,303,5,4,1413,9,1,0
12/11/2021,LINCOLN,1,1,0,0,2,0,1111,304,5,4,1415,9,2,0
12/14/2021,LINCOLN,0,1,0,0,1,0,1112,304,5,4,1416,9,1,0
12/16/2021,LINCOLN,0,1,0,0,1,0,1113,304,5,4,1417,9,1,0
12/19/2021,LINCOLN,6,0,0,0,6,0,1113,310,5,4,1423,9,6,0
12/20/2021,LINCOLN,1,0,0,0,1,0,1113,311,5,4,1424,9,1,0
12/21/2021,LINCOLN,2,1,0,0,3,0,1114,313,5,4,1427,9,3,0
12/23/2021,LINCOLN,0,2,0,0,2,0,1116,313,5,4,1429,9,2,0
12/24/2021,LINCOLN,0,4,0,0,4,0,1120,313,5,4,1433,9,4,0
12/28/2021,LINCOLN,2,2,0,0,4,0,1122,315,5,4,1437,9,4,0
12/30/2021,LINCOLN,0,3,0,0,3,0,1125,315,5,4,1440,9,3,0
12/31/2021,LINCOLN,1,3,0,0,4,0,1128,316,5,4,1444,9,4,0
01/01/2022,LINCOLN,2,4,0,0,6,0,1132,318,5,4,1450,9,6,0
01/02/2022,LINCOLN,0,2,0,0,2,0,1134,318,5,4,1452,9,2,0
01/03/2022,LINCOLN,7,1,0,0,8,0,1135,325,5,4,1460,9,8,0
01/04/2022,LINCOLN,2,17,0,0,19,0,1152,327,5,4,1479,9,19,0
01/05/2022,LINCOLN,0,8,0,0,8,0,1160,327,5,4,1487,9,8,0
01/06/2022,LINCOLN,0,10,0,0,10,0,1170,327,5,4,1497,9,10,0
01/07/2022,LINCOLN,0,1,0,0,1,0,1171,327,5,4,1498,9,1,0
01/08/2022,LINCOLN,0,7,0,0,7,0,1178,327,5,4,1505,9,7,0
01/10/2022,LINCOLN,13,116,0,0,129,0,1294,340,5,4,1634,9,129,0
01/11/2022,LINCOLN,4,12,0,0,16,0,1306,344,5,4,1650,9,16,0
01/12/2022,LINCOLN,5,2,0,0,7,0,1308,349,5,4,1657,9,7,0
01/13/2022,LINCOLN,1,15,0,0,16,0,1323,350,5,4,1673,9,16,0
01/14/2022,LINCOLN,0,1,0,0,1,0,1324,350,5,4,1674,9,1,0
01/15/2022,LINCOLN,0,3,0,0,3,0,1327,350,5,4,1677,9,3,0
01/16/2022,LINCOLN,0,8,0,0,8,0,1335,350,5,4,1685,9,8,0
01/17/2022,LINCOLN,3,3,0,0,6,0,1338,353,5,4,1691,9,6,0
01/18/2022,LINCOLN,6,22,0,0,28,0,1360,359,5,4,1719,9,28,0
01/19/2022,LINCOLN,2,93,0,0,95,0,1453,361,5,4,1814,9,95,0
01/20/2022,LINCOLN,5,5,0,0,10,0,1458,366,5,4,1824,9,10,0
01/21/2022,LINCOLN,1,1,0,0,2,0,1459,367,5,4,1826,9,2,0
01/22/2022,LINCOLN,0,2,0,0,2,0,1461,367,5,4,1828,9,2,0
01/23/2022,LINCOLN,0,1,0,0,1,0,1462,367,5,4,1829,9,1,0
01/24/2022,LINCOLN,23,4,0,0,27,0,1466,390,5,4,1856,9,27,0
01/25/2022,LINCOLN,1,61,0,0,62,0,1527,391,5,4,1918,9,62,0
01/26/2022,LINCOLN,2,20,0,0,22,0,1547,393,5,4,1940,9,22,0
01/27/2022,LINCOLN,1,3,0,0,4,0,1550,394,5,4,1944,9,4,0
01/28/2022,LINCOLN,0,4,0,0,4,0,1554,394,5,4,1948,9,4,0
01/31/2022,LINCOLN,1,4,0,0,5,0,1558,395,5,4,1953,9,5,0
02/01/2022,LINCOLN,9,68,0,0,77,0,1626,404,5,4,2030,9,77,0
02/02/2022,LINCOLN,0,1,0,0,1,0,1627,404,5,4,2031,9,1,0
02/03/2022,LINCOLN,2,3,0,0,5,0,1630,406,5,4,2036,9,5,0
02/04/2022,LINCOLN,0,1,0,0,1,0,1631,406,5,4,2037,9,1,0
02/05/2022,LINCOLN,0,2,0,0,2,0,1633,406,5,4,2039,9,2,0
02/06/2022,LINCOLN,0,1,0,0,1,0,1634,406,5,4,2040,9,1,0
02/07/2022,LINCOLN,1,37,0,0,38,0,1671,407,5,4,2078,9,38,0
02/08/2022,LINCOLN,5,0,0,0,5,0,1671,412,5,4,2083,9,5,0
02/09/2022,LINCOLN,1,0,0,0,1,0,1671,413,5,4,2084,9,1,0
02/10/2022,LINCOLN,3,2,0,0,5,0,1673,416,5,4,2089,9,5,0
02/11/2022,LINCOLN,2,4,0,0,6,0,1677,418,5,4,2095,9,6,0
02/12/2022,LINCOLN,0,1,0,0,1,0,1678,418,5,4,2096,9,1,0
02/14/2022,LINCOLN,1,0,0,0,1,0,1678,419,5,4,2097,9,1,0
02/15/2022,LINCOLN,0,2,0,0,2,0,1680,419,5,4,2099,9,2,0
02/22/2022,LINCOLN,2,2,0,0,4,0,1682,421,5,4,2103,9,4,0
02/25/2022,LINCOLN,0,2,0,0,2,0,1684,421,5,4,2105,9,2,0
03/01/2022,LINCOLN,0,1,0,0,1,0,1685,421,5,4,2106,9,1,0
03/09/2022,LINCOLN,0,1,0,0,1,0,1686,421,5,4,2107,9,1,0
03/14/2022,LINCOLN,0,1,0,0,1,0,1687,421,5,4,2108,9,1,0
03/22/2020,LOGAN,0,2,0,1,2,1,2,0,1,0,2,1,-2106,-8
03/26/2020,LOGAN,0,1,0,0,1,0,3,0,1,0,3,1,1,0
03/27/2020,LOGAN,0,2,0,0,2,0,5,0,1,0,5,1,2,0
03/30/2020,LOGAN,0,1,0,0,1,0,6,0,1,0,6,1,1,0
04/01/2020,LOGAN,0,1,0,0,1,0,7,0,1,0,7,1,1,0
04/03/2020,LOGAN,0,1,0,0,1,0,8,0,1,0,8,1,1,0
04/05/2020,LOGAN,0,2,0,1,2,1,10,0,2,0,10,2,2,1
04/06/2020,LOGAN,2,1,0,0,3,0,11,2,2,0,13,2,3,0
04/14/2020,LOGAN,0,2,0,0,2,0,13,2,2,0,15,2,2,0
04/15/2020,LOGAN,0,1,0,0,1,0,14,2,2,0,16,2,1,0
04/19/2020,LOGAN,0,5,0,0,5,0,19,2,2,0,21,2,5,0
04/20/2020,LOGAN,0,1,0,0,1,0,20,2,2,0,22,2,1,0
04/21/2020,LOGAN,0,1,0,0,1,0,21,2,2,0,23,2,1,0
04/23/2020,LOGAN,0,7,0,0,7,0,28,2,2,0,30,2,7,0
04/24/2020,LOGAN,0,182,0,4,182,4,210,2,6,0,212,6,182,4
04/25/2020,LOGAN,0,36,0,1,36,1,246,2,7,0,248,7,36,1
04/26/2020,LOGAN,0,11,0,0,11,0,257,2,7,0,259,7,11,0
04/27/2020,LOGAN,0,6,0,0,6,0,263,2,7,0,265,7,6,0
04/28/2020,LOGAN,0,4,0,0,4,0,267,2,7,0,269,7,4,0
04/29/2020,LOGAN,0,11,0,1,11,1,278,2,8,0,280,8,11,1
05/01/2020,LOGAN,0,6,0,0,6,0,284,2,8,0,286,8,6,0
05/02/2020,LOGAN,0,2,0,0,2,0,286,2,8,0,288,8,2,0
05/04/2020,LOGAN,0,1,0,0,1,0,287,2,8,0,289,8,1,0
05/05/2020,LOGAN,0,3,0,0,3,0,290,2,8,0,292,8,3,0
05/06/2020,LOGAN,0,24,0,0,24,0,314,2,8,0,316,8,24,0
05/07/2020,LOGAN,0,32,0,0,32,0,346,2,8,0,348,8,32,0
05/08/2020,LOGAN,0,62,0,4,62,4,408,2,12,0,410,12,62,4
05/09/2020,LOGAN,0,54,0,0,54,0,462,2,12,0,464,12,54,0
05/10/2020,LOGAN,0,1,0,0,1,0,463,2,12,0,465,12,1,0
05/11/2020,LOGAN,0,8,0,0,8,0,471,2,12,0,473,12,8,0
05/12/2020,LOGAN,0,7,0,0,7,0,478,2,12,0,480,12,7,0
05/13/2020,LOGAN,2,1,0,0,3,0,479,4,12,0,483,12,3,0
05/15/2020,LOGAN,0,2,0,0,2,0,481,4,12,0,485,12,2,0
05/16/2020,LOGAN,0,2,0,0,2,0,483,4,12,0,487,12,2,0
05/19/2020,LOGAN,0,1,0,0,1,0,484,4,12,0,488,12,1,0
05/20/2020,LOGAN,0,2,0,0,2,0,486,4,12,0,490,12,2,0
05/21/2020,LOGAN,0,2,0,0,2,0,488,4,12,0,492,12,2,0
05/22/2020,LOGAN,0,2,0,0,2,0,490,4,12,0,494,12,2,0
05/23/2020,LOGAN,0,88,0,0,88,0,578,4,12,0,582,12,88,0
05/27/2020,LOGAN,0,9,0,0,9,0,587,4,12,0,591,12,9,0
05/28/2020,LOGAN,0,14,0,0,14,0,601,4,12,0,605,12,14,0
05/29/2020,LOGAN,0,2,0,0,2,0,603,4,12,0,607,12,2,0
05/30/2020,LOGAN,0,12,0,0,12,0,615,4,12,0,619,12,12,0
05/31/2020,LOGAN,0,2,0,0,2,0,617,4,12,0,621,12,2,0
06/01/2020,LOGAN,0,2,0,1,2,1,619,4,13,0,623,13,2,1
06/02/2020,LOGAN,0,1,0,0,1,0,620,4,13,0,624,13,1,0
06/03/2020,LOGAN,0,4,0,1,4,1,624,4,14,0,628,14,4,1
06/04/2020,LOGAN,0,2,0,0,2,0,626,4,14,0,630,14,2,0
06/05/2020,LOGAN,0,2,0,0,2,0,628,4,14,0,632,14,2,0
06/06/2020,LOGAN,0,1,0,0,1,0,629,4,14,0,633,14,1,0
06/10/2020,LOGAN,0,1,0,0,1,0,630,4,14,0,634,14,1,0
06/13/2020,LOGAN,0,1,0,0,1,0,631,4,14,0,635,14,1,0
06/16/2020,LOGAN,0,1,0,0,1,0,632,4,14,0,636,14,1,0
06/18/2020,LOGAN,0,1,0,0,1,0,633,4,14,0,637,14,1,0
06/25/2020,LOGAN,0,1,0,0,1,0,634,4,14,0,638,14,1,0
06/27/2020,LOGAN,0,1,0,0,1,0,635,4,14,0,639,14,1,0
06/29/2020,LOGAN,0,1,0,0,1,0,636,4,14,0,640,14,1,0
07/01/2020,LOGAN,0,1,0,0,1,0,637,4,14,0,641,14,1,0
07/03/2020,LOGAN,0,2,0,0,2,0,639,4,14,0,643,14,2,0
07/08/2020,LOGAN,0,1,0,0,1,0,640,4,14,0,644,14,1,0
07/16/2020,LOGAN,0,1,0,0,1,0,641,4,14,0,645,14,1,0
07/19/2020,LOGAN,0,1,0,0,1,0,642,4,14,0,646,14,1,0
07/24/2020,LOGAN,0,2,0,0,2,0,644,4,14,0,648,14,2,0
07/27/2020,LOGAN,0,2,0,0,2,0,646,4,14,0,650,14,2,0
08/01/2020,LOGAN,0,1,0,0,1,0,647,4,14,0,651,14,1,0
08/03/2020,LOGAN,0,1,0,0,1,0,648,4,14,0,652,14,1,0
08/06/2020,LOGAN,0,1,0,0,1,0,649,4,14,0,653,14,1,0
08/07/2020,LOGAN,0,1,0,0,1,0,650,4,14,0,654,14,1,0
08/09/2020,LOGAN,0,3,0,0,3,0,653,4,14,0,657,14,3,0
08/10/2020,LOGAN,0,1,0,0,1,0,654,4,14,0,658,14,1,0
08/15/2020,LOGAN,0,3,0,0,3,0,657,4,14,0,661,14,3,0
08/17/2020,LOGAN,1,0,0,0,1,0,657,5,14,0,662,14,1,0
08/20/2020,LOGAN,0,1,0,0,1,0,658,5,14,0,663,14,1,0
08/21/2020,LOGAN,0,4,0,0,4,0,662,5,14,0,667,14,4,0
08/22/2020,LOGAN,0,1,0,0,1,0,663,5,14,0,668,14,1,0
08/23/2020,LOGAN,0,14,0,0,14,0,677,5,14,0,682,14,14,0
08/24/2020,LOGAN,0,10,0,0,10,0,687,5,14,0,692,14,10,0
08/25/2020,LOGAN,1,0,0,0,1,0,687,6,14,0,693,14,1,0
08/26/2020,LOGAN,0,2,0,0,2,0,689,6,14,0,695,14,2,0
08/27/2020,LOGAN,0,6,0,1,6,1,695,6,15,0,701,15,6,1
08/29/2020,LOGAN,0,3,0,0,3,0,698,6,15,0,704,15,3,0
08/30/2020,LOGAN,0,4,0,0,4,0,702,6,15,0,708,15,4,0
08/31/2020,LOGAN,0,3,0,0,3,0,705,6,15,0,711,15,3,0
09/03/2020,LOGAN,0,3,0,0,3,0,708,6,15,0,714,15,3,0
09/04/2020,LOGAN,0,3,0,0,3,0,711,6,15,0,717,15,3,0
09/05/2020,LOGAN,0,2,0,0,2,0,713,6,15,0,719,15,2,0
09/06/2020,LOGAN,0,6,0,0,6,0,719,6,15,0,725,15,6,0
09/07/2020,LOGAN,0,6,0,0,6,0,725,6,15,0,731,15,6,0
09/08/2020,LOGAN,0,17,0,0,17,0,742,6,15,0,748,15,17,0
09/09/2020,LOGAN,0,2,0,0,2,0,744,6,15,0,750,15,2,0
09/10/2020,LOGAN,0,1,0,0,1,0,745,6,15,0,751,15,1,0
09/11/2020,LOGAN,0,16,0,0,16,0,761,6,15,0,767,15,16,0
09/12/2020,LOGAN,0,39,0,0,39,0,800,6,15,0,806,15,39,0
09/13/2020,LOGAN,0,9,0,0,9,0,809,6,15,0,815,15,9,0
09/14/2020,LOGAN,0,2,0,0,2,0,811,6,15,0,817,15,2,0
09/15/2020,LOGAN,1,7,0,0,8,0,818,7,15,0,825,15,8,0
09/16/2020,LOGAN,0,10,0,0,10,0,828,7,15,0,835,15,10,0
09/17/2020,LOGAN,0,2,0,0,2,0,830,7,15,0,837,15,2,0
09/18/2020,LOGAN,1,11,0,0,12,0,841,8,15,0,849,15,12,0
09/19/2020,LOGAN,0,6,0,0,6,0,847,8,15,0,855,15,6,0
09/20/2020,LOGAN,0,5,0,0,5,0,852,8,15,0,860,15,5,0
09/21/2020,LOGAN,0,7,0,0,7,0,859,8,15,0,867,15,7,0
09/22/2020,LOGAN,1,5,0,0,6,0,864,9,15,0,873,15,6,0
09/23/2020,LOGAN,0,3,0,1,3,1,867,9,16,0,876,16,3,1
09/24/2020,LOGAN,1,3,0,0,4,0,870,10,16,0,880,16,4,0
09/25/2020,LOGAN,0,8,0,0,8,0,878,10,16,0,888,16,8,0
09/26/2020,LOGAN,0,4,0,0,4,0,882,10,16,0,892,16,4,0
09/27/2020,LOGAN,0,5,0,0,5,0,887,10,16,0,897,16,5,0
09/28/2020,LOGAN,0,5,0,1,5,1,892,10,17,0,902,17,5,1
09/29/2020,LOGAN,4,3,1,1,7,2,895,14,18,1,909,19,7,2
09/30/2020,LOGAN,0,6,0,0,6,0,901,14,18,1,915,19,6,0
10/01/2020,LOGAN,0,29,0,1,29,1,930,14,19,1,944,20,29,1
10/02/2020,LOGAN,2,1,0,0,3,0,931,16,19,1,947,20,3,0
10/03/2020,LOGAN,2,2,0,0,4,0,933,18,19,1,951,20,4,0
10/04/2020,LOGAN,2,14,0,0,16,0,947,20,19,1,967,20,16,0
10/05/2020,LOGAN,0,15,0,0,15,0,962,20,19,1,982,20,15,0
10/06/2020,LOGAN,0,3,0,1,3,1,965,20,20,1,985,21,3,1
10/07/2020,LOGAN,0,1,0,0,1,0,966,20,20,1,986,21,1,0
10/08/2020,LOGAN,0,19,0,0,19,0,985,20,20,1,1005,21,19,0
10/09/2020,LOGAN,1,14,0,0,15,0,999,21,20,1,1020,21,15,0
10/10/2020,LOGAN,0,17,0,1,17,1,1016,21,21,1,1037,22,17,1
10/11/2020,LOGAN,0,4,0,0,4,0,1020,21,21,1,1041,22,4,0
10/12/2020,LOGAN,0,14,0,0,14,0,1034,21,21,1,1055,22,14,0
10/13/2020,LOGAN,0,7,0,0,7,0,1041,21,21,1,1062,22,7,0
10/14/2020,LOGAN,0,4,0,0,4,0,1045,21,21,1,1066,22,4,0
10/15/2020,LOGAN,1,17,0,0,18,0,1062,22,21,1,1084,22,18,0
10/16/2020,LOGAN,1,11,0,0,12,0,1073,23,21,1,1096,22,12,0
10/17/2020,LOGAN,0,17,0,1,17,1,1090,23,22,1,1113,23,17,1
10/18/2020,LOGAN,0,9,0,1,9,1,1099,23,23,1,1122,24,9,1
10/19/2020,LOGAN,2,15,0,1,17,1,1114,25,24,1,1139,25,17,1
10/20/2020,LOGAN,0,8,0,0,8,0,1122,25,24,1,1147,25,8,0
10/21/2020,LOGAN,0,11,0,0,11,0,1133,25,24,1,1158,25,11,0
10/22/2020,LOGAN,0,21,0,0,21,0,1154,25,24,1,1179,25,21,0
10/23/2020,LOGAN,0,29,0,0,29,0,1183,25,24,1,1208,25,29,0
10/24/2020,LOGAN,1,23,0,0,24,0,1206,26,24,1,1232,25,24,0
10/25/2020,LOGAN,1,17,0,0,18,0,1223,27,24,1,1250,25,18,0
10/26/2020,LOGAN,0,6,0,1,6,1,1229,27,25,1,1256,26,6,1
10/27/2020,LOGAN,3,10,0,0,13,0,1239,30,25,1,1269,26,13,0
10/28/2020,LOGAN,0,22,0,0,22,0,1261,30,25,1,1291,26,22,0
10/29/2020,LOGAN,0,13,0,0,13,0,1274,30,25,1,1304,26,13,0
10/30/2020,LOGAN,0,35,0,1,35,1,1309,30,26,1,1339,27,35,1
10/31/2020,LOGAN,0,16,0,0,16,0,1325,30,26,1,1355,27,16,0
11/01/2020,LOGAN,0,51,0,4,51,4,1376,30,30,1,1406,31,51,4
11/02/2020,LOGAN,0,14,0,0,14,0,1390,30,30,1,1420,31,14,0
11/03/2020,LOGAN,7,18,0,0,25,0,1408,37,30,1,1445,31,25,0
11/04/2020,LOGAN,0,14,0,0,14,0,1422,37,30,1,1459,31,14,0
11/05/2020,LOGAN,2,51,0,1,53,1,1473,39,31,1,1512,32,53,1
11/06/2020,LOGAN,0,37,0,2,37,2,1510,39,33,1,1549,34,37,2
11/07/2020,LOGAN,2,30,0,3,32,3,1540,41,36,1,1581,37,32,3
11/08/2020,LOGAN,0,7,0,0,7,0,1547,41,36,1,1588,37,7,0
11/09/2020,LOGAN,0,33,0,2,33,2,1580,41,38,1,1621,39,33,2
11/10/2020,LOGAN,2,26,0,2,28,2,1606,43,40,1,1649,41,28,2
11/11/2020,LOGAN,3,23,1,3,26,4,1629,46,43,2,1675,45,26,4
11/12/2020,LOGAN,1,50,0,2,51,2,1679,47,45,2,1726,47,51,2
11/13/2020,LOGAN,0,28,0,0,28,0,1707,47,45,2,1754,47,28,0
11/14/2020,LOGAN,1,18,0,2,19,2,1725,48,47,2,1773,49,19,2
11/15/2020,LOGAN,3,23,0,0,26,0,1748,51,47,2,1799,49,26,0
11/16/2020,LOGAN,0,26,0,0,26,0,1774,51,47,2,1825,49,26,0
11/17/2020,LOGAN,4,103,0,3,107,3,1877,55,50,2,1932,52,107,3
11/18/2020,LOGAN,5,25,1,0,30,1,1902,60,50,3,1962,53,30,1
11/19/2020,LOGAN,0,39,0,0,39,0,1941,60,50,3,2001,53,39,0
11/20/2020,LOGAN,1,40,0,1,41,1,1981,61,51,3,2042,54,41,1
11/21/2020,LOGAN,1,17,0,0,18,0,1998,62,51,3,2060,54,18,0
11/22/2020,LOGAN,3,18,0,0,21,0,2016,65,51,3,2081,54,21,0
11/23/2020,LOGAN,2,25,0,0,27,0,2041,67,51,3,2108,54,27,0
11/24/2020,LOGAN,0,59,0,1,59,1,2100,67,52,3,2167,55,59,1
11/25/2020,LOGAN,1,76,0,1,77,1,2176,68,53,3,2244,56,77,1
11/26/2020,LOGAN,2,59,0,5,61,5,2235,70,58,3,2305,61,61,5
11/27/2020,LOGAN,0,15,0,0,15,0,2250,70,58,3,2320,61,15,0
11/28/2020,LOGAN,0,13,0,0,13,0,2263,70,58,3,2333,61,13,0
11/29/2020,LOGAN,0,10,0,0,10,0,2273,70,58,3,2343,61,10,0
11/30/2020,LOGAN,2,5,0,0,7,0,2278,72,58,3,2350,61,7,0
12/01/2020,LOGAN,3,157,0,2,160,2,2435,75,60,3,2510,63,160,2
12/02/2020,LOGAN,0,83,0,2,83,2,2518,75,62,3,2593,65,83,2
12/03/2020,LOGAN,0,41,0,0,41,0,2559,75,62,3,2634,65,41,0
12/04/2020,LOGAN,1,26,0,0,27,0,2585,76,62,3,2661,65,27,0
12/05/2020,LOGAN,0,16,0,0,16,0,2601,76,62,3,2677,65,16,0
12/06/2020,LOGAN,1,22,0,0,23,0,2623,77,62,3,2700,65,23,0
12/07/2020,LOGAN,1,12,0,0,13,0,2635,78,62,3,2713,65,13,0
12/08/2020,LOGAN,1,113,0,0,114,0,2748,79,62,3,2827,65,114,0
12/09/2020,LOGAN,0,29,0,0,29,0,2777,79,62,3,2856,65,29,0
12/10/2020,LOGAN,0,13,0,0,13,0,2790,79,62,3,2869,65,13,0
12/11/2020,LOGAN,1,19,0,0,20,0,2809,80,62,3,2889,65,20,0
12/12/2020,LOGAN,0,20,0,0,20,0,2829,80,62,3,2909,65,20,0
12/13/2020,LOGAN,0,17,0,0,17,0,2846,80,62,3,2926,65,17,0
12/14/2020,LOGAN,4,6,0,0,10,0,2852,84,62,3,2936,65,10,0
12/15/2020,LOGAN,1,158,0,0,159,0,3010,85,62,3,3095,65,159,0
12/16/2020,LOGAN,3,22,0,0,25,0,3032,88,62,3,3120,65,25,0
12/17/2020,LOGAN,2,13,0,0,15,0,3045,90,62,3,3135,65,15,0
12/18/2020,LOGAN,1,15,0,0,16,0,3060,91,62,3,3151,65,16,0
12/19/2020,LOGAN,0,12,0,0,12,0,3072,91,62,3,3163,65,12,0
12/20/2020,LOGAN,1,9,0,0,10,0,3081,92,62,3,3173,65,10,0
12/21/2020,LOGAN,6,9,0,0,15,0,3090,98,62,3,3188,65,15,0
12/22/2020,LOGAN,1,51,0,0,52,0,3141,99,62,3,3240,65,52,0
12/23/2020,LOGAN,2,18,0,0,20,0,3159,101,62,3,3260,65,20,0
12/24/2020,LOGAN,1,10,0,0,11,0,3169,102,62,3,3271,65,11,0
12/25/2020,LOGAN,0,3,0,0,3,0,3172,102,62,3,3274,65,3,0
12/26/2020,LOGAN,0,6,0,0,6,0,3178,102,62,3,3280,65,6,0
12/27/2020,LOGAN,1,5,0,1,6,1,3183,103,63,3,3286,66,6,1
12/28/2020,LOGAN,3,1,0,0,4,0,3184,106,63,3,3290,66,4,0
12/29/2020,LOGAN,2,5,0,0,7,0,3189,108,63,3,3297,66,7,0
12/30/2020,LOGAN,1,23,1,0,24,1,3212,109,63,4,3321,67,24,1
12/31/2020,LOGAN,0,8,0,0,8,0,3220,109,63,4,3329,67,8,0
01/01/2021,LOGAN,0,19,0,1,19,1,3239,109,64,4,3348,68,19,1
01/02/2021,LOGAN,0,13,0,0,13,0,3252,109,64,4,3361,68,13,0
01/03/2021,LOGAN,0,10,0,0,10,0,3262,109,64,4,3371,68,10,0
01/04/2021,LOGAN,5,1,0,0,6,0,3263,114,64,4,3377,68,6,0
01/05/2021,LOGAN,2,34,0,0,36,0,3297,116,64,4,3413,68,36,0
01/06/2021,LOGAN,2,16,0,0,18,0,3313,118,64,4,3431,68,18,0
01/07/2021,LOGAN,0,14,0,0,14,0,3327,118,64,4,3445,68,14,0
01/08/2021,LOGAN,2,15,0,1,17,1,3342,120,65,4,3462,69,17,1
01/09/2021,LOGAN,0,4,0,0,4,0,3346,120,65,4,3466,69,4,0
01/10/2021,LOGAN,0,7,0,0,7,0,3353,120,65,4,3473,69,7,0
01/11/2021,LOGAN,2,6,0,1,8,1,3359,122,66,4,3481,70,8,1
01/12/2021,LOGAN,2,43,0,0,45,0,3402,124,66,4,3526,70,45,0
01/13/2021,LOGAN,1,10,0,1,11,1,3412,125,67,4,3537,71,11,1
01/14/2021,LOGAN,2,16,0,0,18,0,3428,127,67,4,3555,71,18,0
01/15/2021,LOGAN,3,13,0,0,16,0,3441,130,67,4,3571,71,16,0
01/16/2021,LOGAN,0,5,0,0,5,0,3446,130,67,4,3576,71,5,0
01/17/2021,LOGAN,0,8,0,0,8,0,3454,130,67,4,3584,71,8,0
01/18/2021,LOGAN,0,1,0,0,1,0,3455,130,67,4,3585,71,1,0
01/19/2021,LOGAN,3,3,0,1,6,1,3458,133,68,4,3591,72,6,1
01/20/2021,LOGAN,0,43,0,0,43,0,3501,133,68,4,3634,72,43,0
01/21/2021,LOGAN,0,9,0,0,9,0,3510,133,68,4,3643,72,9,0
01/22/2021,LOGAN,0,5,0,0,5,0,3515,133,68,4,3648,72,5,0
01/23/2021,LOGAN,0,6,0,0,6,0,3521,133,68,4,3654,72,6,0
01/24/2021,LOGAN,0,7,0,0,7,0,3528,133,68,4,3661,72,7,0
01/25/2021,LOGAN,2,2,0,0,4,0,3530,135,68,4,3665,72,4,0
01/26/2021,LOGAN,0,22,0,1,22,1,3552,135,69,4,3687,73,22,1
01/27/2021,LOGAN,0,6,0,0,6,0,3558,135,69,4,3693,73,6,0
01/28/2021,LOGAN,0,4,0,0,4,0,3562,135,69,4,3697,73,4,0
01/29/2021,LOGAN,1,6,0,0,7,0,3568,136,69,4,3704,73,7,0
01/30/2021,LOGAN,0,5,0,0,5,0,3573,136,69,4,3709,73,5,0
01/31/2021,LOGAN,0,5,0,0,5,0,3578,136,69,4,3714,73,5,0
02/01/2021,LOGAN,0,2,0,0,2,0,3580,136,69,4,3716,73,2,0
02/02/2021,LOGAN,1,13,0,0,14,0,3593,137,69,4,3730,73,14,0
02/03/2021,LOGAN,0,5,0,0,5,0,3598,137,69,4,3735,73,5,0
02/04/2021,LOGAN,0,4,0,0,4,0,3602,137,69,4,3739,73,4,0
02/05/2021,LOGAN,0,2,0,0,2,0,3604,137,69,4,3741,73,2,0
02/06/2021,LOGAN,0,5,0,0,5,0,3609,137,69,4,3746,73,5,0
02/07/2021,LOGAN,0,6,0,0,6,0,3615,137,69,4,3752,73,6,0
02/08/2021,LOGAN,2,2,0,0,4,0,3617,139,69,4,3756,73,4,0
02/09/2021,LOGAN,0,4,0,0,4,0,3621,139,69,4,3760,73,4,0
02/10/2021,LOGAN,1,3,0,0,4,0,3624,140,69,4,3764,73,4,0
02/11/2021,LOGAN,1,2,1,0,3,1,3626,141,69,5,3767,74,3,1
02/12/2021,LOGAN,0,4,0,0,4,0,3630,141,69,5,3771,74,4,0
02/13/2021,LOGAN,0,3,0,0,3,0,3633,141,69,5,3774,74,3,0
02/14/2021,LOGAN,0,3,0,0,3,0,3636,141,69,5,3777,74,3,0
02/15/2021,LOGAN,0,1,0,0,1,0,3637,141,69,5,3778,74,1,0
02/17/2021,LOGAN,0,6,0,0,6,0,3643,141,69,5,3784,74,6,0
02/18/2021,LOGAN,0,2,0,0,2,0,3645,141,69,5,3786,74,2,0
02/19/2021,LOGAN,0,1,0,0,1,0,3646,141,69,5,3787,74,1,0
02/20/2021,LOGAN,0,3,0,0,3,0,3649,141,69,5,3790,74,3,0
02/23/2021,LOGAN,0,3,0,0,3,0,3652,141,69,5,3793,74,3,0
02/24/2021,LOGAN,0,3,0,0,3,0,3655,141,69,5,3796,74,3,0
02/25/2021,LOGAN,0,1,0,0,1,0,3656,141,69,5,3797,74,1,0
02/28/2021,LOGAN,0,2,0,1,2,1,3658,141,70,5,3799,75,2,1
03/01/2021,LOGAN,0,1,0,0,1,0,3659,141,70,5,3800,75,1,0
03/02/2021,LOGAN,1,4,0,0,5,0,3663,142,70,5,3805,75,5,0
03/03/2021,LOGAN,0,3,0,0,3,0,3666,142,70,5,3808,75,3,0
03/04/2021,LOGAN,0,4,0,0,4,0,3670,142,70,5,3812,75,4,0
03/05/2021,LOGAN,0,3,0,0,3,0,3673,142,70,5,3815,75,3,0
03/06/2021,LOGAN,0,4,0,0,4,0,3677,142,70,5,3819,75,4,0
03/07/2021,LOGAN,0,1,0,0,1,0,3678,142,70,5,3820,75,1,0
03/09/2021,LOGAN,0,3,0,0,3,0,3681,142,70,5,3823,75,3,0
03/10/2021,LOGAN,0,5,0,0,5,0,3686,142,70,5,3828,75,5,0
03/11/2021,LOGAN,0,2,0,0,2,0,3688,142,70,5,3830,75,2,0
03/12/2021,LOGAN,0,3,0,0,3,0,3691,142,70,5,3833,75,3,0
03/13/2021,LOGAN,0,2,0,0,2,0,3693,142,70,5,3835,75,2,0
03/14/2021,LOGAN,0,1,0,0,1,0,3694,142,70,5,3836,75,1,0
03/15/2021,LOGAN,0,5,0,0,5,0,3699,142,70,5,3841,75,5,0
03/18/2021,LOGAN,1,2,0,0,3,0,3701,143,70,5,3844,75,3,0
03/19/2021,LOGAN,0,1,0,0,1,0,3702,143,70,5,3845,75,1,0
03/22/2021,LOGAN,1,1,0,0,2,0,3703,144,70,5,3847,75,2,0
03/23/2021,LOGAN,0,4,0,0,4,0,3707,144,70,5,3851,75,4,0
03/24/2021,LOGAN,5,2,0,0,7,0,3709,149,70,5,3858,75,7,0
03/25/2021,LOGAN,0,2,0,0,2,0,3711,149,70,5,3860,75,2,0
03/26/2021,LOGAN,2,2,0,0,4,0,3713,151,70,5,3864,75,4,0
03/27/2021,LOGAN,1,0,0,0,1,0,3713,152,70,5,3865,75,1,0
03/28/2021,LOGAN,0,7,0,0,7,0,3720,152,70,5,3872,75,7,0
03/29/2021,LOGAN,2,0,0,0,2,0,3720,154,70,5,3874,75,2,0
03/30/2021,LOGAN,0,3,0,0,3,0,3723,154,70,5,3877,75,3,0
03/31/2021,LOGAN,2,3,0,0,5,0,3726,156,70,5,3882,75,5,0
04/01/2021,LOGAN,3,2,0,0,5,0,3728,159,70,5,3887,75,5,0
04/02/2021,LOGAN,0,5,0,0,5,0,3733,159,70,5,3892,75,5,0
04/03/2021,LOGAN,0,1,0,0,1,0,3734,159,70,5,3893,75,1,0
04/04/2021,LOGAN,0,1,0,0,1,0,3735,159,70,5,3894,75,1,0
04/06/2021,LOGAN,1,3,0,0,4,0,3738,160,70,5,3898,75,4,0
04/08/2021,LOGAN,0,2,0,0,2,0,3740,160,70,5,3900,75,2,0
04/09/2021,LOGAN,0,2,0,0,2,0,3742,160,70,5,3902,75,2,0
04/10/2021,LOGAN,0,1,0,0,1,0,3743,160,70,5,3903,75,1,0
04/11/2021,LOGAN,0,3,0,0,3,0,3746,160,70,5,3906,75,3,0
04/12/2021,LOGAN,0,4,0,0,4,0,3750,160,70,5,3910,75,4,0
04/13/2021,LOGAN,1,3,0,0,4,0,3753,161,70,5,3914,75,4,0
04/14/2021,LOGAN,0,3,0,1,3,1,3756,161,71,5,3917,76,3,1
04/15/2021,LOGAN,0,5,0,0,5,0,3761,161,71,5,3922,76,5,0
04/16/2021,LOGAN,0,1,0,0,1,0,3762,161,71,5,3923,76,1,0
04/17/2021,LOGAN,0,4,0,0,4,0,3766,161,71,5,3927,76,4,0
04/18/2021,LOGAN,0,3,0,0,3,0,3769,161,71,5,3930,76,3,0
04/19/2021,LOGAN,0,5,0,1,5,1,3774,161,72,5,3935,77,5,1
04/20/2021,LOGAN,2,2,0,0,4,0,3776,163,72,5,3939,77,4,0
04/21/2021,LOGAN,0,5,0,0,5,0,3781,163,72,5,3944,77,5,0
04/22/2021,LOGAN,0,9,0,0,9,0,3790,163,72,5,3953,77,9,0
04/23/2021,LOGAN,0,7,0,0,7,0,3797,163,72,5,3960,77,7,0
04/24/2021,LOGAN,0,4,0,0,4,0,3801,163,72,5,3964,77,4,0
04/25/2021,LOGAN,0,1,0,0,1,0,3802,163,72,5,3965,77,1,0
04/26/2021,LOGAN,0,2,0,0,2,0,3804,163,72,5,3967,77,2,0
04/27/2021,LOGAN,1,4,0,0,5,0,3808,164,72,5,3972,77,5,0
04/28/2021,LOGAN,0,2,0,0,2,0,3810,164,72,5,3974,77,2,0
04/29/2021,LOGAN,1,3,0,0,4,0,3813,165,72,5,3978,77,4,0
04/30/2021,LOGAN,1,10,0,0,11,0,3823,166,72,5,3989,77,11,0
05/01/2021,LOGAN,0,1,0,0,1,0,3824,166,72,5,3990,77,1,0
05/02/2021,LOGAN,0,1,0,0,1,0,3825,166,72,5,3991,77,1,0
05/03/2021,LOGAN,1,0,0,0,1,0,3825,167,72,5,3992,77,1,0
05/04/2021,LOGAN,1,0,0,0,1,0,3825,168,72,5,3993,77,1,0
05/05/2021,LOGAN,0,2,0,0,2,0,3827,168,72,5,3995,77,2,0
05/06/2021,LOGAN,0,1,0,0,1,0,3828,168,72,5,3996,77,1,0
05/07/2021,LOGAN,0,1,0,0,1,0,3829,168,72,5,3997,77,1,0
05/08/2021,LOGAN,1,1,0,0,2,0,3830,169,72,5,3999,77,2,0
05/09/2021,LOGAN,0,1,0,0,1,0,3831,169,72,5,4000,77,1,0
05/10/2021,LOGAN,0,1,0,0,1,0,3832,169,72,5,4001,77,1,0
05/12/2021,LOGAN,0,14,0,0,14,0,3846,169,72,5,4015,77,14,0
05/13/2021,LOGAN,0,5,0,0,5,0,3851,169,72,5,4020,77,5,0
05/14/2021,LOGAN,1,2,0,0,3,0,3853,170,72,5,4023,77,3,0
05/16/2021,LOGAN,0,3,0,0,3,0,3856,170,72,5,4026,77,3,0
05/17/2021,LOGAN,0,2,0,1,2,1,3858,170,73,5,4028,78,2,1
05/18/2021,LOGAN,0,4,0,0,4,0,3862,170,73,5,4032,78,4,0
05/19/2021,LOGAN,0,2,0,0,2,0,3864,170,73,5,4034,78,2,0
05/20/2021,LOGAN,0,1,0,0,1,0,3865,170,73,5,4035,78,1,0
05/21/2021,LOGAN,1,4,0,0,5,0,3869,171,73,5,4040,78,5,0
05/23/2021,LOGAN,0,1,0,0,1,0,3870,171,73,5,4041,78,1,0
05/24/2021,LOGAN,0,3,0,0,3,0,3873,171,73,5,4044,78,3,0
05/25/2021,LOGAN,0,4,0,0,4,0,3877,171,73,5,4048,78,4,0
05/26/2021,LOGAN,0,2,0,0,2,0,3879,171,73,5,4050,78,2,0
05/28/2021,LOGAN,0,1,0,0,1,0,3880,171,73,5,4051,78,1,0
05/29/2021,LOGAN,0,3,0,0,3,0,3883,171,73,5,4054,78,3,0
05/30/2021,LOGAN,0,1,0,0,1,0,3884,171,73,5,4055,78,1,0
05/31/2021,LOGAN,0,1,0,0,1,0,3885,171,73,5,4056,78,1,0
06/03/2021,LOGAN,0,2,0,0,2,0,3887,171,73,5,4058,78,2,0
06/04/2021,LOGAN,0,1,0,0,1,0,3888,171,73,5,4059,78,1,0
06/05/2021,LOGAN,0,2,0,0,2,0,3890,171,73,5,4061,78,2,0
06/06/2021,LOGAN,0,1,0,0,1,0,3891,171,73,5,4062,78,1,0
06/07/2021,LOGAN,1,0,0,0,1,0,3891,172,73,5,4063,78,1,0
06/08/2021,LOGAN,0,2,0,0,2,0,3893,172,73,5,4065,78,2,0
06/09/2021,LOGAN,1,1,0,0,2,0,3894,173,73,5,4067,78,2,0
06/10/2021,LOGAN,0,3,0,0,3,0,3897,173,73,5,4070,78,3,0
06/12/2021,LOGAN,0,1,0,0,1,0,3898,173,73,5,4071,78,1,0
06/13/2021,LOGAN,0,1,0,0,1,0,3899,173,73,5,4072,78,1,0
06/15/2021,LOGAN,0,2,0,0,2,0,3901,173,73,5,4074,78,2,0
06/16/2021,LOGAN,0,1,0,0,1,0,3902,173,73,5,4075,78,1,0
06/18/2021,LOGAN,0,2,0,0,2,0,3904,173,73,5,4077,78,2,0
06/21/2021,LOGAN,0,1,0,0,1,0,3905,173,73,5,4078,78,1,0
06/22/2021,LOGAN,0,4,0,0,4,0,3909,173,73,5,4082,78,4,0
06/23/2021,LOGAN,0,2,0,0,2,0,3911,173,73,5,4084,78,2,0
06/24/2021,LOGAN,0,3,0,0,3,0,3914,173,73,5,4087,78,3,0
06/25/2021,LOGAN,0,1,0,0,1,0,3915,173,73,5,4088,78,1,0
06/29/2021,LOGAN,0,2,0,0,2,0,3917,173,73,5,4090,78,2,0
06/30/2021,LOGAN,0,3,0,0,3,0,3920,173,73,5,4093,78,3,0
07/03/2021,LOGAN,0,3,0,0,3,0,3923,173,73,5,4096,78,3,0
07/05/2021,LOGAN,0,1,0,0,1,0,3924,173,73,5,4097,78,1,0
07/06/2021,LOGAN,0,1,0,0,1,0,3925,173,73,5,4098,78,1,0
07/09/2021,LOGAN,0,1,0,0,1,0,3926,173,73,5,4099,78,1,0
07/10/2021,LOGAN,0,1,0,0,1,0,3927,173,73,5,4100,78,1,0
07/18/2021,LOGAN,0,1,0,0,1,0,3928,173,73,5,4101,78,1,0
07/25/2021,LOGAN,0,1,0,0,1,0,3929,173,73,5,4102,78,1,0
07/30/2021,LOGAN,0,1,0,0,1,0,3930,173,73,5,4103,78,1,0
08/01/2021,LOGAN,0,2,0,0,2,0,3932,173,73,5,4105,78,2,0
08/02/2021,LOGAN,0,4,0,0,4,0,3936,173,73,5,4109,78,4,0
08/03/2021,LOGAN,0,2,0,0,2,0,3938,173,73,5,4111,78,2,0
08/04/2021,LOGAN,1,7,0,0,8,0,3945,174,73,5,4119,78,8,0
08/05/2021,LOGAN,0,2,0,0,2,0,3947,174,73,5,4121,78,2,0
08/06/2021,LOGAN,0,1,0,0,1,0,3948,174,73,5,4122,78,1,0
08/07/2021,LOGAN,0,1,0,0,1,0,3949,174,73,5,4123,78,1,0
08/08/2021,LOGAN,0,1,0,0,1,0,3950,174,73,5,4124,78,1,0
08/10/2021,LOGAN,0,3,0,0,3,0,3953,174,73,5,4127,78,3,0
08/11/2021,LOGAN,1,3,0,0,4,0,3956,175,73,5,4131,78,4,0
08/12/2021,LOGAN,4,4,0,0,8,0,3960,179,73,5,4139,78,8,0
08/13/2021,LOGAN,1,0,0,0,1,0,3960,180,73,5,4140,78,1,0
08/14/2021,LOGAN,0,3,0,0,3,0,3963,180,73,5,4143,78,3,0
08/16/2021,LOGAN,1,0,0,0,1,0,3963,181,73,5,4144,78,1,0
08/17/2021,LOGAN,0,10,0,0,10,0,3973,181,73,5,4154,78,10,0
08/18/2021,LOGAN,3,4,0,0,7,0,3977,184,73,5,4161,78,7,0
08/19/2021,LOGAN,0,5,0,0,5,0,3982,184,73,5,4166,78,5,0
08/20/2021,LOGAN,0,5,0,0,5,0,3987,184,73,5,4171,78,5,0
08/21/2021,LOGAN,0,2,0,0,2,0,3989,184,73,5,4173,78,2,0
08/23/2021,LOGAN,0,4,0,1,4,1,3993,184,74,5,4177,79,4,1
08/24/2021,LOGAN,3,7,0,1,10,1,4000,187,75,5,4187,80,10,1
08/25/2021,LOGAN,0,5,0,0,5,0,4005,187,75,5,4192,80,5,0
08/26/2021,LOGAN,0,5,0,0,5,0,4010,187,75,5,4197,80,5,0
08/27/2021,LOGAN,0,1,0,0,1,0,4011,187,75,5,4198,80,1,0
08/28/2021,LOGAN,0,5,0,1,5,1,4016,187,76,5,4203,81,5,1
08/29/2021,LOGAN,0,3,0,0,3,0,4019,187,76,5,4206,81,3,0
08/30/2021,LOGAN,0,10,0,0,10,0,4029,187,76,5,4216,81,10,0
08/31/2021,LOGAN,0,6,0,0,6,0,4035,187,76,5,4222,81,6,0
09/01/2021,LOGAN,2,8,0,0,10,0,4043,189,76,5,4232,81,10,0
09/02/2021,LOGAN,1,1,0,0,2,0,4044,190,76,5,4234,81,2,0
09/03/2021,LOGAN,0,17,0,1,17,1,4061,190,77,5,4251,82,17,1
09/04/2021,LOGAN,0,5,0,0,5,0,4066,190,77,5,4256,82,5,0
09/05/2021,LOGAN,0,11,0,1,11,1,4077,190,78,5,4267,83,11,1
09/06/2021,LOGAN,0,2,0,0,2,0,4079,190,78,5,4269,83,2,0
09/07/2021,LOGAN,1,4,0,0,5,0,4083,191,78,5,4274,83,5,0
09/08/2021,LOGAN,1,17,0,1,18,1,4100,192,79,5,4292,84,18,1
09/09/2021,LOGAN,0,5,0,0,5,0,4105,192,79,5,4297,84,5,0
09/10/2021,LOGAN,0,8,0,0,8,0,4113,192,79,5,4305,84,8,0
09/11/2021,LOGAN,0,6,0,1,6,1,4119,192,80,5,4311,85,6,1
09/12/2021,LOGAN,0,16,0,0,16,0,4135,192,80,5,4327,85,16,0
09/13/2021,LOGAN,0,8,0,0,8,0,4143,192,80,5,4335,85,8,0
09/14/2021,LOGAN,1,5,0,0,6,0,4148,193,80,5,4341,85,6,0
09/15/2021,LOGAN,2,12,0,1,14,1,4160,195,81,5,4355,86,14,1
09/16/2021,LOGAN,3,5,0,0,8,0,4165,198,81,5,4363,86,8,0
09/17/2021,LOGAN,2,5,0,0,7,0,4170,200,81,5,4370,86,7,0
09/18/2021,LOGAN,0,11,0,0,11,0,4181,200,81,5,4381,86,11,0
09/19/2021,LOGAN,0,7,0,1,7,1,4188,200,82,5,4388,87,7,1
09/20/2021,LOGAN,0,6,0,1,6,1,4194,200,83,5,4394,88,6,1
09/21/2021,LOGAN,0,2,0,0,2,0,4196,200,83,5,4396,88,2,0
09/22/2021,LOGAN,0,4,0,0,4,0,4200,200,83,5,4400,88,4,0
09/23/2021,LOGAN,1,10,0,0,11,0,4210,201,83,5,4411,88,11,0
09/24/2021,LOGAN,0,7,0,0,7,0,4217,201,83,5,4418,88,7,0
09/25/2021,LOGAN,0,6,0,0,6,0,4223,201,83,5,4424,88,6,0
09/26/2021,LOGAN,0,12,0,0,12,0,4235,201,83,5,4436,88,12,0
09/27/2021,LOGAN,2,3,0,0,5,0,4238,203,83,5,4441,88,5,0
09/28/2021,LOGAN,1,6,0,1,7,1,4244,204,84,5,4448,89,7,1
09/29/2021,LOGAN,1,3,0,0,4,0,4247,205,84,5,4452,89,4,0
09/30/2021,LOGAN,3,15,0,1,18,1,4262,208,85,5,4470,90,18,1
10/01/2021,LOGAN,1,4,0,0,5,0,4266,209,85,5,4475,90,5,0
10/02/2021,LOGAN,1,5,0,0,6,0,4271,210,85,5,4481,90,6,0
10/03/2021,LOGAN,0,6,0,1,6,1,4277,210,86,5,4487,91,6,1
10/04/2021,LOGAN,0,1,0,0,1,0,4278,210,86,5,4488,91,1,0
10/05/2021,LOGAN,1,15,0,0,16,0,4293,211,86,5,4504,91,16,0
10/06/2021,LOGAN,2,12,0,0,14,0,4305,213,86,5,4518,91,14,0
10/07/2021,LOGAN,0,4,0,0,4,0,4309,213,86,5,4522,91,4,0
10/08/2021,LOGAN,2,20,0,0,22,0,4329,215,86,5,4544,91,22,0
10/09/2021,LOGAN,0,7,0,0,7,0,4336,215,86,5,4551,91,7,0
10/10/2021,LOGAN,0,20,0,0,20,0,4356,215,86,5,4571,91,20,0
10/11/2021,LOGAN,1,6,0,0,7,0,4362,216,86,5,4578,91,7,0
10/12/2021,LOGAN,3,9,0,0,12,0,4371,219,86,5,4590,91,12,0
10/13/2021,LOGAN,1,10,0,0,11,0,4381,220,86,5,4601,91,11,0
10/14/2021,LOGAN,0,18,0,0,18,0,4399,220,86,5,4619,91,18,0
10/15/2021,LOGAN,0,19,0,1,19,1,4418,220,87,5,4638,92,19,1
10/16/2021,LOGAN,0,6,0,0,6,0,4424,220,87,5,4644,92,6,0
10/17/2021,LOGAN,0,9,0,0,9,0,4433,220,87,5,4653,92,9,0
10/18/2021,LOGAN,0,8,0,0,8,0,4441,220,87,5,4661,92,8,0
10/19/2021,LOGAN,0,12,0,1,12,1,4453,220,88,5,4673,93,12,1
10/20/2021,LOGAN,1,17,0,1,18,1,4470,221,89,5,4691,94,18,1
10/21/2021,LOGAN,0,14,0,1,14,1,4484,221,90,5,4705,95,14,1
10/22/2021,LOGAN,1,15,0,0,16,0,4499,222,90,5,4721,95,16,0
10/23/2021,LOGAN,0,8,0,0,8,0,4507,222,90,5,4729,95,8,0
10/24/2021,LOGAN,0,6,0,0,6,0,4513,222,90,5,4735,95,6,0
10/25/2021,LOGAN,0,16,0,1,16,1,4529,222,91,5,4751,96,16,1
10/26/2021,LOGAN,0,22,0,1,22,1,4551,222,92,5,4773,97,22,1
10/27/2021,LOGAN,1,3,0,0,4,0,4554,223,92,5,4777,97,4,0
10/28/2021,LOGAN,1,16,0,0,17,0,4570,224,92,5,4794,97,17,0
10/29/2021,LOGAN,1,5,0,0,6,0,4575,225,92,5,4800,97,6,0
10/30/2021,LOGAN,0,15,0,0,15,0,4590,225,92,5,4815,97,15,0
10/31/2021,LOGAN,0,5,0,0,5,0,4595,225,92,5,4820,97,5,0
11/01/2021,LOGAN,0,17,0,1,17,1,4612,225,93,5,4837,98,17,1
11/02/2021,LOGAN,0,11,0,0,11,0,4623,225,93,5,4848,98,11,0
11/03/2021,LOGAN,0,9,0,0,9,0,4632,225,93,5,4857,98,9,0
11/04/2021,LOGAN,3,13,0,1,16,1,4645,228,94,5,4873,99,16,1
11/05/2021,LOGAN,2,13,0,1,15,1,4658,230,95,5,4888,100,15,1
11/06/2021,LOGAN,0,13,0,0,13,0,4671,230,95,5,4901,100,13,0
11/07/2021,LOGAN,0,11,0,1,11,1,4682,230,96,5,4912,101,11,1
11/08/2021,LOGAN,1,12,0,1,13,1,4694,231,97,5,4925,102,13,1
11/09/2021,LOGAN,1,6,0,0,7,0,4700,232,97,5,4932,102,7,0
11/10/2021,LOGAN,1,17,0,0,18,0,4717,233,97,5,4950,102,18,0
11/11/2021,LOGAN,0,7,0,1,7,1,4724,233,98,5,4957,103,7,1
11/12/2021,LOGAN,0,11,0,0,11,0,4735,233,98,5,4968,103,11,0
11/13/2021,LOGAN,0,7,0,0,7,0,4742,233,98,5,4975,103,7,0
11/14/2021,LOGAN,0,2,0,0,2,0,4744,233,98,5,4977,103,2,0
11/15/2021,LOGAN,1,9,0,0,10,0,4753,234,98,5,4987,103,10,0
11/16/2021,LOGAN,0,9,0,0,9,0,4762,234,98,5,4996,103,9,0
11/17/2021,LOGAN,3,13,0,1,16,1,4775,237,99,5,5012,104,16,1
11/18/2021,LOGAN,0,7,0,0,7,0,4782,237,99,5,5019,104,7,0
11/19/2021,LOGAN,1,17,0,1,18,1,4799,238,100,5,5037,105,18,1
11/20/2021,LOGAN,1,10,0,0,11,0,4809,239,100,5,5048,105,11,0
11/21/2021,LOGAN,0,15,0,0,15,0,4824,239,100,5,5063,105,15,0
11/22/2021,LOGAN,1,4,0,0,5,0,4828,240,100,5,5068,105,5,0
11/23/2021,LOGAN,0,10,0,0,10,0,4838,240,100,5,5078,105,10,0
11/24/2021,LOGAN,0,8,0,0,8,0,4846,240,100,5,5086,105,8,0
11/27/2021,LOGAN,0,15,0,0,15,0,4861,240,100,5,5101,105,15,0
11/28/2021,LOGAN,0,8,0,0,8,0,4869,240,100,5,5109,105,8,0
11/29/2021,LOGAN,0,5,0,0,5,0,4874,240,100,5,5114,105,5,0
11/30/2021,LOGAN,2,15,0,0,17,0,4889,242,100,5,5131,105,17,0
12/01/2021,LOGAN,3,3,0,0,6,0,4892,245,100,5,5137,105,6,0
12/02/2021,LOGAN,0,3,0,0,3,0,4895,245,100,5,5140,105,3,0
12/03/2021,LOGAN,1,17,0,0,18,0,4912,246,100,5,5158,105,18,0
12/04/2021,LOGAN,0,3,0,0,3,0,4915,246,100,5,5161,105,3,0
12/05/2021,LOGAN,0,1,0,0,1,0,4916,246,100,5,5162,105,1,0
12/06/2021,LOGAN,5,16,0,0,21,0,4932,251,100,5,5183,105,21,0
12/07/2021,LOGAN,0,8,0,0,8,0,4940,251,100,5,5191,105,8,0
12/08/2021,LOGAN,0,18,0,0,18,0,4958,251,100,5,5209,105,18,0
12/09/2021,LOGAN,0,7,0,0,7,0,4965,251,100,5,5216,105,7,0
12/10/2021,LOGAN,2,7,0,0,9,0,4972,253,100,5,5225,105,9,0
12/11/2021,LOGAN,0,5,0,0,5,0,4977,253,100,5,5230,105,5,0
12/12/2021,LOGAN,0,5,0,1,5,1,4982,253,101,5,5235,106,5,1
12/13/2021,LOGAN,2,8,0,0,10,0,4990,255,101,5,5245,106,10,0
12/14/2021,LOGAN,0,9,0,0,9,0,4999,255,101,5,5254,106,9,0
12/15/2021,LOGAN,0,4,0,0,4,0,5003,255,101,5,5258,106,4,0
12/16/2021,LOGAN,0,5,0,0,5,0,5008,255,101,5,5263,106,5,0
12/17/2021,LOGAN,0,3,0,0,3,0,5011,255,101,5,5266,106,3,0
12/18/2021,LOGAN,0,3,0,0,3,0,5014,255,101,5,5269,106,3,0
12/19/2021,LOGAN,0,2,0,0,2,0,5016,255,101,5,5271,106,2,0
12/20/2021,LOGAN,0,2,0,0,2,0,5018,255,101,5,5273,106,2,0
12/21/2021,LOGAN,0,11,0,0,11,0,5029,255,101,5,5284,106,11,0
12/22/2021,LOGAN,2,6,0,0,8,0,5035,257,101,5,5292,106,8,0
12/23/2021,LOGAN,0,5,0,0,5,0,5040,257,101,5,5297,106,5,0
12/24/2021,LOGAN,0,14,0,0,14,0,5054,257,101,5,5311,106,14,0
12/25/2021,LOGAN,0,5,0,0,5,0,5059,257,101,5,5316,106,5,0
12/26/2021,LOGAN,0,9,0,0,9,0,5068,257,101,5,5325,106,9,0
12/27/2021,LOGAN,2,6,1,0,8,1,5074,259,101,6,5333,107,8,1
12/28/2021,LOGAN,1,35,0,0,36,0,5109,260,101,6,5369,107,36,0
12/29/2021,LOGAN,1,19,1,1,20,2,5128,261,102,7,5389,109,20,2
12/30/2021,LOGAN,0,15,0,2,15,2,5143,261,104,7,5404,111,15,2
12/31/2021,LOGAN,0,22,0,0,22,0,5165,261,104,7,5426,111,22,0
01/01/2022,LOGAN,0,17,0,0,17,0,5182,261,104,7,5443,111,17,0
01/02/2022,LOGAN,0,23,0,0,23,0,5205,261,104,7,5466,111,23,0
01/03/2022,LOGAN,1,25,0,0,26,0,5230,262,104,7,5492,111,26,0
01/04/2022,LOGAN,6,28,0,0,34,0,5258,268,104,7,5526,111,34,0
01/05/2022,LOGAN,0,18,0,0,18,0,5276,268,104,7,5544,111,18,0
01/06/2022,LOGAN,0,20,0,0,20,0,5296,268,104,7,5564,111,20,0
01/07/2022,LOGAN,1,14,0,0,15,0,5310,269,104,7,5579,111,15,0
01/08/2022,LOGAN,0,19,0,0,19,0,5329,269,104,7,5598,111,19,0
01/09/2022,LOGAN,0,85,0,0,85,0,5414,269,104,7,5683,111,85,0
01/10/2022,LOGAN,0,17,0,1,17,1,5431,269,105,7,5700,112,17,1
01/11/2022,LOGAN,4,7,0,0,11,0,5438,273,105,7,5711,112,11,0
01/12/2022,LOGAN,2,26,0,0,28,0,5464,275,105,7,5739,112,28,0
01/13/2022,LOGAN,6,32,0,0,38,0,5496,281,105,7,5777,112,38,0
01/14/2022,LOGAN,0,33,0,0,33,0,5529,281,105,7,5810,112,33,0
01/15/2022,LOGAN,0,24,0,0,24,0,5553,281,105,7,5834,112,24,0
01/16/2022,LOGAN,0,128,0,0,128,0,5681,281,105,7,5962,112,128,0
01/17/2022,LOGAN,5,120,0,1,125,1,5801,286,106,7,6087,113,125,1
01/18/2022,LOGAN,3,17,0,1,20,1,5818,289,107,7,6107,114,20,1
01/19/2022,LOGAN,3,29,0,0,32,0,5847,292,107,7,6139,114,32,0
01/20/2022,LOGAN,2,19,0,0,21,0,5866,294,107,7,6160,114,21,0
01/21/2022,LOGAN,4,22,0,0,26,0,5888,298,107,7,6186,114,26,0
01/22/2022,LOGAN,0,15,0,0,15,0,5903,298,107,7,6201,114,15,0
01/23/2022,LOGAN,0,9,0,0,9,0,5912,298,107,7,6210,114,9,0
01/24/2022,LOGAN,1,20,0,0,21,0,5932,299,107,7,6231,114,21,0
01/25/2022,LOGAN,2,319,0,0,321,0,6251,301,107,7,6552,114,321,0
01/26/2022,LOGAN,2,33,0,0,35,0,6284,303,107,7,6587,114,35,0
01/27/2022,LOGAN,1,18,0,0,19,0,6302,304,107,7,6606,114,19,0
01/28/2022,LOGAN,3,23,1,0,26,1,6325,307,107,8,6632,115,26,1
01/29/2022,LOGAN,0,40,0,0,40,0,6365,307,107,8,6672,115,40,0
01/30/2022,LOGAN,0,21,0,0,21,0,6386,307,107,8,6693,115,21,0
01/31/2022,LOGAN,3,11,0,0,14,0,6397,310,107,8,6707,115,14,0
02/01/2022,LOGAN,2,244,0,0,246,0,6641,312,107,8,6953,115,246,0
02/02/2022,LOGAN,1,23,0,0,24,0,6664,313,107,8,6977,115,24,0
02/03/2022,LOGAN,2,19,0,0,21,0,6683,315,107,8,6998,115,21,0
02/04/2022,LOGAN,0,19,0,0,19,0,6702,315,107,8,7017,115,19,0
02/05/2022,LOGAN,0,6,0,0,6,0,6708,315,107,8,7023,115,6,0
02/06/2022,LOGAN,1,119,0,0,120,0,6827,316,107,8,7143,115,120,0
02/07/2022,LOGAN,0,11,0,0,11,0,6838,316,107,8,7154,115,11,0
02/08/2022,LOGAN,3,13,0,0,16,0,6851,319,107,8,7170,115,16,0
02/09/2022,LOGAN,0,10,0,0,10,0,6861,319,107,8,7180,115,10,0
02/10/2022,LOGAN,2,10,0,0,12,0,6871,321,107,8,7192,115,12,0
02/11/2022,LOGAN,0,38,0,0,38,0,6909,321,107,8,7230,115,38,0
02/12/2022,LOGAN,0,7,0,0,7,0,6916,321,107,8,7237,115,7,0
02/13/2022,LOGAN,0,4,0,0,4,0,6920,321,107,8,7241,115,4,0
02/14/2022,LOGAN,3,3,0,0,6,0,6923,324,107,8,7247,115,6,0
02/15/2022,LOGAN,0,6,0,0,6,0,6929,324,107,8,7253,115,6,0
02/16/2022,LOGAN,0,6,0,0,6,0,6935,324,107,8,7259,115,6,0
02/17/2022,LOGAN,0,5,0,0,5,0,6940,324,107,8,7264,115,5,0
02/18/2022,LOGAN,0,8,0,0,8,0,6948,324,107,8,7272,115,8,0
02/19/2022,LOGAN,0,2,0,0,2,0,6950,324,107,8,7274,115,2,0
02/20/2022,LOGAN,0,1,0,0,1,0,6951,324,107,8,7275,115,1,0
02/21/2022,LOGAN,0,4,0,0,4,0,6955,324,107,8,7279,115,4,0
02/23/2022,LOGAN,0,2,0,0,2,0,6957,324,107,8,7281,115,2,0
02/24/2022,LOGAN,0,2,0,0,2,0,6959,324,107,8,7283,115,2,0
02/25/2022,LOGAN,0,2,0,0,2,0,6961,324,107,8,7285,115,2,0
02/26/2022,LOGAN,0,4,0,0,4,0,6965,324,107,8,7289,115,4,0
02/27/2022,LOGAN,0,1,0,0,1,0,6966,324,107,8,7290,115,1,0
02/28/2022,LOGAN,0,1,0,0,1,0,6967,324,107,8,7291,115,1,0
03/01/2022,LOGAN,0,3,0,0,3,0,6970,324,107,8,7294,115,3,0
03/02/2022,LOGAN,0,2,0,0,2,0,6972,324,107,8,7296,115,2,0
03/03/2022,LOGAN,0,3,0,0,3,0,6975,324,107,8,7299,115,3,0
03/04/2022,LOGAN,0,1,0,0,1,0,6976,324,107,8,7300,115,1,0
03/05/2022,LOGAN,0,2,0,0,2,0,6978,324,107,8,7302,115,2,0
03/07/2022,LOGAN,0,1,0,0,1,0,6979,324,107,8,7303,115,1,0
03/08/2022,LOGAN,0,1,0,0,1,0,6980,324,107,8,7304,115,1,0
03/17/2022,LOGAN,0,2,0,0,2,0,6982,324,107,8,7306,115,2,0
03/18/2022,LOGAN,0,1,0,0,1,0,6983,324,107,8,7307,115,1,0
03/14/2020,MESA,0,1,0,0,1,0,1,0,0,0,1,0,-7306,-115
03/21/2020,MESA,0,1,0,0,1,0,2,0,0,0,2,0,1,0
03/23/2020,MESA,0,3,0,0,3,0,5,0,0,0,5,0,3,0
03/24/2020,MESA,0,1,0,0,1,0,6,0,0,0,6,0,1,0
03/25/2020,MESA,0,1,0,0,1,0,7,0,0,0,7,0,1,0
03/26/2020,MESA,0,2,0,0,2,0,9,0,0,0,9,0,2,0
03/27/2020,MESA,0,4,0,0,4,0,13,0,0,0,13,0,4,0
03/30/2020,MESA,0,2,0,0,2,0,15,0,0,0,15,0,2,0
03/31/2020,MESA,0,2,0,0,2,0,17,0,0,0,17,0,2,0
04/01/2020,MESA,0,1,0,0,1,0,18,0,0,0,18,0,1,0
04/02/2020,MESA,0,2,0,0,2,0,20,0,0,0,20,0,2,0
04/04/2020,MESA,0,2,0,0,2,0,22,0,0,0,22,0,2,0
04/05/2020,MESA,0,3,0,0,3,0,25,0,0,0,25,0,3,0
04/06/2020,MESA,0,2,0,0,2,0,27,0,0,0,27,0,2,0
04/07/2020,MESA,2,3,0,0,5,0,30,2,0,0,32,0,5,0
04/09/2020,MESA,0,1,0,0,1,0,31,2,0,0,33,0,1,0
04/18/2020,MESA,0,1,0,0,1,0,32,2,0,0,34,0,1,0
04/21/2020,MESA,0,3,0,0,3,0,35,2,0,0,37,0,3,0
04/24/2020,MESA,0,1,0,0,1,0,36,2,0,0,38,0,1,0
04/26/2020,MESA,0,1,0,0,1,0,37,2,0,0,39,0,1,0
04/27/2020,MESA,1,1,0,0,2,0,38,3,0,0,41,0,2,0
04/28/2020,MESA,0,1,0,0,1,0,39,3,0,0,42,0,1,0
04/29/2020,MESA,0,2,0,0,2,0,41,3,0,0,44,0,2,0
04/30/2020,MESA,0,1,0,0,1,0,42,3,0,0,45,0,1,0
05/02/2020,MESA,1,1,0,0,2,0,43,4,0,0,47,0,2,0
05/05/2020,MESA,1,1,0,0,2,0,44,5,0,0,49,0,2,0
05/07/2020,MESA,0,2,0,0,2,0,46,5,0,0,51,0,2,0
05/08/2020,MESA,0,1,0,0,1,0,47,5,0,0,52,0,1,0
05/13/2020,MESA,1,0,0,0,1,0,47,6,0,0,53,0,1,0
05/20/2020,MESA,2,0,0,0,2,0,47,8,0,0,55,0,2,0
05/21/2020,MESA,3,0,0,0,3,0,47,11,0,0,58,0,3,0
05/22/2020,MESA,5,1,0,0,6,0,48,16,0,0,64,0,6,0
05/23/2020,MESA,1,1,0,0,2,0,49,17,0,0,66,0,2,0
05/28/2020,MESA,0,1,0,0,1,0,50,17,0,0,67,0,1,0
05/29/2020,MESA,0,1,0,0,1,0,51,17,0,0,68,0,1,0
05/31/2020,MESA,0,1,0,0,1,0,52,17,0,0,69,0,1,0
06/02/2020,MESA,0,1,0,0,1,0,53,17,0,0,70,0,1,0
06/03/2020,MESA,0,2,0,0,2,0,55,17,0,0,72,0,2,0
06/04/2020,MESA,0,1,0,0,1,0,56,17,0,0,73,0,1,0
06/05/2020,MESA,2,2,0,0,4,0,58,19,0,0,77,0,4,0
06/08/2020,MESA,0,1,0,0,1,0,59,19,0,0,78,0,1,0
06/09/2020,MESA,0,1,0,0,1,0,60,19,0,0,79,0,1,0
06/11/2020,MESA,0,1,0,0,1,0,61,19,0,0,80,0,1,0
06/12/2020,MESA,2,1,0,0,3,0,62,21,0,0,83,0,3,0
06/13/2020,MESA,1,3,0,0,4,0,65,22,0,0,87,0,4,0
06/14/2020,MESA,1,2,0,0,3,0,67,23,0,0,90,0,3,0
06/15/2020,MESA,0,1,0,0,1,0,68,23,0,0,91,0,1,0
06/17/2020,MESA,0,4,0,0,4,0,72,23,0,0,95,0,4,0
06/18/2020,MESA,0,1,0,0,1,0,73,23,0,0,96,0,1,0
06/19/2020,MESA,0,1,0,0,1,0,74,23,0,0,97,0,1,0
06/21/2020,MESA,0,1,0,0,1,0,75,23,0,0,98,0,1,0
06/22/2020,MESA,0,5,0,0,5,0,80,23,0,0,103,0,5,0
06/24/2020,MESA,0,2,0,0,2,0,82,23,0,0,105,0,2,0
06/25/2020,MESA,0,2,0,0,2,0,84,23,0,0,107,0,2,0
06/26/2020,MESA,1,1,0,0,2,0,85,24,0,0,109,0,2,0
06/28/2020,MESA,0,6,0,0,6,0,91,24,0,0,115,0,6,0
06/29/2020,MESA,1,1,0,0,2,0,92,25,0,0,117,0,2,0
07/01/2020,MESA,0,6,0,0,6,0,98,25,0,0,123,0,6,0
07/02/2020,MESA,1,8,0,0,9,0,106,26,0,0,132,0,9,0
07/03/2020,MESA,1,4,0,0,5,0,110,27,0,0,137,0,5,0
07/04/2020,MESA,0,5,0,0,5,0,115,27,0,0,142,0,5,0
07/06/2020,MESA,7,4,0,0,11,0,119,34,0,0,153,0,11,0
07/07/2020,MESA,0,4,0,0,4,0,123,34,0,0,157,0,4,0
07/08/2020,MESA,0,3,0,1,3,1,126,34,1,0,160,1,3,1
07/09/2020,MESA,4,8,0,0,12,0,134,38,1,0,172,1,12,0
07/10/2020,MESA,4,3,0,0,7,0,137,42,1,0,179,1,7,0
07/11/2020,MESA,1,2,0,0,3,0,139,43,1,0,182,1,3,0
07/12/2020,MESA,1,4,0,0,5,0,143,44,1,0,187,1,5,0
07/13/2020,MESA,0,6,0,1,6,1,149,44,2,0,193,2,6,1
07/14/2020,MESA,0,9,0,1,9,1,158,44,3,0,202,3,9,1
07/15/2020,MESA,0,2,0,0,2,0,160,44,3,0,204,3,2,0
07/16/2020,MESA,0,10,0,0,10,0,170,44,3,0,214,3,10,0
07/17/2020,MESA,3,8,0,0,11,0,178,47,3,0,225,3,11,0
07/18/2020,MESA,0,4,0,0,4,0,182,47,3,0,229,3,4,0
07/19/2020,MESA,0,4,0,0,4,0,186,47,3,0,233,3,4,0
07/20/2020,MESA,0,2,0,0,2,0,188,47,3,0,235,3,2,0
07/21/2020,MESA,1,6,0,0,7,0,194,48,3,0,242,3,7,0
07/22/2020,MESA,1,13,0,2,14,2,207,49,5,0,256,5,14,2
07/23/2020,MESA,1,10,0,0,11,0,217,50,5,0,267,5,11,0
07/24/2020,MESA,2,8,0,0,10,0,225,52,5,0,277,5,10,0
07/25/2020,MESA,2,3,0,0,5,0,228,54,5,0,282,5,5,0
07/26/2020,MESA,1,1,0,0,2,0,229,55,5,0,284,5,2,0
07/27/2020,MESA,0,11,0,0,11,0,240,55,5,0,295,5,11,0
07/28/2020,MESA,0,3,0,0,3,0,243,55,5,0,298,5,3,0
07/29/2020,MESA,0,6,0,0,6,0,249,55,5,0,304,5,6,0
07/30/2020,MESA,3,5,0,0,8,0,254,58,5,0,312,5,8,0
07/31/2020,MESA,1,7,0,0,8,0,261,59,5,0,320,5,8,0
08/01/2020,MESA,1,9,0,0,10,0,270,60,5,0,330,5,10,0
08/02/2020,MESA,0,6,0,0,6,0,276,60,5,0,336,5,6,0
08/03/2020,MESA,1,1,0,0,2,0,277,61,5,0,338,5,2,0
08/04/2020,MESA,1,9,0,0,10,0,286,62,5,0,348,5,10,0
08/05/2020,MESA,0,7,0,0,7,0,293,62,5,0,355,5,7,0
08/06/2020,MESA,1,4,0,0,5,0,297,63,5,0,360,5,5,0
08/07/2020,MESA,2,6,0,0,8,0,303,65,5,0,368,5,8,0
08/08/2020,MESA,0,7,0,0,7,0,310,65,5,0,375,5,7,0
08/09/2020,MESA,1,4,0,0,5,0,314,66,5,0,380,5,5,0
08/10/2020,MESA,0,9,0,0,9,0,323,66,5,0,389,5,9,0
08/11/2020,MESA,1,1,0,0,2,0,324,67,5,0,391,5,2,0
08/12/2020,MESA,2,9,0,0,11,0,333,69,5,0,402,5,11,0
08/13/2020,MESA,4,7,0,0,11,0,340,73,5,0,413,5,11,0
08/14/2020,MESA,0,2,0,1,2,1,342,73,6,0,415,6,2,1
08/15/2020,MESA,1,2,0,0,3,0,344,74,6,0,418,6,3,0
08/16/2020,MESA,3,1,0,0,4,0,345,77,6,0,422,6,4,0
08/17/2020,MESA,0,1,0,0,1,0,346,77,6,0,423,6,1,0
08/18/2020,MESA,0,2,0,0,2,0,348,77,6,0,425,6,2,0
08/19/2020,MESA,0,2,0,0,2,0,350,77,6,0,427,6,2,0
08/20/2020,MESA,0,4,0,0,4,0,354,77,6,0,431,6,4,0
08/21/2020,MESA,1,2,0,0,3,0,356,78,6,0,434,6,3,0
08/22/2020,MESA,0,6,0,0,6,0,362,78,6,0,440,6,6,0
08/23/2020,MESA,0,4,0,0,4,0,366,78,6,0,444,6,4,0
08/24/2020,MESA,1,4,0,0,5,0,370,79,6,0,449,6,5,0
08/25/2020,MESA,0,1,0,0,1,0,371,79,6,0,450,6,1,0
08/26/2020,MESA,0,1,0,0,1,0,372,79,6,0,451,6,1,0
08/27/2020,MESA,0,7,0,0,7,0,379,79,6,0,458,6,7,0
08/28/2020,MESA,0,2,0,0,2,0,381,79,6,0,460,6,2,0
08/29/2020,MESA,0,6,0,0,6,0,387,79,6,0,466,6,6,0
08/30/2020,MESA,0,2,0,0,2,0,389,79,6,0,468,6,2,0
08/31/2020,MESA,1,7,0,0,8,0,396,80,6,0,476,6,8,0
09/01/2020,MESA,0,6,0,0,6,0,402,80,6,0,482,6,6,0
09/02/2020,MESA,2,9,0,0,11,0,411,82,6,0,493,6,11,0
09/03/2020,MESA,0,18,0,0,18,0,429,82,6,0,511,6,18,0
09/04/2020,MESA,0,5,0,0,5,0,434,82,6,0,516,6,5,0
09/05/2020,MESA,0,6,0,0,6,0,440,82,6,0,522,6,6,0
09/06/2020,MESA,0,2,0,0,2,0,442,82,6,0,524,6,2,0
09/07/2020,MESA,0,1,0,0,1,0,443,82,6,0,525,6,1,0
09/08/2020,MESA,0,12,0,0,12,0,455,82,6,0,537,6,12,0
09/09/2020,MESA,0,1,0,0,1,0,456,82,6,0,538,6,1,0
09/10/2020,MESA,0,12,0,0,12,0,468,82,6,0,550,6,12,0
09/11/2020,MESA,0,1,0,0,1,0,469,82,6,0,551,6,1,0
09/12/2020,MESA,0,1,0,0,1,0,470,82,6,0,552,6,1,0
09/13/2020,MESA,0,4,0,0,4,0,474,82,6,0,556,6,4,0
09/14/2020,MESA,0,7,0,0,7,0,481,82,6,0,563,6,7,0
09/15/2020,MESA,0,4,0,0,4,0,485,82,6,0,567,6,4,0
09/16/2020,MESA,0,1,0,0,1,0,486,82,6,0,568,6,1,0
09/17/2020,MESA,0,16,0,0,16,0,502,82,6,0,584,6,16,0
09/18/2020,MESA,0,14,0,0,14,0,516,82,6,0,598,6,14,0
09/19/2020,MESA,0,3,0,0,3,0,519,82,6,0,601,6,3,0
09/20/2020,MESA,0,3,0,0,3,0,522,82,6,0,604,6,3,0
09/21/2020,MESA,2,5,0,0,7,0,527,84,6,0,611,6,7,0
09/22/2020,MESA,0,1,0,0,1,0,528,84,6,0,612,6,1,0
09/23/2020,MESA,1,8,0,0,9,0,536,85,6,0,621,6,9,0
09/24/2020,MESA,0,34,0,0,34,0,570,85,6,0,655,6,34,0
09/25/2020,MESA,0,14,0,0,14,0,584,85,6,0,669,6,14,0
09/26/2020,MESA,0,9,0,0,9,0,593,85,6,0,678,6,9,0
09/27/2020,MESA,1,18,0,0,19,0,611,86,6,0,697,6,19,0
09/28/2020,MESA,3,9,0,1,12,1,620,89,7,0,709,7,12,1
09/29/2020,MESA,2,9,0,0,11,0,629,91,7,0,720,7,11,0
09/30/2020,MESA,0,15,0,0,15,0,644,91,7,0,735,7,15,0
10/01/2020,MESA,1,24,0,0,25,0,668,92,7,0,760,7,25,0
10/02/2020,MESA,0,7,0,0,7,0,675,92,7,0,767,7,7,0
10/03/2020,MESA,0,13,0,0,13,0,688,92,7,0,780,7,13,0
10/04/2020,MESA,2,4,0,0,6,0,692,94,7,0,786,7,6,0
10/05/2020,MESA,0,3,0,1,3,1,695,94,8,0,789,8,3,1
10/06/2020,MESA,0,9,0,0,9,0,704,94,8,0,798,8,9,0
10/07/2020,MESA,0,18,0,0,18,0,722,94,8,0,816,8,18,0
10/08/2020,MESA,0,26,0,0,26,0,748,94,8,0,842,8,26,0
10/09/2020,MESA,0,14,0,1,14,1,762,94,9,0,856,9,14,1
10/10/2020,MESA,0,19,0,0,19,0,781,94,9,0,875,9,19,0
10/11/2020,MESA,0,10,0,0,10,0,791,94,9,0,885,9,10,0
10/12/2020,MESA,1,18,0,0,19,0,809,95,9,0,904,9,19,0
10/13/2020,MESA,0,19,0,0,19,0,828,95,9,0,923,9,19,0
10/14/2020,MESA,0,9,0,0,9,0,837,95,9,0,932,9,9,0
10/15/2020,MESA,9,32,0,0,41,0,869,104,9,0,973,9,41,0
10/16/2020,MESA,3,33,0,0,36,0,902,107,9,0,1009,9,36,0
10/17/2020,MESA,0,26,0,2,26,2,928,107,11,0,1035,11,26,2
10/18/2020,MESA,0,28,0,0,28,0,956,107,11,0,1063,11,28,0
10/19/2020,MESA,5,32,0,0,37,0,988,112,11,0,1100,11,37,0
10/20/2020,MESA,3,13,0,2,16,2,1001,115,13,0,1116,13,16,2
10/21/2020,MESA,1,21,0,5,22,5,1022,116,18,0,1138,18,22,5
10/22/2020,MESA,3,94,0,3,97,3,1116,119,21,0,1235,21,97,3
10/23/2020,MESA,0,66,0,6,66,6,1182,119,27,0,1301,27,66,6
10/24/2020,MESA,5,32,0,0,37,0,1214,124,27,0,1338,27,37,0
10/25/2020,MESA,1,41,0,1,42,1,1255,125,28,0,1380,28,42,1
10/26/2020,MESA,2,60,0,1,62,1,1315,127,29,0,1442,29,62,1
10/27/2020,MESA,1,43,0,8,44,8,1358,128,37,0,1486,37,44,8
10/28/2020,MESA,0,31,0,1,31,1,1389,128,38,0,1517,38,31,1
10/29/2020,MESA,2,56,0,2,58,2,1445,130,40,0,1575,40,58,2
10/30/2020,MESA,0,96,0,3,96,3,1541,130,43,0,1671,43,96,3
10/31/2020,MESA,0,115,0,1,115,1,1656,130,44,0,1786,44,115,1
11/01/2020,MESA,0,47,0,0,47,0,1703,130,44,0,1833,44,47,0
11/02/2020,MESA,0,102,0,0,102,0,1805,130,44,0,1935,44,102,0
11/03/2020,MESA,17,38,0,1,55,1,1843,147,45,0,1990,45,55,1
11/04/2020,MESA,3,74,0,2,77,2,1917,150,47,0,2067,47,77,2
11/05/2020,MESA,2,90,0,0,92,0,2007,152,47,0,2159,47,92,0
11/06/2020,MESA,1,170,0,1,171,1,2177,153,48,0,2330,48,171,1
11/07/2020,MESA,3,199,0,3,202,3,2376,156,51,0,2532,51,202,3
11/08/2020,MESA,1,99,0,1,100,1,2475,157,52,0,2632,52,100,1
11/09/2020,MESA,2,179,0,3,181,3,2654,159,55,0,2813,55,181,3
11/10/2020,MESA,2,124,0,1,126,1,2778,161,56,0,2939,56,126,1
11/11/2020,MESA,4,232,0,3,236,3,3010,165,59,0,3175,59,236,3
11/12/2020,MESA,4,285,0,2,289,2,3295,169,61,0,3464,61,289,2
11/13/2020,MESA,3,114,0,6,117,6,3409,172,67,0,3581,67,117,6
11/14/2020,MESA,0,168,0,3,168,3,3577,172,70,0,3749,70,168,3
11/15/2020,MESA,2,119,0,0,121,0,3696,174,70,0,3870,70,121,0
11/16/2020,MESA,3,108,0,2,111,2,3804,177,72,0,3981,72,111,2
11/17/2020,MESA,1,181,0,2,182,2,3985,178,74,0,4163,74,182,2
11/18/2020,MESA,0,344,0,2,344,2,4329,178,76,0,4507,76,344,2
11/19/2020,MESA,12,162,0,0,174,0,4491,190,76,0,4681,76,174,0
11/20/2020,MESA,1,198,0,5,199,5,4689,191,81,0,4880,81,199,5
11/21/2020,MESA,0,120,0,1,120,1,4809,191,82,0,5000,82,120,1
11/22/2020,MESA,0,161,0,1,161,1,4970,191,83,0,5161,83,161,1
11/23/2020,MESA,9,64,0,1,73,1,5034,200,84,0,5234,84,73,1
11/24/2020,MESA,1,88,0,1,89,1,5122,201,85,0,5323,85,89,1
11/25/2020,MESA,3,268,1,3,271,4,5390,204,88,1,5594,89,271,4
11/26/2020,MESA,2,64,0,3,66,3,5454,206,91,1,5660,92,66,3
11/27/2020,MESA,4,219,1,5,223,6,5673,210,96,2,5883,98,223,6
11/28/2020,MESA,1,90,0,2,91,2,5763,211,98,2,5974,100,91,2
11/29/2020,MESA,2,154,0,0,156,0,5917,213,98,2,6130,100,156,0
11/30/2020,MESA,6,101,3,1,107,4,6018,219,99,5,6237,104,107,4
12/01/2020,MESA,2,118,0,3,120,3,6136,221,102,5,6357,107,120,3
12/02/2020,MESA,2,140,0,2,142,2,6276,223,104,5,6499,109,142,2
12/03/2020,MESA,3,216,0,7,219,7,6492,226,111,5,6718,116,219,7
12/04/2020,MESA,8,152,0,6,160,6,6644,234,117,5,6878,122,160,6
12/05/2020,MESA,3,112,0,0,115,0,6756,237,117,5,6993,122,115,0
12/06/2020,MESA,3,84,0,1,87,1,6840,240,118,5,7080,123,87,1
12/07/2020,MESA,8,120,0,1,128,1,6960,248,119,5,7208,124,128,1
12/08/2020,MESA,2,60,0,2,62,2,7020,250,121,5,7270,126,62,2
12/09/2020,MESA,3,72,1,1,75,2,7092,253,122,6,7345,128,75,2
12/10/2020,MESA,12,151,1,2,163,3,7243,265,124,7,7508,131,163,3
12/11/2020,MESA,4,112,1,0,116,1,7355,269,124,8,7624,132,116,1
12/12/2020,MESA,4,113,1,4,117,5,7468,273,128,9,7741,137,117,5
12/13/2020,MESA,3,135,0,1,138,1,7603,276,129,9,7879,138,138,1
12/14/2020,MESA,1,43,1,2,44,3,7646,277,131,10,7923,141,44,3
12/15/2020,MESA,2,37,1,0,39,1,7683,279,131,11,7962,142,39,1
12/16/2020,MESA,13,150,0,1,163,1,7833,292,132,11,8125,143,163,1
12/17/2020,MESA,6,161,1,1,167,2,7994,298,133,12,8292,145,167,2
12/18/2020,MESA,1,25,0,0,26,0,8019,299,133,12,8318,145,26,0
12/19/2020,MESA,4,86,0,2,90,2,8105,303,135,12,8408,147,90,2
12/20/2020,MESA,6,86,0,1,92,1,8191,309,136,12,8500,148,92,1
12/21/2020,MESA,40,62,1,1,102,2,8253,349,137,13,8602,150,102,2
12/22/2020,MESA,25,27,1,0,52,1,8280,374,137,14,8654,151,52,1
12/23/2020,MESA,10,124,0,0,134,0,8404,384,137,14,8788,151,134,0
12/24/2020,MESA,7,54,0,0,61,0,8458,391,137,14,8849,151,61,0
12/25/2020,MESA,2,71,0,1,73,1,8529,393,138,14,8922,152,73,1
12/26/2020,MESA,4,33,1,0,37,1,8562,397,138,15,8959,153,37,1
12/27/2020,MESA,6,59,0,0,65,0,8621,403,138,15,9024,153,65,0
12/28/2020,MESA,5,23,0,0,28,0,8644,408,138,15,9052,153,28,0
12/29/2020,MESA,6,24,0,0,30,0,8668,414,138,15,9082,153,30,0
12/30/2020,MESA,5,83,0,2,88,2,8751,419,140,15,9170,155,88,2
12/31/2020,MESA,4,141,0,0,145,0,8892,423,140,15,9315,155,145,0
01/01/2021,MESA,3,40,0,0,43,0,8932,426,140,15,9358,155,43,0
01/02/2021,MESA,1,71,0,0,72,0,9003,427,140,15,9430,155,72,0
01/03/2021,MESA,12,141,1,2,153,3,9144,439,142,16,9583,158,153,3
01/04/2021,MESA,12,55,0,1,67,1,9199,451,143,16,9650,159,67,1
01/05/2021,MESA,2,36,0,0,38,0,9235,453,143,16,9688,159,38,0
01/06/2021,MESA,0,167,0,1,167,1,9402,453,144,16,9855,160,167,1
01/07/2021,MESA,8,172,0,1,180,1,9574,461,145,16,10035,161,180,1
01/08/2021,MESA,12,94,0,0,106,0,9668,473,145,16,10141,161,106,0
01/09/2021,MESA,6,71,0,4,77,4,9739,479,149,16,10218,165,77,4
01/10/2021,MESA,3,81,0,2,84,2,9820,482,151,16,10302,167,84,2
01/11/2021,MESA,7,133,0,2,140,2,9953,489,153,16,10442,169,140,2
01/12/2021,MESA,5,131,1,2,136,3,10084,494,155,17,10578,172,136,3
01/13/2021,MESA,7,84,0,5,91,5,10168,501,160,17,10669,177,91,5
01/14/2021,MESA,3,57,0,0,60,0,10225,504,160,17,10729,177,60,0
01/15/2021,MESA,1,87,0,2,88,2,10312,505,162,17,10817,179,88,2
01/16/2021,MESA,7,73,0,0,80,0,10385,512,162,17,10897,179,80,0
01/17/2021,MESA,8,62,0,0,70,0,10447,520,162,17,10967,179,70,0
01/18/2021,MESA,3,200,0,1,203,1,10647,523,163,17,11170,180,203,1
01/19/2021,MESA,4,77,0,1,81,1,10724,527,164,17,11251,181,81,1
01/20/2021,MESA,7,136,0,2,143,2,10860,534,166,17,11394,183,143,2
01/21/2021,MESA,10,87,0,1,97,1,10947,544,167,17,11491,184,97,1
01/22/2021,MESA,8,66,0,0,74,0,11013,552,167,17,11565,184,74,0
01/23/2021,MESA,7,77,0,1,84,1,11090,559,168,17,11649,185,84,1
01/24/2021,MESA,4,98,0,0,102,0,11188,563,168,17,11751,185,102,0
01/25/2021,MESA,7,8,0,0,15,0,11196,570,168,17,11766,185,15,0
01/26/2021,MESA,4,86,0,0,90,0,11282,574,168,17,11856,185,90,0
01/27/2021,MESA,4,103,0,1,107,1,11385,578,169,17,11963,186,107,1
01/28/2021,MESA,7,74,0,1,81,1,11459,585,170,17,12044,187,81,1
01/29/2021,MESA,11,99,0,0,110,0,11558,596,170,17,12154,187,110,0
01/30/2021,MESA,7,88,0,0,95,0,11646,603,170,17,12249,187,95,0
01/31/2021,MESA,4,42,0,0,46,0,11688,607,170,17,12295,187,46,0
02/01/2021,MESA,4,18,0,1,22,1,11706,611,171,17,12317,188,22,1
02/02/2021,MESA,2,104,0,1,106,1,11810,613,172,17,12423,189,106,1
02/03/2021,MESA,4,91,0,2,95,2,11901,617,174,17,12518,191,95,2
02/04/2021,MESA,8,77,0,0,85,0,11978,625,174,17,12603,191,85,0
02/05/2021,MESA,7,45,1,0,52,1,12023,632,174,18,12655,192,52,1
02/06/2021,MESA,6,38,0,0,44,0,12061,638,174,18,12699,192,44,0
02/07/2021,MESA,12,17,0,0,29,0,12078,650,174,18,12728,192,29,0
02/08/2021,MESA,5,24,0,1,29,1,12102,655,175,18,12757,193,29,1
02/09/2021,MESA,5,89,0,1,94,1,12191,660,176,18,12851,194,94,1
02/10/2021,MESA,3,54,0,2,57,2,12245,663,178,18,12908,196,57,2
02/11/2021,MESA,3,13,0,0,16,0,12258,666,178,18,12924,196,16,0
02/12/2021,MESA,0,35,0,0,35,0,12293,666,178,18,12959,196,35,0
02/13/2021,MESA,4,28,0,0,32,0,12321,670,178,18,12991,196,32,0
02/14/2021,MESA,0,4,0,0,4,0,12325,670,178,18,12995,196,4,0
02/15/2021,MESA,2,32,0,0,34,0,12357,672,178,18,13029,196,34,0
02/16/2021,MESA,6,8,1,0,14,1,12365,678,178,19,13043,197,14,1
02/17/2021,MESA,3,45,0,0,48,0,12410,681,178,19,13091,197,48,0
02/18/2021,MESA,3,31,1,2,34,3,12441,684,180,20,13125,200,34,3
02/19/2021,MESA,6,17,0,0,23,0,12458,690,180,20,13148,200,23,0
02/20/2021,MESA,0,11,0,0,11,0,12469,690,180,20,13159,200,11,0
02/21/2021,MESA,1,10,1,1,11,2,12479,691,181,21,13170,202,11,2
02/22/2021,MESA,9,18,2,0,27,2,12497,700,181,23,13197,204,27,2
02/23/2021,MESA,7,29,0,0,36,0,12526,707,181,23,13233,204,36,0
02/24/2021,MESA,4,60,0,0,64,0,12586,711,181,23,13297,204,64,0
02/25/2021,MESA,0,23,0,3,23,3,12609,711,184,23,13320,207,23,3
02/26/2021,MESA,7,43,0,1,50,1,12652,718,185,23,13370,208,50,1
02/27/2021,MESA,1,28,0,0,29,0,12680,719,185,23,13399,208,29,0
02/28/2021,MESA,6,15,0,0,21,0,12695,725,185,23,13420,208,21,0
03/01/2021,MESA,1,10,0,0,11,0,12705,726,185,23,13431,208,11,0
03/02/2021,MESA,5,28,0,0,33,0,12733,731,185,23,13464,208,33,0
03/03/2021,MESA,4,17,0,0,21,0,12750,735,185,23,13485,208,21,0
03/04/2021,MESA,1,23,1,0,24,1,12773,736,185,24,13509,209,24,1
03/05/2021,MESA,0,16,0,1,16,1,12789,736,186,24,13525,210,16,1
03/06/2021,MESA,2,14,0,1,16,1,12803,738,187,24,13541,211,16,1
03/07/2021,MESA,0,6,0,0,6,0,12809,738,187,24,13547,211,6,0
03/08/2021,MESA,2,3,0,0,5,0,12812,740,187,24,13552,211,5,0
03/09/2021,MESA,1,18,0,0,19,0,12830,741,187,24,13571,211,19,0
03/10/2021,MESA,6,12,0,1,18,1,12842,747,188,24,13589,212,18,1
03/11/2021,MESA,2,16,0,0,18,0,12858,749,188,24,13607,212,18,0
03/12/2021,MESA,0,7,0,0,7,0,12865,749,188,24,13614,212,7,0
03/13/2021,MESA,0,12,0,0,12,0,12877,749,188,24,13626,212,12,0
03/14/2021,MESA,1,2,0,0,3,0,12879,750,188,24,13629,212,3,0
03/15/2021,MESA,1,1,0,0,2,0,12880,751,188,24,13631,212,2,0
03/16/2021,MESA,2,19,0,0,21,0,12899,753,188,24,13652,212,21,0
03/17/2021,MESA,0,10,0,0,10,0,12909,753,188,24,13662,212,10,0
03/18/2021,MESA,0,11,0,0,11,0,12920,753,188,24,13673,212,11,0
03/19/2021,MESA,0,9,0,0,9,0,12929,753,188,24,13682,212,9,0
03/20/2021,MESA,0,5,0,0,5,0,12934,753,188,24,13687,212,5,0
03/21/2021,MESA,1,1,0,0,2,0,12935,754,188,24,13689,212,2,0
03/22/2021,MESA,0,9,0,0,9,0,12944,754,188,24,13698,212,9,0
03/23/2021,MESA,0,8,0,0,8,0,12952,754,188,24,13706,212,8,0
03/24/2021,MESA,0,14,0,0,14,0,12966,754,188,24,13720,212,14,0
03/25/2021,MESA,1,13,0,0,14,0,12979,755,188,24,13734,212,14,0
03/26/2021,MESA,0,11,0,0,11,0,12990,755,188,24,13745,212,11,0
03/27/2021,MESA,2,2,0,0,4,0,12992,757,188,24,13749,212,4,0
03/28/2021,MESA,1,5,0,0,6,0,12997,758,188,24,13755,212,6,0
03/29/2021,MESA,1,4,0,0,5,0,13001,759,188,24,13760,212,5,0
03/30/2021,MESA,0,11,0,0,11,0,13012,759,188,24,13771,212,11,0
03/31/2021,MESA,2,24,0,0,26,0,13036,761,188,24,13797,212,26,0
04/01/2021,MESA,0,9,0,0,9,0,13045,761,188,24,13806,212,9,0
04/02/2021,MESA,6,10,0,0,16,0,13055,767,188,24,13822,212,16,0
04/03/2021,MESA,1,9,0,0,10,0,13064,768,188,24,13832,212,10,0
04/04/2021,MESA,0,2,0,0,2,0,13066,768,188,24,13834,212,2,0
04/05/2021,MESA,0,3,0,0,3,0,13069,768,188,24,13837,212,3,0
04/06/2021,MESA,0,20,0,0,20,0,13089,768,188,24,13857,212,20,0
04/07/2021,MESA,0,9,0,1,9,1,13098,768,189,24,13866,213,9,1
04/08/2021,MESA,1,15,0,0,16,0,13113,769,189,24,13882,213,16,0
04/09/2021,MESA,0,15,0,0,15,0,13128,769,189,24,13897,213,15,0
04/10/2021,MESA,0,14,0,0,14,0,13142,769,189,24,13911,213,14,0
04/11/2021,MESA,7,2,0,0,9,0,13144,776,189,24,13920,213,9,0
04/12/2021,MESA,0,18,0,1,18,1,13162,776,190,24,13938,214,18,1
04/13/2021,MESA,2,15,0,1,17,1,13177,778,191,24,13955,215,17,1
04/14/2021,MESA,4,32,0,0,36,0,13209,782,191,24,13991,215,36,0
04/15/2021,MESA,1,19,0,0,20,0,13228,783,191,24,14011,215,20,0
04/16/2021,MESA,4,29,0,1,33,1,13257,787,192,24,14044,216,33,1
04/17/2021,MESA,0,16,0,1,16,1,13273,787,193,24,14060,217,16,1
04/18/2021,MESA,2,3,0,0,5,0,13276,789,193,24,14065,217,5,0
04/19/2021,MESA,2,17,0,0,19,0,13293,791,193,24,14084,217,19,0
04/20/2021,MESA,8,28,0,0,36,0,13321,799,193,24,14120,217,36,0
04/21/2021,MESA,4,24,0,0,28,0,13345,803,193,24,14148,217,28,0
04/22/2021,MESA,3,29,0,0,32,0,13374,806,193,24,14180,217,32,0
04/23/2021,MESA,6,40,0,0,46,0,13414,812,193,24,14226,217,46,0
04/24/2021,MESA,0,20,0,1,20,1,13434,812,194,24,14246,218,20,1
04/25/2021,MESA,1,21,0,0,22,0,13455,813,194,24,14268,218,22,0
04/26/2021,MESA,2,13,0,0,15,0,13468,815,194,24,14283,218,15,0
04/27/2021,MESA,4,43,1,1,47,2,13511,819,195,25,14330,220,47,2
04/28/2021,MESA,5,78,0,1,83,1,13589,824,196,25,14413,221,83,1
04/29/2021,MESA,1,22,0,0,23,0,13611,825,196,25,14436,221,23,0
04/30/2021,MESA,8,53,0,0,61,0,13664,833,196,25,14497,221,61,0
05/01/2021,MESA,3,32,0,0,35,0,13696,836,196,25,14532,221,35,0
05/02/2021,MESA,3,19,0,0,22,0,13715,839,196,25,14554,221,22,0
05/03/2021,MESA,3,17,0,1,20,1,13732,842,197,25,14574,222,20,1
05/04/2021,MESA,6,31,0,1,37,1,13763,848,198,25,14611,223,37,1
05/05/2021,MESA,6,50,0,0,56,0,13813,854,198,25,14667,223,56,0
05/06/2021,MESA,10,34,0,1,44,1,13847,864,199,25,14711,224,44,1
05/07/2021,MESA,5,68,0,0,73,0,13915,869,199,25,14784,224,73,0
05/08/2021,MESA,6,20,0,0,26,0,13935,875,199,25,14810,224,26,0
05/09/2021,MESA,0,30,0,0,30,0,13965,875,199,25,14840,224,30,0
05/10/2021,MESA,9,17,0,2,26,2,13982,884,201,25,14866,226,26,2
05/11/2021,MESA,3,37,0,1,40,1,14019,887,202,25,14906,227,40,1
05/12/2021,MESA,3,69,0,1,72,1,14088,890,203,25,14978,228,72,1
05/13/2021,MESA,8,73,0,1,81,1,14161,898,204,25,15059,229,81,1
05/14/2021,MESA,3,45,0,1,48,1,14206,901,205,25,15107,230,48,1
05/15/2021,MESA,0,23,0,0,23,0,14229,901,205,25,15130,230,23,0
05/16/2021,MESA,6,32,0,0,38,0,14261,907,205,25,15168,230,38,0
05/17/2021,MESA,10,18,0,1,28,1,14279,917,206,25,15196,231,28,1
05/18/2021,MESA,6,63,0,1,69,1,14342,923,207,25,15265,232,69,1
05/19/2021,MESA,9,45,0,0,54,0,14387,932,207,25,15319,232,54,0
05/20/2021,MESA,13,26,1,0,39,1,14413,945,207,26,15358,233,39,1
05/21/2021,MESA,2,49,0,1,51,1,14462,947,208,26,15409,234,51,1
05/22/2021,MESA,0,18,0,1,18,1,14480,947,209,26,15427,235,18,1
05/23/2021,MESA,6,24,0,0,30,0,14504,953,209,26,15457,235,30,0
05/24/2021,MESA,10,82,0,1,92,1,14586,963,210,26,15549,236,92,1
05/25/2021,MESA,8,49,0,0,57,0,14635,971,210,26,15606,236,57,0
05/26/2021,MESA,6,74,1,1,80,2,14709,977,211,27,15686,238,80,2
05/27/2021,MESA,5,70,0,0,75,0,14779,982,211,27,15761,238,75,0
05/28/2021,MESA,9,42,0,0,51,0,14821,991,211,27,15812,238,51,0
05/29/2021,MESA,5,44,0,0,49,0,14865,996,211,27,15861,238,49,0
05/30/2021,MESA,1,29,0,0,30,0,14894,997,211,27,15891,238,30,0
05/31/2021,MESA,4,19,0,0,23,0,14913,1001,211,27,15914,238,23,0
06/01/2021,MESA,10,26,0,0,36,0,14939,1011,211,27,15950,238,36,0
06/02/2021,MESA,16,69,0,0,85,0,15008,1027,211,27,16035,238,85,0
06/03/2021,MESA,9,66,1,3,75,4,15074,1036,214,28,16110,242,75,4
06/04/2021,MESA,7,54,0,0,61,0,15128,1043,214,28,16171,242,61,0
06/05/2021,MESA,1,46,0,3,47,3,15174,1044,217,28,16218,245,47,3
06/06/2021,MESA,0,26,0,2,26,2,15200,1044,219,28,16244,247,26,2
06/07/2021,MESA,16,31,1,0,47,1,15231,1060,219,29,16291,248,47,1
06/08/2021,MESA,8,56,0,0,64,0,15287,1068,219,29,16355,248,64,0
06/09/2021,MESA,4,49,0,2,53,2,15336,1072,221,29,16408,250,53,2
06/10/2021,MESA,1,43,0,0,44,0,15379,1073,221,29,16452,250,44,0
06/11/2021,MESA,11,37,0,1,48,1,15416,1084,222,29,16500,251,48,1
06/12/2021,MESA,0,28,0,1,28,1,15444,1084,223,29,16528,252,28,1
06/13/2021,MESA,12,21,0,0,33,0,15465,1096,223,29,16561,252,33,0
06/14/2021,MESA,1,13,0,0,14,0,15478,1097,223,29,16575,252,14,0
06/15/2021,MESA,2,42,0,1,44,1,15520,1099,224,29,16619,253,44,1
06/16/2021,MESA,2,41,0,1,43,1,15561,1101,225,29,16662,254,43,1
06/17/2021,MESA,7,32,0,0,39,0,15593,1108,225,29,16701,254,39,0
06/18/2021,MESA,7,28,1,0,35,1,15621,1115,225,30,16736,255,35,1
06/19/2021,MESA,0,32,0,0,32,0,15653,1115,225,30,16768,255,32,0
06/20/2021,MESA,14,23,0,0,37,0,15676,1129,225,30,16805,255,37,0
06/21/2021,MESA,8,16,1,1,24,2,15692,1137,226,31,16829,257,24,2
06/22/2021,MESA,9,50,0,0,59,0,15742,1146,226,31,16888,257,59,0
06/23/2021,MESA,6,66,0,0,72,0,15808,1152,226,31,16960,257,72,0
06/24/2021,MESA,6,37,0,0,43,0,15845,1158,226,31,17003,257,43,0
06/25/2021,MESA,6,48,0,1,54,1,15893,1164,227,31,17057,258,54,1
06/26/2021,MESA,0,29,0,1,29,1,15922,1164,228,31,17086,259,29,1
06/27/2021,MESA,1,25,0,0,26,0,15947,1165,228,31,17112,259,26,0
06/28/2021,MESA,15,34,0,2,49,2,15981,1180,230,31,17161,261,49,2
06/29/2021,MESA,2,60,0,1,62,1,16041,1182,231,31,17223,262,62,1
06/30/2021,MESA,1,59,0,1,60,1,16100,1183,232,31,17283,263,60,1
07/01/2021,MESA,4,61,0,2,65,2,16161,1187,234,31,17348,265,65,2
07/02/2021,MESA,10,48,0,0,58,0,16209,1197,234,31,17406,265,58,0
07/03/2021,MESA,0,35,0,0,35,0,16244,1197,234,31,17441,265,35,0
07/04/2021,MESA,0,9,0,0,9,0,16253,1197,234,31,17450,265,9,0
07/05/2021,MESA,10,10,0,0,20,0,16263,1207,234,31,17470,265,20,0
07/06/2021,MESA,5,25,0,0,30,0,16288,1212,234,31,17500,265,30,0
07/07/2021,MESA,2,59,0,0,61,0,16347,1214,234,31,17561,265,61,0
07/08/2021,MESA,5,26,0,0,31,0,16373,1219,234,31,17592,265,31,0
07/09/2021,MESA,8,45,0,1,53,1,16418,1227,235,31,17645,266,53,1
07/10/2021,MESA,0,11,0,0,11,0,16429,1227,235,31,17656,266,11,0
07/11/2021,MESA,0,22,0,1,22,1,16451,1227,236,31,17678,267,22,1
07/12/2021,MESA,3,30,0,0,33,0,16481,1230,236,31,17711,267,33,0
07/13/2021,MESA,12,25,0,0,37,0,16506,1242,236,31,17748,267,37,0
07/14/2021,MESA,3,53,0,1,56,1,16559,1245,237,31,17804,268,56,1
07/15/2021,MESA,6,32,0,2,38,2,16591,1251,239,31,17842,270,38,2
07/16/2021,MESA,2,20,0,0,22,0,16611,1253,239,31,17864,270,22,0
07/17/2021,MESA,8,22,0,0,30,0,16633,1261,239,31,17894,270,30,0
07/18/2021,MESA,0,22,0,0,22,0,16655,1261,239,31,17916,270,22,0
07/19/2021,MESA,4,20,0,0,24,0,16675,1265,239,31,17940,270,24,0
07/20/2021,MESA,2,47,0,0,49,0,16722,1267,239,31,17989,270,49,0
07/21/2021,MESA,4,31,0,0,35,0,16753,1271,239,31,18024,270,35,0
07/22/2021,MESA,38,22,0,1,60,1,16775,1309,240,31,18084,271,60,1
07/23/2021,MESA,7,26,0,1,33,1,16801,1316,241,31,18117,272,33,1
07/24/2021,MESA,2,10,0,0,12,0,16811,1318,241,31,18129,272,12,0
07/25/2021,MESA,0,17,0,1,17,1,16828,1318,242,31,18146,273,17,1
07/26/2021,MESA,10,26,0,0,36,0,16854,1328,242,31,18182,273,36,0
07/27/2021,MESA,4,36,0,0,40,0,16890,1332,242,31,18222,273,40,0
07/28/2021,MESA,2,36,0,1,38,1,16926,1334,243,31,18260,274,38,1
07/29/2021,MESA,4,25,0,0,29,0,16951,1338,243,31,18289,274,29,0
07/30/2021,MESA,3,31,0,1,34,1,16982,1341,244,31,18323,275,34,1
07/31/2021,MESA,0,21,0,0,21,0,17003,1341,244,31,18344,275,21,0
08/01/2021,MESA,0,19,0,0,19,0,17022,1341,244,31,18363,275,19,0
08/02/2021,MESA,2,16,0,0,18,0,17038,1343,244,31,18381,275,18,0
08/03/2021,MESA,8,21,1,0,29,1,17059,1351,244,32,18410,276,29,1
08/04/2021,MESA,3,26,0,1,29,1,17085,1354,245,32,18439,277,29,1
08/05/2021,MESA,7,21,0,1,28,1,17106,1361,246,32,18467,278,28,1
08/06/2021,MESA,10,15,0,0,25,0,17121,1371,246,32,18492,278,25,0
08/07/2021,MESA,0,15,0,1,15,1,17136,1371,247,32,18507,279,15,1
08/08/2021,MESA,0,4,0,0,4,0,17140,1371,247,32,18511,279,4,0
08/09/2021,MESA,5,12,0,0,17,0,17152,1376,247,32,18528,279,17,0
08/10/2021,MESA,2,32,0,0,34,0,17184,1378,247,32,18562,279,34,0
08/11/2021,MESA,4,25,1,0,29,1,17209,1382,247,33,18591,280,29,1
08/12/2021,MESA,4,31,0,0,35,0,17240,1386,247,33,18626,280,35,0
08/13/2021,MESA,2,15,0,0,17,0,17255,1388,247,33,18643,280,17,0
08/14/2021,MESA,5,22,0,1,27,1,17277,1393,248,33,18670,281,27,1
08/15/2021,MESA,4,22,0,0,26,0,17299,1397,248,33,18696,281,26,0
08/16/2021,MESA,8,22,0,1,30,1,17321,1405,249,33,18726,282,30,1
08/17/2021,MESA,12,52,0,0,64,0,17373,1417,249,33,18790,282,64,0
08/18/2021,MESA,8,44,0,1,52,1,17417,1425,250,33,18842,283,52,1
08/19/2021,MESA,8,40,0,1,48,1,17457,1433,251,33,18890,284,48,1
08/20/2021,MESA,6,41,0,0,47,0,17498,1439,251,33,18937,284,47,0
08/21/2021,MESA,4,34,0,0,38,0,17532,1443,251,33,18975,284,38,0
08/22/2021,MESA,0,31,0,0,31,0,17563,1443,251,33,19006,284,31,0
08/23/2021,MESA,9,25,0,0,34,0,17588,1452,251,33,19040,284,34,0
08/24/2021,MESA,9,12,0,0,21,0,17600,1461,251,33,19061,284,21,0
08/25/2021,MESA,9,98,0,0,107,0,17698,1470,251,33,19168,284,107,0
08/26/2021,MESA,19,78,0,0,97,0,17776,1489,251,33,19265,284,97,0
08/27/2021,MESA,15,69,0,0,84,0,17845,1504,251,33,19349,284,84,0
08/28/2021,MESA,5,35,0,0,40,0,17880,1509,251,33,19389,284,40,0
08/29/2021,MESA,4,25,1,0,29,1,17905,1513,251,34,19418,285,29,1
08/30/2021,MESA,15,51,1,0,66,1,17956,1528,251,35,19484,286,66,1
08/31/2021,MESA,16,67,0,1,83,1,18023,1544,252,35,19567,287,83,1
09/01/2021,MESA,14,68,0,0,82,0,18091,1558,252,35,19649,287,82,0
09/02/2021,MESA,9,74,0,1,83,1,18165,1567,253,35,19732,288,83,1
09/03/2021,MESA,8,74,0,0,82,0,18239,1575,253,35,19814,288,82,0
09/04/2021,MESA,3,54,0,0,57,0,18293,1578,253,35,19871,288,57,0
09/05/2021,MESA,2,41,0,0,43,0,18334,1580,253,35,19914,288,43,0
09/06/2021,MESA,1,19,0,0,20,0,18353,1581,253,35,19934,288,20,0
09/07/2021,MESA,9,34,0,0,43,0,18387,1590,253,35,19977,288,43,0
09/08/2021,MESA,6,78,0,0,84,0,18465,1596,253,35,20061,288,84,0
09/09/2021,MESA,12,70,1,0,82,1,18535,1608,253,36,20143,289,82,1
09/10/2021,MESA,9,82,0,0,91,0,18617,1617,253,36,20234,289,91,0
09/11/2021,MESA,2,70,0,2,72,2,18687,1619,255,36,20306,291,72,2
09/12/2021,MESA,0,20,0,0,20,0,18707,1619,255,36,20326,291,20,0
09/13/2021,MESA,10,33,0,1,43,1,18740,1629,256,36,20369,292,43,1
09/14/2021,MESA,20,133,0,3,153,3,18873,1649,259,36,20522,295,153,3
09/15/2021,MESA,3,79,0,0,82,0,18952,1652,259,36,20604,295,82,0
09/16/2021,MESA,15,69,0,3,84,3,19021,1667,262,36,20688,298,84,3
09/17/2021,MESA,13,55,0,2,68,2,19076,1680,264,36,20756,300,68,2
09/18/2021,MESA,0,73,0,0,73,0,19149,1680,264,36,20829,300,73,0
09/19/2021,MESA,2,9,0,0,11,0,19158,1682,264,36,20840,300,11,0
09/20/2021,MESA,11,46,0,5,57,5,19204,1693,269,36,20897,305,57,5
09/21/2021,MESA,10,86,0,1,96,1,19290,1703,270,36,20993,306,96,1
09/22/2021,MESA,7,110,0,2,117,2,19400,1710,272,36,21110,308,117,2
09/23/2021,MESA,4,89,0,2,93,2,19489,1714,274,36,21203,310,93,2
09/24/2021,MESA,3,90,0,3,93,3,19579,1717,277,36,21296,313,93,3
09/25/2021,MESA,2,92,0,1,94,1,19671,1719,278,36,21390,314,94,1
09/26/2021,MESA,4,12,0,0,16,0,19683,1723,278,36,21406,314,16,0
09/27/2021,MESA,7,78,0,1,85,1,19761,1730,279,36,21491,315,85,1
09/28/2021,MESA,14,107,0,1,121,1,19868,1744,280,36,21612,316,121,1
09/29/2021,MESA,6,91,0,0,97,0,19959,1750,280,36,21709,316,97,0
09/30/2021,MESA,7,100,0,1,107,1,20059,1757,281,36,21816,317,107,1
10/01/2021,MESA,3,131,0,2,134,2,20190,1760,283,36,21950,319,134,2
10/02/2021,MESA,9,54,0,1,63,1,20244,1769,284,36,22013,320,63,1
10/03/2021,MESA,1,34,0,3,35,3,20278,1770,287,36,22048,323,35,3
10/04/2021,MESA,9,60,0,3,69,3,20338,1779,290,36,22117,326,69,3
10/05/2021,MESA,17,90,0,0,107,0,20428,1796,290,36,22224,326,107,0
10/06/2021,MESA,19,109,0,0,128,0,20537,1815,290,36,22352,326,128,0
10/07/2021,MESA,18,87,0,0,105,0,20624,1833,290,36,22457,326,105,0
10/08/2021,MESA,11,135,0,3,146,3,20759,1844,293,36,22603,329,146,3
10/09/2021,MESA,3,51,0,1,54,1,20810,1847,294,36,22657,330,54,1
10/10/2021,MESA,1,27,0,1,28,1,20837,1848,295,36,22685,331,28,1
10/11/2021,MESA,20,34,0,1,54,1,20871,1868,296,36,22739,332,54,1
10/12/2021,MESA,12,73,0,2,85,2,20944,1880,298,36,22824,334,85,2
10/13/2021,MESA,9,129,1,2,138,3,21073,1889,300,37,22962,337,138,3
10/14/2021,MESA,13,98,0,3,111,3,21171,1902,303,37,23073,340,111,3
10/15/2021,MESA,14,86,0,0,100,0,21257,1916,303,37,23173,340,100,0
10/16/2021,MESA,2,35,0,1,37,1,21292,1918,304,37,23210,341,37,1
10/17/2021,MESA,0,19,0,3,19,3,21311,1918,307,37,23229,344,19,3
10/18/2021,MESA,15,96,0,1,111,1,21407,1933,308,37,23340,345,111,1
10/19/2021,MESA,4,136,0,3,140,3,21543,1937,311,37,23480,348,140,3
10/20/2021,MESA,10,92,0,1,102,1,21635,1947,312,37,23582,349,102,1
10/21/2021,MESA,9,116,0,2,125,2,21751,1956,314,37,23707,351,125,2
10/22/2021,MESA,10,102,0,2,112,2,21853,1966,316,37,23819,353,112,2
10/23/2021,MESA,12,59,0,2,71,2,21912,1978,318,37,23890,355,71,2
10/24/2021,MESA,1,49,0,2,50,2,21961,1979,320,37,23940,357,50,2
10/25/2021,MESA,9,52,0,0,61,0,22013,1988,320,37,24001,357,61,0
10/26/2021,MESA,22,97,0,0,119,0,22110,2010,320,37,24120,357,119,0
10/27/2021,MESA,16,165,0,4,181,4,22275,2026,324,37,24301,361,181,4
10/28/2021,MESA,18,105,0,0,123,0,22380,2044,324,37,24424,361,123,0
10/29/2021,MESA,29,102,0,1,131,1,22482,2073,325,37,24555,362,131,1
10/30/2021,MESA,1,86,0,2,87,2,22568,2074,327,37,24642,364,87,2
10/31/2021,MESA,13,39,0,0,52,0,22607,2087,327,37,24694,364,52,0
11/01/2021,MESA,18,36,0,5,54,5,22643,2105,332,37,24748,369,54,5
11/02/2021,MESA,37,141,0,3,178,3,22784,2142,335,37,24926,372,178,3
11/03/2021,MESA,31,149,1,5,180,6,22933,2173,340,38,25106,378,180,6
11/04/2021,MESA,26,167,0,4,193,4,23100,2199,344,38,25299,382,193,4
11/05/2021,MESA,21,122,0,3,143,3,23222,2220,347,38,25442,385,143,3
11/06/2021,MESA,4,93,0,3,97,3,23315,2224,350,38,25539,388,97,3
11/07/2021,MESA,0,40,0,2,40,2,23355,2224,352,38,25579,390,40,2
11/08/2021,MESA,19,76,0,0,95,0,23431,2243,352,38,25674,390,95,0
11/09/2021,MESA,50,228,0,5,278,5,23659,2293,357,38,25952,395,278,5
11/10/2021,MESA,17,148,0,2,165,2,23807,2310,359,38,26117,397,165,2
11/11/2021,MESA,16,128,0,3,144,3,23935,2326,362,38,26261,400,144,3
11/12/2021,MESA,18,104,0,3,122,3,24039,2344,365,38,26383,403,122,3
11/13/2021,MESA,8,85,0,0,93,0,24124,2352,365,38,26476,403,93,0
11/14/2021,MESA,11,52,0,1,63,1,24176,2363,366,38,26539,404,63,1
11/15/2021,MESA,9,99,0,1,108,1,24275,2372,367,38,26647,405,108,1
11/16/2021,MESA,62,151,1,1,213,2,24426,2434,368,39,26860,407,213,2
11/17/2021,MESA,35,98,0,2,133,2,24524,2469,370,39,26993,409,133,2
11/18/2021,MESA,14,125,1,0,139,1,24649,2483,370,40,27132,410,139,1
11/19/2021,MESA,8,96,0,2,104,2,24745,2491,372,40,27236,412,104,2
11/20/2021,MESA,14,77,0,0,91,0,24822,2505,372,40,27327,412,91,0
11/21/2021,MESA,0,53,0,2,53,2,24875,2505,374,40,27380,414,53,2
11/22/2021,MESA,6,94,1,3,100,4,24969,2511,377,41,27480,418,100,4
11/23/2021,MESA,9,84,1,1,93,2,25053,2520,378,42,27573,420,93,2
11/24/2021,MESA,4,111,0,3,115,3,25164,2524,381,42,27688,423,115,3
11/25/2021,MESA,20,27,0,2,47,2,25191,2544,383,42,27735,425,47,2
11/26/2021,MESA,4,72,0,1,76,1,25263,2548,384,42,27811,426,76,1
11/27/2021,MESA,15,45,0,4,60,4,25308,2563,388,42,27871,430,60,4
11/28/2021,MESA,4,16,0,1,20,1,25324,2567,389,42,27891,431,20,1
11/29/2021,MESA,9,103,0,3,112,3,25427,2576,392,42,28003,434,112,3
11/30/2021,MESA,16,145,0,1,161,1,25572,2592,393,42,28164,435,161,1
12/01/2021,MESA,20,101,0,1,121,1,25673,2612,394,42,28285,436,121,1
12/02/2021,MESA,11,113,0,0,124,0,25786,2623,394,42,28409,436,124,0
12/03/2021,MESA,13,100,2,2,113,4,25886,2636,396,44,28522,440,113,4
12/04/2021,MESA,9,56,0,0,65,0,25942,2645,396,44,28587,440,65,0
12/05/2021,MESA,0,20,0,1,20,1,25962,2645,397,44,28607,441,20,1
12/06/2021,MESA,4,79,0,3,83,3,26041,2649,400,44,28690,444,83,3
12/07/2021,MESA,26,115,0,0,141,0,26156,2675,400,44,28831,444,141,0
12/08/2021,MESA,28,91,0,0,119,0,26247,2703,400,44,28950,444,119,0
12/09/2021,MESA,24,66,3,2,90,5,26313,2727,402,47,29040,449,90,5
12/10/2021,MESA,19,63,1,2,82,3,26376,2746,404,48,29122,452,82,3
12/11/2021,MESA,2,19,0,3,21,3,26395,2748,407,48,29143,455,21,3
12/12/2021,MESA,0,18,0,3,18,3,26413,2748,410,48,29161,458,18,3
12/13/2021,MESA,18,57,0,1,75,1,26470,2766,411,48,29236,459,75,1
12/14/2021,MESA,37,80,2,0,117,2,26550,2803,411,50,29353,461,117,2
12/15/2021,MESA,21,70,1,0,91,1,26620,2824,411,51,29444,462,91,1
12/16/2021,MESA,10,54,0,0,64,0,26674,2834,411,51,29508,462,64,0
12/17/2021,MESA,12,68,0,4,80,4,26742,2846,415,51,29588,466,80,4
12/18/2021,MESA,17,28,0,1,45,1,26770,2863,416,51,29633,467,45,1
12/19/2021,MESA,8,22,0,1,30,1,26792,2871,417,51,29663,468,30,1
12/20/2021,MESA,21,40,0,3,61,3,26832,2892,420,51,29724,471,61,3
12/21/2021,MESA,21,48,0,1,69,1,26880,2913,421,51,29793,472,69,1
12/22/2021,MESA,24,72,1,3,96,4,26952,2937,424,52,29889,476,96,4
12/23/2021,MESA,52,75,0,1,127,1,27027,2989,425,52,30016,477,127,1
12/24/2021,MESA,12,48,0,2,60,2,27075,3001,427,52,30076,479,60,2
12/25/2021,MESA,0,30,0,0,30,0,27105,3001,427,52,30106,479,30,0
12/26/2021,MESA,5,37,0,0,42,0,27142,3006,427,52,30148,479,42,0
12/27/2021,MESA,25,50,0,0,75,0,27192,3031,427,52,30223,479,75,0
12/28/2021,MESA,89,93,0,1,182,1,27285,3120,428,52,30405,480,182,1
12/29/2021,MESA,20,86,1,0,106,1,27371,3140,428,53,30511,481,106,1
12/30/2021,MESA,33,125,2,1,158,3,27496,3173,429,55,30669,484,158,3
12/31/2021,MESA,19,175,1,1,194,2,27671,3192,430,56,30863,486,194,2
01/01/2022,MESA,3,79,0,0,82,0,27750,3195,430,56,30945,486,82,0
01/02/2022,MESA,11,20,0,0,31,0,27770,3206,430,56,30976,486,31,0
01/03/2022,MESA,22,48,0,1,70,1,27818,3228,431,56,31046,487,70,1
01/04/2022,MESA,60,155,0,1,215,1,27973,3288,432,56,31261,488,215,1
01/05/2022,MESA,60,126,2,0,186,2,28099,3348,432,58,31447,490,186,2
01/06/2022,MESA,47,479,1,7,526,8,28578,3395,439,59,31973,498,526,8
01/07/2022,MESA,58,164,0,1,222,1,28742,3453,440,59,32195,499,222,1
01/08/2022,MESA,15,89,0,0,104,0,28831,3468,440,59,32299,499,104,0
01/09/2022,MESA,12,73,0,2,85,2,28904,3480,442,59,32384,501,85,2
01/10/2022,MESA,74,227,0,1,301,1,29131,3554,443,59,32685,502,301,1
01/11/2022,MESA,68,140,0,1,208,1,29271,3622,444,59,32893,503,208,1
01/12/2022,MESA,69,356,1,2,425,3,29627,3691,446,60,33318,506,425,3
01/13/2022,MESA,87,179,0,1,266,1,29806,3778,447,60,33584,507,266,1
01/14/2022,MESA,75,340,1,3,415,4,30146,3853,450,61,33999,511,415,4
01/15/2022,MESA,16,184,0,1,200,1,30330,3869,451,61,34199,512,200,1
01/16/2022,MESA,5,199,0,0,204,0,30529,3874,451,61,34403,512,204,0
01/17/2022,MESA,48,311,0,1,359,1,30840,3922,452,61,34762,513,359,1
01/18/2022,MESA,74,371,0,1,445,1,31211,3996,453,61,35207,514,445,1
01/19/2022,MESA,99,300,0,3,399,3,31511,4095,456,61,35606,517,399,3
01/20/2022,MESA,116,399,0,0,515,0,31910,4211,456,61,36121,517,515,0
01/21/2022,MESA,97,307,0,1,404,1,32217,4308,457,61,36525,518,404,1
01/22/2022,MESA,33,249,0,0,282,0,32466,4341,457,61,36807,518,282,0
01/23/2022,MESA,26,214,0,0,240,0,32680,4367,457,61,37047,518,240,0
01/24/2022,MESA,134,171,0,0,305,0,32851,4501,457,61,37352,518,305,0
01/25/2022,MESA,85,296,0,2,381,2,33147,4586,459,61,37733,520,381,2
01/26/2022,MESA,64,285,0,0,349,0,33432,4650,459,61,38082,520,349,0
01/27/2022,MESA,72,324,0,0,396,0,33756,4722,459,61,38478,520,396,0
01/28/2022,MESA,40,314,0,0,354,0,34070,4762,459,61,38832,520,354,0
01/29/2022,MESA,58,131,0,1,189,1,34201,4820,460,61,39021,521,189,1
01/30/2022,MESA,13,113,0,0,126,0,34314,4833,460,61,39147,521,126,0
01/31/2022,MESA,60,81,0,1,141,1,34395,4893,461,61,39288,522,141,1
02/01/2022,MESA,60,201,0,0,261,0,34596,4953,461,61,39549,522,261,0
02/02/2022,MESA,50,202,0,0,252,0,34798,5003,461,61,39801,522,252,0
02/03/2022,MESA,40,117,0,0,157,0,34915,5043,461,61,39958,522,157,0
02/04/2022,MESA,53,135,1,0,188,1,35050,5096,461,62,40146,523,188,1
02/05/2022,MESA,10,76,1,0,86,1,35126,5106,461,63,40232,524,86,1
02/06/2022,MESA,1,68,0,0,69,0,35194,5107,461,63,40301,524,69,0
02/07/2022,MESA,25,47,0,0,72,0,35241,5132,461,63,40373,524,72,0
02/08/2022,MESA,30,99,0,0,129,0,35340,5162,461,63,40502,524,129,0
02/09/2022,MESA,42,126,0,1,168,1,35466,5204,462,63,40670,525,168,1
02/10/2022,MESA,15,64,0,0,79,0,35530,5219,462,63,40749,525,79,0
02/11/2022,MESA,20,71,0,0,91,0,35601,5239,462,63,40840,525,91,0
02/12/2022,MESA,13,55,0,0,68,0,35656,5252,462,63,40908,525,68,0
02/13/2022,MESA,6,39,0,1,45,1,35695,5258,463,63,40953,526,45,1
02/14/2022,MESA,15,24,0,0,39,0,35719,5273,463,63,40992,526,39,0
02/15/2022,MESA,18,70,0,1,88,1,35789,5291,464,63,41080,527,88,1
02/16/2022,MESA,14,60,0,1,74,1,35849,5305,465,63,41154,528,74,1
02/17/2022,MESA,9,67,0,0,76,0,35916,5314,465,63,41230,528,76,0
02/18/2022,MESA,13,47,0,0,60,0,35963,5327,465,63,41290,528,60,0
02/19/2022,MESA,4,36,0,0,40,0,35999,5331,465,63,41330,528,40,0
02/20/2022,MESA,0,19,0,0,19,0,36018,5331,465,63,41349,528,19,0
02/21/2022,MESA,12,28,0,0,40,0,36046,5343,465,63,41389,528,40,0
02/22/2022,MESA,6,35,0,0,41,0,36081,5349,465,63,41430,528,41,0
02/23/2022,MESA,2,49,0,0,51,0,36130,5351,465,63,41481,528,51,0
02/24/2022,MESA,5,109,0,0,114,0,36239,5356,465,63,41595,528,114,0
02/25/2022,MESA,9,29,0,0,38,0,36268,5365,465,63,41633,528,38,0
02/26/2022,MESA,2,28,0,0,30,0,36296,5367,465,63,41663,528,30,0
02/27/2022,MESA,0,7,0,0,7,0,36303,5367,465,63,41670,528,7,0
02/28/2022,MESA,3,12,0,1,15,1,36315,5370,466,63,41685,529,15,1
03/01/2022,MESA,2,9,0,0,11,0,36324,5372,466,63,41696,529,11,0
03/02/2022,MESA,5,40,0,0,45,0,36364,5377,466,63,41741,529,45,0
03/03/2022,MESA,3,22,0,0,25,0,36386,5380,466,63,41766,529,25,0
03/04/2022,MESA,0,7,0,0,7,0,36393,5380,466,63,41773,529,7,0
03/05/2022,MESA,0,5,0,0,5,0,36398,5380,466,63,41778,529,5,0
03/06/2022,MESA,1,2,0,0,3,0,36400,5381,466,63,41781,529,3,0
03/07/2022,MESA,0,2,0,0,2,0,36402,5381,466,63,41783,529,2,0
03/08/2022,MESA,1,8,0,0,9,0,36410,5382,466,63,41792,529,9,0
03/09/2022,MESA,0,4,0,0,4,0,36414,5382,466,63,41796,529,4,0
03/10/2022,MESA,0,4,0,0,4,0,36418,5382,466,63,41800,529,4,0
03/11/2022,MESA,6,6,0,0,12,0,36424,5388,466,63,41812,529,12,0
03/14/2022,MESA,4,5,0,0,9,0,36429,5392,466,63,41821,529,9,0
03/15/2022,MESA,1,9,0,0,10,0,36438,5393,466,63,41831,529,10,0
03/16/2022,MESA,0,10,0,0,10,0,36448,5393,466,63,41841,529,10,0
03/17/2022,MESA,1,15,0,0,16,0,36463,5394,466,63,41857,529,16,0
03/18/2022,MESA,1,6,0,1,7,1,36469,5395,467,63,41864,530,7,1
03/19/2022,MESA,0,6,0,0,6,0,36475,5395,467,63,41870,530,6,0
03/20/2022,MESA,1,2,0,0,3,0,36477,5396,467,63,41873,530,3,0
03/28/2020,MINERAL,0,1,0,0,1,0,1,0,0,0,1,0,-41872,-530
03/30/2020,MINERAL,1,0,0,0,1,0,1,1,0,0,2,0,1,0
06/22/2020,MINERAL,0,1,0,0,1,0,2,1,0,0,3,0,1,0
06/24/2020,MINERAL,0,2,0,0,2,0,4,1,0,0,5,0,2,0
06/29/2020,MINERAL,0,2,0,0,2,0,6,1,0,0,7,0,2,0
07/02/2020,MINERAL,0,2,0,0,2,0,8,1,0,0,9,0,2,0
07/05/2020,MINERAL,0,2,0,0,2,0,10,1,0,0,11,0,2,0
07/06/2020,MINERAL,0,2,0,0,2,0,12,1,0,0,13,0,2,0
07/07/2020,MINERAL,0,1,0,0,1,0,13,1,0,0,14,0,1,0
07/08/2020,MINERAL,0,1,0,0,1,0,14,1,0,0,15,0,1,0
07/10/2020,MINERAL,0,1,0,0,1,0,15,1,0,0,16,0,1,0
07/11/2020,MINERAL,0,1,0,0,1,0,16,1,0,0,17,0,1,0
07/21/2020,MINERAL,0,1,0,0,1,0,17,1,0,0,18,0,1,0
08/20/2020,MINERAL,0,1,0,0,1,0,18,1,0,0,19,0,1,0
09/07/2020,MINERAL,0,1,0,0,1,0,19,1,0,0,20,0,1,0
10/14/2020,MINERAL,0,1,0,0,1,0,20,1,0,0,21,0,1,0
11/19/2020,MINERAL,0,3,0,0,3,0,23,1,0,0,24,0,3,0
11/23/2020,MINERAL,9,0,1,0,9,1,23,10,0,1,33,1,9,1
11/24/2020,MINERAL,1,0,0,0,1,0,23,11,0,1,34,1,1,0
11/25/2020,MINERAL,0,1,0,0,1,0,24,11,0,1,35,1,1,0
11/28/2020,MINERAL,0,1,0,0,1,0,25,11,0,1,36,1,1,0
12/04/2020,MINERAL,0,1,0,0,1,0,26,11,0,1,37,1,1,0
12/15/2020,MINERAL,0,1,0,0,1,0,27,11,0,1,38,1,1,0
12/23/2020,MINERAL,0,3,0,0,3,0,30,11,0,1,41,1,3,0
12/26/2020,MINERAL,0,1,0,0,1,0,31,11,0,1,42,1,1,0
12/31/2020,MINERAL,0,2,0,0,2,0,33,11,0,1,44,1,2,0
01/04/2021,MINERAL,0,2,0,0,2,0,35,11,0,1,46,1,2,0
01/06/2021,MINERAL,0,1,0,0,1,0,36,11,0,1,47,1,1,0
01/08/2021,MINERAL,0,4,0,0,4,0,40,11,0,1,51,1,4,0
01/09/2021,MINERAL,0,2,0,0,2,0,42,11,0,1,53,1,2,0
01/13/2021,MINERAL,1,0,0,0,1,0,42,12,0,1,54,1,1,0
01/19/2021,MINERAL,0,2,0,0,2,0,44,12,0,1,56,1,2,0
01/21/2021,MINERAL,1,2,0,0,3,0,46,13,0,1,59,1,3,0
01/28/2021,MINERAL,0,2,0,0,2,0,48,13,0,1,61,1,2,0
01/29/2021,MINERAL,0,1,0,0,1,0,49,13,0,1,62,1,1,0
03/04/2021,MINERAL,0,8,0,0,8,0,57,13,0,1,70,1,8,0
03/05/2021,MINERAL,0,1,0,0,1,0,58,13,0,1,71,1,1,0
03/07/2021,MINERAL,2,0,0,0,2,0,58,15,0,1,73,1,2,0
03/10/2021,MINERAL,1,0,0,0,1,0,58,16,0,1,74,1,1,0
03/11/2021,MINERAL,0,11,0,0,11,0,69,16,0,1,85,1,11,0
03/19/2021,MINERAL,0,1,0,0,1,0,70,16,0,1,86,1,1,0
04/29/2021,MINERAL,1,1,0,0,2,0,71,17,0,1,88,1,2,0
05/07/2021,MINERAL,0,1,0,0,1,0,72,17,0,1,89,1,1,0
05/14/2021,MINERAL,0,2,0,0,2,0,74,17,0,1,91,1,2,0
05/18/2021,MINERAL,0,2,0,0,2,0,76,17,0,1,93,1,2,0
07/01/2021,MINERAL,0,1,0,0,1,0,77,17,0,1,94,1,1,0
07/21/2021,MINERAL,0,1,0,0,1,0,78,17,0,1,95,1,1,0
07/23/2021,MINERAL,0,1,0,0,1,0,79,17,0,1,96,1,1,0
07/26/2021,MINERAL,0,1,0,0,1,0,80,17,0,1,97,1,1,0
07/29/2021,MINERAL,0,1,0,0,1,0,81,17,0,1,98,1,1,0
08/02/2021,MINERAL,0,1,0,0,1,0,82,17,0,1,99,1,1,0
08/18/2021,MINERAL,0,1,0,0,1,0,83,17,0,1,100,1,1,0
09/03/2021,MINERAL,1,0,0,0,1,0,83,18,0,1,101,1,1,0
09/07/2021,MINERAL,2,0,0,0,2,0,83,20,0,1,103,1,2,0
09/10/2021,MINERAL,0,1,0,0,1,0,84,20,0,1,104,1,1,0
09/13/2021,MINERAL,0,1,0,0,1,0,85,20,0,1,105,1,1,0
09/17/2021,MINERAL,1,0,0,0,1,0,85,21,0,1,106,1,1,0
09/20/2021,MINERAL,1,0,0,0,1,0,85,22,0,1,107,1,1,0
09/21/2021,MINERAL,2,0,0,0,2,0,85,24,0,1,109,1,2,0
09/27/2021,MINERAL,2,0,0,0,2,0,85,26,0,1,111,1,2,0
09/28/2021,MINERAL,4,0,0,0,4,0,85,30,0,1,115,1,4,0
09/29/2021,MINERAL,1,0,0,0,1,0,85,31,0,1,116,1,1,0
09/30/2021,MINERAL,1,1,0,0,2,0,86,32,0,1,118,1,2,0
10/01/2021,MINERAL,2,0,0,0,2,0,86,34,0,1,120,1,2,0
10/04/2021,MINERAL,1,0,0,0,1,0,86,35,0,1,121,1,1,0
10/05/2021,MINERAL,1,0,0,0,1,0,86,36,0,1,122,1,1,0
10/06/2021,MINERAL,1,0,0,0,1,0,86,37,0,1,123,1,1,0
10/07/2021,MINERAL,1,0,0,0,1,0,86,38,0,1,124,1,1,0
10/12/2021,MINERAL,1,0,0,0,1,0,86,39,0,1,125,1,1,0
10/18/2021,MINERAL,1,0,0,0,1,0,86,40,0,1,126,1,1,0
10/19/2021,MINERAL,2,0,0,0,2,0,86,42,0,1,128,1,2,0
10/21/2021,MINERAL,0,1,0,0,1,0,87,42,0,1,129,1,1,0
11/01/2021,MINERAL,1,0,0,0,1,0,87,43,0,1,130,1,1,0
11/02/2021,MINERAL,2,0,0,0,2,0,87,45,0,1,132,1,2,0
11/03/2021,MINERAL,1,0,0,0,1,0,87,46,0,1,133,1,1,0
11/05/2021,MINERAL,1,1,0,0,2,0,88,47,0,1,135,1,2,0
11/06/2021,MINERAL,0,2,0,0,2,0,90,47,0,1,137,1,2,0
11/08/2021,MINERAL,1,0,0,0,1,0,90,48,0,1,138,1,1,0
11/09/2021,MINERAL,1,0,0,0,1,0,90,49,0,1,139,1,1,0
11/10/2021,MINERAL,2,0,0,0,2,0,90,51,0,1,141,1,2,0
11/11/2021,MINERAL,0,1,0,0,1,0,91,51,0,1,142,1,1,0
11/12/2021,MINERAL,1,0,0,0,1,0,91,52,0,1,143,1,1,0
11/15/2021,MINERAL,0,1,0,0,1,0,92,52,0,1,144,1,1,0
11/17/2021,MINERAL,0,2,0,0,2,0,94,52,0,1,146,1,2,0
11/18/2021,MINERAL,1,0,0,0,1,0,94,53,0,1,147,1,1,0
12/06/2021,MINERAL,1,1,0,0,2,0,95,54,0,1,149,1,2,0
12/08/2021,MINERAL,0,1,0,0,1,0,96,54,0,1,150,1,1,0
12/24/2021,MINERAL,1,0,0,0,1,0,96,55,0,1,151,1,1,0
12/27/2021,MINERAL,1,0,0,0,1,0,96,56,0,1,152,1,1,0
12/30/2021,MINERAL,0,1,0,0,1,0,97,56,0,1,153,1,1,0
01/03/2022,MINERAL,3,0,0,0,3,0,97,59,0,1,156,1,3,0
01/04/2022,MINERAL,1,0,0,0,1,0,97,60,0,1,157,1,1,0
01/05/2022,MINERAL,0,1,0,0,1,0,98,60,0,1,158,1,1,0
01/06/2022,MINERAL,2,0,0,0,2,0,98,62,0,1,160,1,2,0
01/07/2022,MINERAL,1,0,0,0,1,0,98,63,0,1,161,1,1,0
01/10/2022,MINERAL,3,0,0,0,3,0,98,66,0,1,164,1,3,0
01/11/2022,MINERAL,2,0,0,0,2,0,98,68,0,1,166,1,2,0
01/12/2022,MINERAL,3,0,0,0,3,0,98,71,0,1,169,1,3,0
01/13/2022,MINERAL,11,0,0,0,11,0,98,82,0,1,180,1,11,0
01/14/2022,MINERAL,5,1,0,0,6,0,99,87,0,1,186,1,6,0
01/18/2022,MINERAL,4,3,0,0,7,0,102,91,0,1,193,1,7,0
01/19/2022,MINERAL,2,0,0,0,2,0,102,93,0,1,195,1,2,0
01/21/2022,MINERAL,9,0,0,0,9,0,102,102,0,1,204,1,9,0
01/24/2022,MINERAL,7,0,0,0,7,0,102,109,0,1,211,1,7,0
01/25/2022,MINERAL,1,1,0,0,2,0,103,110,0,1,213,1,2,0
01/26/2022,MINERAL,1,0,0,0,1,0,103,111,0,1,214,1,1,0
01/27/2022,MINERAL,2,0,0,0,2,0,103,113,0,1,216,1,2,0
01/28/2022,MINERAL,2,0,0,0,2,0,103,115,0,1,218,1,2,0
01/31/2022,MINERAL,2,0,0,0,2,0,103,117,0,1,220,1,2,0
02/01/2022,MINERAL,2,0,0,0,2,0,103,119,0,1,222,1,2,0
02/08/2022,MINERAL,0,1,0,0,1,0,104,119,0,1,223,1,1,0
02/09/2022,MINERAL,1,1,0,0,2,0,105,120,0,1,225,1,2,0
03/26/2020,MOFFAT,0,1,0,0,1,0,1,0,0,0,1,0,-224,-1
03/27/2020,MOFFAT,0,2,0,0,2,0,3,0,0,0,3,0,2,0
04/17/2020,MOFFAT,0,1,0,0,1,0,4,0,0,0,4,0,1,0
04/18/2020,MOFFAT,0,1,0,0,1,0,5,0,0,0,5,0,1,0
04/19/2020,MOFFAT,0,1,0,0,1,0,6,0,0,0,6,0,1,0
05/25/2020,MOFFAT,0,1,0,0,1,0,7,0,0,0,7,0,1,0
06/01/2020,MOFFAT,0,1,0,0,1,0,8,0,0,0,8,0,1,0
06/25/2020,MOFFAT,0,1,0,0,1,0,9,0,0,0,9,0,1,0
06/29/2020,MOFFAT,0,4,0,1,4,1,13,0,1,0,13,1,4,1
07/08/2020,MOFFAT,0,1,0,0,1,0,14,0,1,0,14,1,1,0
07/09/2020,MOFFAT,0,1,0,0,1,0,15,0,1,0,15,1,1,0
07/12/2020,MOFFAT,0,1,0,0,1,0,16,0,1,0,16,1,1,0
07/16/2020,MOFFAT,0,1,0,0,1,0,17,0,1,0,17,1,1,0
07/17/2020,MOFFAT,0,1,0,0,1,0,18,0,1,0,18,1,1,0
07/21/2020,MOFFAT,0,2,0,0,2,0,20,0,1,0,20,1,2,0
07/23/2020,MOFFAT,0,1,0,0,1,0,21,0,1,0,21,1,1,0
07/24/2020,MOFFAT,0,2,0,0,2,0,23,0,1,0,23,1,2,0
07/28/2020,MOFFAT,0,1,0,0,1,0,24,0,1,0,24,1,1,0
07/31/2020,MOFFAT,0,1,0,0,1,0,25,0,1,0,25,1,1,0
08/03/2020,MOFFAT,0,1,0,0,1,0,26,0,1,0,26,1,1,0
08/05/2020,MOFFAT,0,1,0,0,1,0,27,0,1,0,27,1,1,0
08/08/2020,MOFFAT,0,4,0,0,4,0,31,0,1,0,31,1,4,0
08/09/2020,MOFFAT,0,1,0,0,1,0,32,0,1,0,32,1,1,0
08/17/2020,MOFFAT,0,1,0,0,1,0,33,0,1,0,33,1,1,0
08/25/2020,MOFFAT,0,1,0,0,1,0,34,0,1,0,34,1,1,0
09/02/2020,MOFFAT,0,1,0,0,1,0,35,0,1,0,35,1,1,0
09/11/2020,MOFFAT,0,1,0,0,1,0,36,0,1,0,36,1,1,0
09/14/2020,MOFFAT,0,1,0,0,1,0,37,0,1,0,37,1,1,0
09/16/2020,MOFFAT,0,1,0,0,1,0,38,0,1,0,38,1,1,0
09/20/2020,MOFFAT,0,1,0,0,1,0,39,0,1,0,39,1,1,0
09/23/2020,MOFFAT,0,1,0,0,1,0,40,0,1,0,40,1,1,0
09/25/2020,MOFFAT,0,2,0,0,2,0,42,0,1,0,42,1,2,0
09/26/2020,MOFFAT,0,1,0,0,1,0,43,0,1,0,43,1,1,0
10/04/2020,MOFFAT,0,1,0,0,1,0,44,0,1,0,44,1,1,0
10/12/2020,MOFFAT,0,3,0,0,3,0,47,0,1,0,47,1,3,0
10/13/2020,MOFFAT,0,1,0,0,1,0,48,0,1,0,48,1,1,0
10/16/2020,MOFFAT,0,3,0,0,3,0,51,0,1,0,51,1,3,0
10/17/2020,MOFFAT,0,2,0,0,2,0,53,0,1,0,53,1,2,0
10/18/2020,MOFFAT,0,2,0,0,2,0,55,0,1,0,55,1,2,0
10/19/2020,MOFFAT,0,1,0,0,1,0,56,0,1,0,56,1,1,0
10/20/2020,MOFFAT,0,1,0,0,1,0,57,0,1,0,57,1,1,0
10/22/2020,MOFFAT,0,1,0,0,1,0,58,0,1,0,58,1,1,0
10/23/2020,MOFFAT,1,2,0,0,3,0,60,1,1,0,61,1,3,0
10/24/2020,MOFFAT,0,2,0,0,2,0,62,1,1,0,63,1,2,0
10/26/2020,MOFFAT,0,1,0,0,1,0,63,1,1,0,64,1,1,0
10/27/2020,MOFFAT,0,4,0,0,4,0,67,1,1,0,68,1,4,0
10/28/2020,MOFFAT,0,4,0,0,4,0,71,1,1,0,72,1,4,0
10/29/2020,MOFFAT,0,1,0,0,1,0,72,1,1,0,73,1,1,0
10/30/2020,MOFFAT,0,5,0,0,5,0,77,1,1,0,78,1,5,0
11/03/2020,MOFFAT,0,6,0,0,6,0,83,1,1,0,84,1,6,0
11/05/2020,MOFFAT,0,2,0,0,2,0,85,1,1,0,86,1,2,0
11/06/2020,MOFFAT,0,13,0,0,13,0,98,1,1,0,99,1,13,0
11/07/2020,MOFFAT,0,5,0,1,5,1,103,1,2,0,104,2,5,1
11/08/2020,MOFFAT,0,2,0,0,2,0,105,1,2,0,106,2,2,0
11/09/2020,MOFFAT,0,5,0,0,5,0,110,1,2,0,111,2,5,0
11/10/2020,MOFFAT,0,8,0,1,8,1,118,1,3,0,119,3,8,1
11/11/2020,MOFFAT,0,2,0,0,2,0,120,1,3,0,121,3,2,0
11/12/2020,MOFFAT,0,3,0,0,3,0,123,1,3,0,124,3,3,0
11/13/2020,MOFFAT,0,12,0,0,12,0,135,1,3,0,136,3,12,0
11/14/2020,MOFFAT,0,3,0,0,3,0,138,1,3,0,139,3,3,0
11/15/2020,MOFFAT,0,10,0,0,10,0,148,1,3,0,149,3,10,0
11/16/2020,MOFFAT,1,11,0,0,12,0,159,2,3,0,161,3,12,0
11/17/2020,MOFFAT,1,21,0,1,22,1,180,3,4,0,183,4,22,1
11/18/2020,MOFFAT,0,20,0,1,20,1,200,3,5,0,203,5,20,1
11/19/2020,MOFFAT,3,15,0,0,18,0,215,6,5,0,221,5,18,0
11/20/2020,MOFFAT,0,7,0,0,7,0,222,6,5,0,228,5,7,0
11/21/2020,MOFFAT,0,1,0,0,1,0,223,6,5,0,229,5,1,0
11/22/2020,MOFFAT,0,18,0,1,18,1,241,6,6,0,247,6,18,1
11/23/2020,MOFFAT,0,18,0,0,18,0,259,6,6,0,265,6,18,0
11/24/2020,MOFFAT,1,10,0,1,11,1,269,7,7,0,276,7,11,1
11/25/2020,MOFFAT,1,13,1,0,14,1,282,8,7,1,290,8,14,1
11/26/2020,MOFFAT,0,10,0,0,10,0,292,8,7,1,300,8,10,0
11/27/2020,MOFFAT,2,3,0,0,5,0,295,10,7,1,305,8,5,0
11/28/2020,MOFFAT,0,11,0,0,11,0,306,10,7,1,316,8,11,0
11/29/2020,MOFFAT,2,12,0,0,14,0,318,12,7,1,330,8,14,0
11/30/2020,MOFFAT,3,13,1,3,16,4,331,15,10,2,346,12,16,4
12/01/2020,MOFFAT,1,7,1,0,8,1,338,16,10,3,354,13,8,1
12/02/2020,MOFFAT,0,8,0,0,8,0,346,16,10,3,362,13,8,0
12/03/2020,MOFFAT,1,16,0,2,17,2,362,17,12,3,379,15,17,2
12/04/2020,MOFFAT,1,4,0,0,5,0,366,18,12,3,384,15,5,0
12/05/2020,MOFFAT,0,11,0,0,11,0,377,18,12,3,395,15,11,0
12/06/2020,MOFFAT,0,12,0,0,12,0,389,18,12,3,407,15,12,0
12/07/2020,MOFFAT,0,3,0,0,3,0,392,18,12,3,410,15,3,0
12/08/2020,MOFFAT,0,8,0,0,8,0,400,18,12,3,418,15,8,0
12/09/2020,MOFFAT,0,19,0,0,19,0,419,18,12,3,437,15,19,0
12/10/2020,MOFFAT,6,13,0,0,19,0,432,24,12,3,456,15,19,0
12/11/2020,MOFFAT,1,11,0,2,12,2,443,25,14,3,468,17,12,2
12/12/2020,MOFFAT,0,4,0,0,4,0,447,25,14,3,472,17,4,0
12/13/2020,MOFFAT,0,26,0,1,26,1,473,25,15,3,498,18,26,1
12/14/2020,MOFFAT,0,7,0,1,7,1,480,25,16,3,505,19,7,1
12/15/2020,MOFFAT,0,2,0,0,2,0,482,25,16,3,507,19,2,0
12/16/2020,MOFFAT,0,14,0,0,14,0,496,25,16,3,521,19,14,0
12/17/2020,MOFFAT,0,4,0,0,4,0,500,25,16,3,525,19,4,0
12/18/2020,MOFFAT,0,2,0,0,2,0,502,25,16,3,527,19,2,0
12/19/2020,MOFFAT,0,4,0,1,4,1,506,25,17,3,531,20,4,1
12/20/2020,MOFFAT,0,3,0,0,3,0,509,25,17,3,534,20,3,0
12/21/2020,MOFFAT,1,5,0,0,6,0,514,26,17,3,540,20,6,0
12/22/2020,MOFFAT,0,4,0,0,4,0,518,26,17,3,544,20,4,0
12/23/2020,MOFFAT,2,7,0,0,9,0,525,28,17,3,553,20,9,0
12/24/2020,MOFFAT,0,2,0,0,2,0,527,28,17,3,555,20,2,0
12/25/2020,MOFFAT,0,3,0,0,3,0,530,28,17,3,558,20,3,0
12/26/2020,MOFFAT,0,6,0,0,6,0,536,28,17,3,564,20,6,0
12/27/2020,MOFFAT,0,3,0,0,3,0,539,28,17,3,567,20,3,0
12/28/2020,MOFFAT,2,1,0,0,3,0,540,30,17,3,570,20,3,0
12/29/2020,MOFFAT,1,3,0,0,4,0,543,31,17,3,574,20,4,0
12/30/2020,MOFFAT,1,4,0,0,5,0,547,32,17,3,579,20,5,0
12/31/2020,MOFFAT,0,18,0,2,18,2,565,32,19,3,597,22,18,2
01/01/2021,MOFFAT,0,1,0,0,1,0,566,32,19,3,598,22,1,0
01/02/2021,MOFFAT,0,1,0,0,1,0,567,32,19,3,599,22,1,0
01/03/2021,MOFFAT,0,3,0,0,3,0,570,32,19,3,602,22,3,0
01/04/2021,MOFFAT,0,2,0,0,2,0,572,32,19,3,604,22,2,0
01/05/2021,MOFFAT,2,1,0,0,3,0,573,34,19,3,607,22,3,0
01/06/2021,MOFFAT,1,3,0,0,4,0,576,35,19,3,611,22,4,0
01/07/2021,MOFFAT,1,6,0,0,7,0,582,36,19,3,618,22,7,0
01/08/2021,MOFFAT,0,2,0,0,2,0,584,36,19,3,620,22,2,0
01/09/2021,MOFFAT,0,4,0,0,4,0,588,36,19,3,624,22,4,0
01/10/2021,MOFFAT,0,1,0,0,1,0,589,36,19,3,625,22,1,0
01/11/2021,MOFFAT,1,2,0,0,3,0,591,37,19,3,628,22,3,0
01/12/2021,MOFFAT,1,0,0,0,1,0,591,38,19,3,629,22,1,0
01/14/2021,MOFFAT,0,1,0,0,1,0,592,38,19,3,630,22,1,0
01/15/2021,MOFFAT,0,5,0,0,5,0,597,38,19,3,635,22,5,0
01/16/2021,MOFFAT,0,1,0,0,1,0,598,38,19,3,636,22,1,0
01/17/2021,MOFFAT,0,1,0,0,1,0,599,38,19,3,637,22,1,0
01/18/2021,MOFFAT,0,3,0,0,3,0,602,38,19,3,640,22,3,0
01/19/2021,MOFFAT,0,5,0,0,5,0,607,38,19,3,645,22,5,0
01/20/2021,MOFFAT,0,4,0,0,4,0,611,38,19,3,649,22,4,0
01/21/2021,MOFFAT,0,3,0,0,3,0,614,38,19,3,652,22,3,0
01/22/2021,MOFFAT,0,3,0,0,3,0,617,38,19,3,655,22,3,0
01/24/2021,MOFFAT,0,1,0,0,1,0,618,38,19,3,656,22,1,0
01/25/2021,MOFFAT,0,2,0,0,2,0,620,38,19,3,658,22,2,0
01/26/2021,MOFFAT,0,1,0,0,1,0,621,38,19,3,659,22,1,0
01/27/2021,MOFFAT,0,3,0,0,3,0,624,38,19,3,662,22,3,0
01/28/2021,MOFFAT,0,1,0,0,1,0,625,38,19,3,663,22,1,0
01/29/2021,MOFFAT,0,2,0,0,2,0,627,38,19,3,665,22,2,0
01/31/2021,MOFFAT,0,4,0,0,4,0,631,38,19,3,669,22,4,0
02/02/2021,MOFFAT,0,1,0,0,1,0,632,38,19,3,670,22,1,0
02/03/2021,MOFFAT,0,3,0,0,3,0,635,38,19,3,673,22,3,0
02/05/2021,MOFFAT,1,6,0,0,7,0,641,39,19,3,680,22,7,0
02/06/2021,MOFFAT,0,1,0,0,1,0,642,39,19,3,681,22,1,0
02/07/2021,MOFFAT,0,1,0,0,1,0,643,39,19,3,682,22,1,0
02/08/2021,MOFFAT,0,2,0,0,2,0,645,39,19,3,684,22,2,0
02/09/2021,MOFFAT,1,2,0,0,3,0,647,40,19,3,687,22,3,0
02/11/2021,MOFFAT,0,2,0,0,2,0,649,40,19,3,689,22,2,0
02/12/2021,MOFFAT,2,0,0,0,2,0,649,42,19,3,691,22,2,0
02/14/2021,MOFFAT,0,1,0,0,1,0,650,42,19,3,692,22,1,0
02/15/2021,MOFFAT,1,0,0,0,1,0,650,43,19,3,693,22,1,0
02/17/2021,MOFFAT,1,1,0,0,2,0,651,44,19,3,695,22,2,0
02/18/2021,MOFFAT,0,1,0,0,1,0,652,44,19,3,696,22,1,0
02/19/2021,MOFFAT,0,1,0,0,1,0,653,44,19,3,697,22,1,0
02/21/2021,MOFFAT,0,1,0,0,1,0,654,44,19,3,698,22,1,0
02/23/2021,MOFFAT,0,3,0,0,3,0,657,44,19,3,701,22,3,0
02/24/2021,MOFFAT,0,2,0,0,2,0,659,44,19,3,703,22,2,0
02/25/2021,MOFFAT,0,5,0,0,5,0,664,44,19,3,708,22,5,0
02/26/2021,MOFFAT,1,1,0,0,2,0,665,45,19,3,710,22,2,0
02/27/2021,MOFFAT,0,1,0,0,1,0,666,45,19,3,711,22,1,0
03/01/2021,MOFFAT,0,2,0,0,2,0,668,45,19,3,713,22,2,0
03/02/2021,MOFFAT,0,1,0,0,1,0,669,45,19,3,714,22,1,0
03/03/2021,MOFFAT,0,2,0,0,2,0,671,45,19,3,716,22,2,0
03/04/2021,MOFFAT,0,1,0,0,1,0,672,45,19,3,717,22,1,0
03/06/2021,MOFFAT,0,1,0,0,1,0,673,45,19,3,718,22,1,0
03/10/2021,MOFFAT,0,6,0,0,6,0,679,45,19,3,724,22,6,0
03/11/2021,MOFFAT,0,2,0,0,2,0,681,45,19,3,726,22,2,0
03/12/2021,MOFFAT,0,1,0,0,1,0,682,45,19,3,727,22,1,0
03/16/2021,MOFFAT,1,0,0,0,1,0,682,46,19,3,728,22,1,0
03/19/2021,MOFFAT,0,1,0,0,1,0,683,46,19,3,729,22,1,0
03/20/2021,MOFFAT,0,1,0,0,1,0,684,46,19,3,730,22,1,0
03/24/2021,MOFFAT,0,1,0,0,1,0,685,46,19,3,731,22,1,0
03/26/2021,MOFFAT,0,1,0,0,1,0,686,46,19,3,732,22,1,0
03/30/2021,MOFFAT,0,3,0,0,3,0,689,46,19,3,735,22,3,0
04/04/2021,MOFFAT,0,1,0,0,1,0,690,46,19,3,736,22,1,0
04/05/2021,MOFFAT,1,0,0,0,1,0,690,47,19,3,737,22,1,0
04/06/2021,MOFFAT,0,2,0,0,2,0,692,47,19,3,739,22,2,0
04/07/2021,MOFFAT,0,1,0,0,1,0,693,47,19,3,740,22,1,0
04/08/2021,MOFFAT,0,1,0,0,1,0,694,47,19,3,741,22,1,0
04/09/2021,MOFFAT,0,2,0,0,2,0,696,47,19,3,743,22,2,0
04/11/2021,MOFFAT,0,2,0,0,2,0,698,47,19,3,745,22,2,0
04/13/2021,MOFFAT,0,2,0,0,2,0,700,47,19,3,747,22,2,0
04/14/2021,MOFFAT,0,2,0,0,2,0,702,47,19,3,749,22,2,0
04/15/2021,MOFFAT,0,1,0,0,1,0,703,47,19,3,750,22,1,0
04/17/2021,MOFFAT,0,1,0,0,1,0,704,47,19,3,751,22,1,0
04/18/2021,MOFFAT,0,3,0,0,3,0,707,47,19,3,754,22,3,0
04/19/2021,MOFFAT,0,2,0,0,2,0,709,47,19,3,756,22,2,0
04/20/2021,MOFFAT,1,1,0,0,2,0,710,48,19,3,758,22,2,0
04/21/2021,MOFFAT,0,2,0,0,2,0,712,48,19,3,760,22,2,0
04/22/2021,MOFFAT,2,2,0,0,4,0,714,50,19,3,764,22,4,0
04/23/2021,MOFFAT,1,1,0,0,2,0,715,51,19,3,766,22,2,0
04/24/2021,MOFFAT,0,2,0,0,2,0,717,51,19,3,768,22,2,0
04/25/2021,MOFFAT,0,2,0,0,2,0,719,51,19,3,770,22,2,0
04/26/2021,MOFFAT,1,1,0,0,2,0,720,52,19,3,772,22,2,0
04/27/2021,MOFFAT,0,1,0,0,1,0,721,52,19,3,773,22,1,0
04/28/2021,MOFFAT,0,1,0,0,1,0,722,52,19,3,774,22,1,0
04/29/2021,MOFFAT,0,2,0,0,2,0,724,52,19,3,776,22,2,0
04/30/2021,MOFFAT,0,2,0,0,2,0,726,52,19,3,778,22,2,0
05/01/2021,MOFFAT,0,2,0,0,2,0,728,52,19,3,780,22,2,0
05/02/2021,MOFFAT,0,4,0,0,4,0,732,52,19,3,784,22,4,0
05/03/2021,MOFFAT,0,3,0,0,3,0,735,52,19,3,787,22,3,0
05/04/2021,MOFFAT,0,4,0,0,4,0,739,52,19,3,791,22,4,0
05/06/2021,MOFFAT,1,4,0,0,5,0,743,53,19,3,796,22,5,0
05/08/2021,MOFFAT,0,3,0,0,3,0,746,53,19,3,799,22,3,0
05/09/2021,MOFFAT,0,2,0,0,2,0,748,53,19,3,801,22,2,0
05/10/2021,MOFFAT,0,1,0,0,1,0,749,53,19,3,802,22,1,0
05/11/2021,MOFFAT,0,1,0,0,1,0,750,53,19,3,803,22,1,0
05/13/2021,MOFFAT,0,1,0,0,1,0,751,53,19,3,804,22,1,0
05/14/2021,MOFFAT,0,1,0,0,1,0,752,53,19,3,805,22,1,0
05/16/2021,MOFFAT,0,3,0,0,3,0,755,53,19,3,808,22,3,0
05/17/2021,MOFFAT,0,1,0,0,1,0,756,53,19,3,809,22,1,0
05/18/2021,MOFFAT,0,2,0,0,2,0,758,53,19,3,811,22,2,0
05/21/2021,MOFFAT,0,7,0,0,7,0,765,53,19,3,818,22,7,0
05/22/2021,MOFFAT,0,1,0,0,1,0,766,53,19,3,819,22,1,0
05/23/2021,MOFFAT,0,7,0,0,7,0,773,53,19,3,826,22,7,0
05/24/2021,MOFFAT,0,1,0,0,1,0,774,53,19,3,827,22,1,0
05/25/2021,MOFFAT,0,1,0,0,1,0,775,53,19,3,828,22,1,0
05/26/2021,MOFFAT,0,7,0,0,7,0,782,53,19,3,835,22,7,0
05/27/2021,MOFFAT,0,4,0,0,4,0,786,53,19,3,839,22,4,0
05/28/2021,MOFFAT,0,6,0,0,6,0,792,53,19,3,845,22,6,0
05/29/2021,MOFFAT,0,5,0,0,5,0,797,53,19,3,850,22,5,0
05/30/2021,MOFFAT,0,5,0,0,5,0,802,53,19,3,855,22,5,0
05/31/2021,MOFFAT,0,2,0,0,2,0,804,53,19,3,857,22,2,0
06/01/2021,MOFFAT,1,3,0,0,4,0,807,54,19,3,861,22,4,0
06/02/2021,MOFFAT,4,16,1,0,20,1,823,58,19,4,881,23,20,1
06/03/2021,MOFFAT,7,2,0,0,9,0,825,65,19,4,890,23,9,0
06/04/2021,MOFFAT,0,1,0,0,1,0,826,65,19,4,891,23,1,0
06/05/2021,MOFFAT,0,7,0,0,7,0,833,65,19,4,898,23,7,0
06/06/2021,MOFFAT,0,1,0,0,1,0,834,65,19,4,899,23,1,0
06/08/2021,MOFFAT,0,2,0,0,2,0,836,65,19,4,901,23,2,0
06/09/2021,MOFFAT,0,9,0,1,9,1,845,65,20,4,910,24,9,1
06/10/2021,MOFFAT,1,6,0,0,7,0,851,66,20,4,917,24,7,0
06/11/2021,MOFFAT,2,2,0,0,4,0,853,68,20,4,921,24,4,0
06/12/2021,MOFFAT,1,1,0,0,2,0,854,69,20,4,923,24,2,0
06/13/2021,MOFFAT,1,3,0,0,4,0,857,70,20,4,927,24,4,0
06/14/2021,MOFFAT,3,4,0,0,7,0,861,73,20,4,934,24,7,0
06/15/2021,MOFFAT,1,2,0,0,3,0,863,74,20,4,937,24,3,0
06/16/2021,MOFFAT,1,12,0,0,13,0,875,75,20,4,950,24,13,0
06/17/2021,MOFFAT,0,4,0,0,4,0,879,75,20,4,954,24,4,0
06/18/2021,MOFFAT,3,7,0,0,10,0,886,78,20,4,964,24,10,0
06/19/2021,MOFFAT,1,3,0,0,4,0,889,79,20,4,968,24,4,0
06/20/2021,MOFFAT,0,3,0,1,3,1,892,79,21,4,971,25,3,1
06/21/2021,MOFFAT,1,2,0,0,3,0,894,80,21,4,974,25,3,0
06/22/2021,MOFFAT,0,5,0,0,5,0,899,80,21,4,979,25,5,0
06/23/2021,MOFFAT,1,13,0,0,14,0,912,81,21,4,993,25,14,0
06/24/2021,MOFFAT,0,3,0,0,3,0,915,81,21,4,996,25,3,0
06/25/2021,MOFFAT,0,4,0,0,4,0,919,81,21,4,1000,25,4,0
06/26/2021,MOFFAT,0,7,0,0,7,0,926,81,21,4,1007,25,7,0
06/27/2021,MOFFAT,0,6,0,0,6,0,932,81,21,4,1013,25,6,0
06/28/2021,MOFFAT,3,3,0,0,6,0,935,84,21,4,1019,25,6,0
06/29/2021,MOFFAT,1,2,0,0,3,0,937,85,21,4,1022,25,3,0
06/30/2021,MOFFAT,2,15,0,1,17,1,952,87,22,4,1039,26,17,1
07/01/2021,MOFFAT,2,6,0,0,8,0,958,89,22,4,1047,26,8,0
07/02/2021,MOFFAT,0,7,0,1,7,1,965,89,23,4,1054,27,7,1
07/03/2021,MOFFAT,0,5,0,0,5,0,970,89,23,4,1059,27,5,0
07/04/2021,MOFFAT,0,2,0,0,2,0,972,89,23,4,1061,27,2,0
07/05/2021,MOFFAT,0,4,0,0,4,0,976,89,23,4,1065,27,4,0
07/06/2021,MOFFAT,0,4,0,0,4,0,980,89,23,4,1069,27,4,0
07/07/2021,MOFFAT,1,8,0,0,9,0,988,90,23,4,1078,27,9,0
07/08/2021,MOFFAT,1,11,0,0,12,0,999,91,23,4,1090,27,12,0
07/09/2021,MOFFAT,0,5,0,0,5,0,1004,91,23,4,1095,27,5,0
07/10/2021,MOFFAT,0,2,0,0,2,0,1006,91,23,4,1097,27,2,0
07/12/2021,MOFFAT,0,6,0,0,6,0,1012,91,23,4,1103,27,6,0
07/13/2021,MOFFAT,0,4,0,0,4,0,1016,91,23,4,1107,27,4,0
07/14/2021,MOFFAT,1,1,0,0,2,0,1017,92,23,4,1109,27,2,0
07/15/2021,MOFFAT,0,22,0,0,22,0,1039,92,23,4,1131,27,22,0
07/16/2021,MOFFAT,1,5,0,0,6,0,1044,93,23,4,1137,27,6,0
07/17/2021,MOFFAT,0,6,0,0,6,0,1050,93,23,4,1143,27,6,0
07/18/2021,MOFFAT,1,5,0,0,6,0,1055,94,23,4,1149,27,6,0
07/19/2021,MOFFAT,1,6,0,0,7,0,1061,95,23,4,1156,27,7,0
07/20/2021,MOFFAT,1,6,0,1,7,1,1067,96,24,4,1163,28,7,1
07/21/2021,MOFFAT,0,15,0,0,15,0,1082,96,24,4,1178,28,15,0
07/22/2021,MOFFAT,4,7,0,0,11,0,1089,100,24,4,1189,28,11,0
07/23/2021,MOFFAT,2,9,0,1,11,1,1098,102,25,4,1200,29,11,1
07/24/2021,MOFFAT,0,2,0,0,2,0,1100,102,25,4,1202,29,2,0
07/25/2021,MOFFAT,0,1,0,0,1,0,1101,102,25,4,1203,29,1,0
07/26/2021,MOFFAT,1,1,0,0,2,0,1102,103,25,4,1205,29,2,0
07/27/2021,MOFFAT,0,7,0,0,7,0,1109,103,25,4,1212,29,7,0
07/28/2021,MOFFAT,0,6,0,0,6,0,1115,103,25,4,1218,29,6,0
07/29/2021,MOFFAT,0,3,0,0,3,0,1118,103,25,4,1221,29,3,0
07/30/2021,MOFFAT,0,3,0,0,3,0,1121,103,25,4,1224,29,3,0
08/01/2021,MOFFAT,2,2,0,0,4,0,1123,105,25,4,1228,29,4,0
08/02/2021,MOFFAT,0,3,0,0,3,0,1126,105,25,4,1231,29,3,0
08/03/2021,MOFFAT,0,2,0,0,2,0,1128,105,25,4,1233,29,2,0
08/04/2021,MOFFAT,1,3,0,0,4,0,1131,106,25,4,1237,29,4,0
08/05/2021,MOFFAT,0,3,0,0,3,0,1134,106,25,4,1240,29,3,0
08/07/2021,MOFFAT,0,3,0,0,3,0,1137,106,25,4,1243,29,3,0
08/09/2021,MOFFAT,0,2,0,0,2,0,1139,106,25,4,1245,29,2,0
08/10/2021,MOFFAT,0,4,0,1,4,1,1143,106,26,4,1249,30,4,1
08/12/2021,MOFFAT,0,4,0,0,4,0,1147,106,26,4,1253,30,4,0
08/14/2021,MOFFAT,0,1,0,0,1,0,1148,106,26,4,1254,30,1,0
08/15/2021,MOFFAT,0,3,0,0,3,0,1151,106,26,4,1257,30,3,0
08/17/2021,MOFFAT,0,1,0,0,1,0,1152,106,26,4,1258,30,1,0
08/18/2021,MOFFAT,0,4,0,0,4,0,1156,106,26,4,1262,30,4,0
08/19/2021,MOFFAT,0,2,0,0,2,0,1158,106,26,4,1264,30,2,0
08/20/2021,MOFFAT,0,1,0,0,1,0,1159,106,26,4,1265,30,1,0
08/21/2021,MOFFAT,1,2,0,0,3,0,1161,107,26,4,1268,30,3,0
08/23/2021,MOFFAT,0,8,0,0,8,0,1169,107,26,4,1276,30,8,0
08/25/2021,MOFFAT,0,1,0,0,1,0,1170,107,26,4,1277,30,1,0
08/27/2021,MOFFAT,1,0,0,0,1,0,1170,108,26,4,1278,30,1,0
08/28/2021,MOFFAT,0,1,0,0,1,0,1171,108,26,4,1279,30,1,0
08/30/2021,MOFFAT,3,10,0,0,13,0,1181,111,26,4,1292,30,13,0
08/31/2021,MOFFAT,3,6,0,0,9,0,1187,114,26,4,1301,30,9,0
09/01/2021,MOFFAT,9,7,0,0,16,0,1194,123,26,4,1317,30,16,0
09/02/2021,MOFFAT,2,2,0,0,4,0,1196,125,26,4,1321,30,4,0
09/03/2021,MOFFAT,0,20,0,0,20,0,1216,125,26,4,1341,30,20,0
09/04/2021,MOFFAT,1,11,0,0,12,0,1227,126,26,4,1353,30,12,0
09/05/2021,MOFFAT,0,2,0,0,2,0,1229,126,26,4,1355,30,2,0
09/06/2021,MOFFAT,1,15,0,0,16,0,1244,127,26,4,1371,30,16,0
09/07/2021,MOFFAT,16,9,0,1,25,1,1253,143,27,4,1396,31,25,1
09/08/2021,MOFFAT,1,8,0,0,9,0,1261,144,27,4,1405,31,9,0
09/09/2021,MOFFAT,6,26,0,1,32,1,1287,150,28,4,1437,32,32,1
09/10/2021,MOFFAT,5,5,0,0,10,0,1292,155,28,4,1447,32,10,0
09/11/2021,MOFFAT,0,3,0,0,3,0,1295,155,28,4,1450,32,3,0
09/12/2021,MOFFAT,5,7,0,0,12,0,1302,160,28,4,1462,32,12,0
09/13/2021,MOFFAT,3,40,0,0,43,0,1342,163,28,4,1505,32,43,0
09/14/2021,MOFFAT,5,20,0,0,25,0,1362,168,28,4,1530,32,25,0
09/15/2021,MOFFAT,2,15,0,0,17,0,1377,170,28,4,1547,32,17,0
09/16/2021,MOFFAT,7,8,0,0,15,0,1385,177,28,4,1562,32,15,0
09/17/2021,MOFFAT,3,8,0,0,11,0,1393,180,28,4,1573,32,11,0
09/18/2021,MOFFAT,0,6,0,0,6,0,1399,180,28,4,1579,32,6,0
09/19/2021,MOFFAT,1,8,0,1,9,1,1407,181,29,4,1588,33,9,1
09/20/2021,MOFFAT,8,17,0,0,25,0,1424,189,29,4,1613,33,25,0
09/21/2021,MOFFAT,2,8,0,1,10,1,1432,191,30,4,1623,34,10,1
09/22/2021,MOFFAT,2,7,0,0,9,0,1439,193,30,4,1632,34,9,0
09/23/2021,MOFFAT,3,11,0,1,14,1,1450,196,31,4,1646,35,14,1
09/24/2021,MOFFAT,0,16,0,0,16,0,1466,196,31,4,1662,35,16,0
09/25/2021,MOFFAT,0,9,0,0,9,0,1475,196,31,4,1671,35,9,0
09/26/2021,MOFFAT,1,10,0,0,11,0,1485,197,31,4,1682,35,11,0
09/27/2021,MOFFAT,3,9,0,0,12,0,1494,200,31,4,1694,35,12,0
09/28/2021,MOFFAT,0,4,0,0,4,0,1498,200,31,4,1698,35,4,0
09/29/2021,MOFFAT,4,17,0,1,21,1,1515,204,32,4,1719,36,21,1
09/30/2021,MOFFAT,4,13,0,1,17,1,1528,208,33,4,1736,37,17,1
10/01/2021,MOFFAT,2,9,0,0,11,0,1537,210,33,4,1747,37,11,0
10/02/2021,MOFFAT,0,4,0,0,4,0,1541,210,33,4,1751,37,4,0
10/03/2021,MOFFAT,2,21,0,1,23,1,1562,212,34,4,1774,38,23,1
10/04/2021,MOFFAT,4,18,0,1,22,1,1580,216,35,4,1796,39,22,1
10/05/2021,MOFFAT,4,4,1,0,8,1,1584,220,35,5,1804,40,8,1
10/06/2021,MOFFAT,6,11,0,0,17,0,1595,226,35,5,1821,40,17,0
10/07/2021,MOFFAT,5,15,0,0,20,0,1610,231,35,5,1841,40,20,0
10/08/2021,MOFFAT,1,10,0,0,11,0,1620,232,35,5,1852,40,11,0
10/09/2021,MOFFAT,0,11,0,2,11,2,1631,232,37,5,1863,42,11,2
10/10/2021,MOFFAT,1,8,0,1,9,1,1639,233,38,5,1872,43,9,1
10/11/2021,MOFFAT,2,12,0,0,14,0,1651,235,38,5,1886,43,14,0
10/12/2021,MOFFAT,2,7,0,0,9,0,1658,237,38,5,1895,43,9,0
10/13/2021,MOFFAT,1,9,1,0,10,1,1667,238,38,6,1905,44,10,1
10/14/2021,MOFFAT,2,8,0,1,10,1,1675,240,39,6,1915,45,10,1
10/15/2021,MOFFAT,0,1,0,0,1,0,1676,240,39,6,1916,45,1,0
10/16/2021,MOFFAT,0,2,0,0,2,0,1678,240,39,6,1918,45,2,0
10/17/2021,MOFFAT,1,5,0,1,6,1,1683,241,40,6,1924,46,6,1
10/18/2021,MOFFAT,1,3,0,0,4,0,1686,242,40,6,1928,46,4,0
10/19/2021,MOFFAT,0,4,0,0,4,0,1690,242,40,6,1932,46,4,0
10/20/2021,MOFFAT,2,12,0,0,14,0,1702,244,40,6,1946,46,14,0
10/21/2021,MOFFAT,3,13,0,0,16,0,1715,247,40,6,1962,46,16,0
10/22/2021,MOFFAT,0,1,0,0,1,0,1716,247,40,6,1963,46,1,0
10/23/2021,MOFFAT,2,4,0,0,6,0,1720,249,40,6,1969,46,6,0
10/24/2021,MOFFAT,0,8,0,1,8,1,1728,249,41,6,1977,47,8,1
10/25/2021,MOFFAT,4,2,0,0,6,0,1730,253,41,6,1983,47,6,0
10/26/2021,MOFFAT,2,7,0,0,9,0,1737,255,41,6,1992,47,9,0
10/27/2021,MOFFAT,0,2,0,0,2,0,1739,255,41,6,1994,47,2,0
10/28/2021,MOFFAT,0,2,0,0,2,0,1741,255,41,6,1996,47,2,0
10/29/2021,MOFFAT,0,1,0,0,1,0,1742,255,41,6,1997,47,1,0
10/30/2021,MOFFAT,0,2,0,0,2,0,1744,255,41,6,1999,47,2,0
10/31/2021,MOFFAT,0,6,0,0,6,0,1750,255,41,6,2005,47,6,0
11/01/2021,MOFFAT,2,2,0,0,4,0,1752,257,41,6,2009,47,4,0
11/02/2021,MOFFAT,6,7,0,0,13,0,1759,263,41,6,2022,47,13,0
11/03/2021,MOFFAT,1,3,0,0,4,0,1762,264,41,6,2026,47,4,0
11/04/2021,MOFFAT,0,5,0,0,5,0,1767,264,41,6,2031,47,5,0
11/05/2021,MOFFAT,0,5,0,0,5,0,1772,264,41,6,2036,47,5,0
11/06/2021,MOFFAT,1,11,0,0,12,0,1783,265,41,6,2048,47,12,0
11/07/2021,MOFFAT,0,11,0,0,11,0,1794,265,41,6,2059,47,11,0
11/08/2021,MOFFAT,5,3,0,0,8,0,1797,270,41,6,2067,47,8,0
11/09/2021,MOFFAT,2,3,0,0,5,0,1800,272,41,6,2072,47,5,0
11/10/2021,MOFFAT,1,16,0,0,17,0,1816,273,41,6,2089,47,17,0
11/11/2021,MOFFAT,0,7,0,0,7,0,1823,273,41,6,2096,47,7,0
11/12/2021,MOFFAT,1,3,0,0,4,0,1826,274,41,6,2100,47,4,0
11/13/2021,MOFFAT,0,3,0,0,3,0,1829,274,41,6,2103,47,3,0
11/14/2021,MOFFAT,0,3,0,0,3,0,1832,274,41,6,2106,47,3,0
11/15/2021,MOFFAT,0,1,0,0,1,0,1833,274,41,6,2107,47,1,0
11/16/2021,MOFFAT,1,3,0,1,4,1,1836,275,42,6,2111,48,4,1
11/17/2021,MOFFAT,1,13,0,0,14,0,1849,276,42,6,2125,48,14,0
11/18/2021,MOFFAT,0,1,0,0,1,0,1850,276,42,6,2126,48,1,0
11/19/2021,MOFFAT,2,2,0,0,4,0,1852,278,42,6,2130,48,4,0
11/20/2021,MOFFAT,0,6,0,0,6,0,1858,278,42,6,2136,48,6,0
11/21/2021,MOFFAT,1,6,0,0,7,0,1864,279,42,6,2143,48,7,0
11/22/2021,MOFFAT,0,5,0,0,5,0,1869,279,42,6,2148,48,5,0
11/23/2021,MOFFAT,3,6,0,0,9,0,1875,282,42,6,2157,48,9,0
11/24/2021,MOFFAT,2,5,0,0,7,0,1880,284,42,6,2164,48,7,0
11/25/2021,MOFFAT,0,3,0,0,3,0,1883,284,42,6,2167,48,3,0
11/26/2021,MOFFAT,0,1,0,0,1,0,1884,284,42,6,2168,48,1,0
11/27/2021,MOFFAT,0,1,0,0,1,0,1885,284,42,6,2169,48,1,0
11/28/2021,MOFFAT,0,5,0,0,5,0,1890,284,42,6,2174,48,5,0
11/29/2021,MOFFAT,1,4,0,0,5,0,1894,285,42,6,2179,48,5,0
11/30/2021,MOFFAT,0,2,0,0,2,0,1896,285,42,6,2181,48,2,0
12/01/2021,MOFFAT,0,2,0,0,2,0,1898,285,42,6,2183,48,2,0
12/02/2021,MOFFAT,0,2,0,0,2,0,1900,285,42,6,2185,48,2,0
12/03/2021,MOFFAT,1,2,0,0,3,0,1902,286,42,6,2188,48,3,0
12/04/2021,MOFFAT,1,2,0,0,3,0,1904,287,42,6,2191,48,3,0
12/05/2021,MOFFAT,1,3,0,0,4,0,1907,288,42,6,2195,48,4,0
12/06/2021,MOFFAT,2,6,0,1,8,1,1913,290,43,6,2203,49,8,1
12/07/2021,MOFFAT,3,2,0,0,5,0,1915,293,43,6,2208,49,5,0
12/08/2021,MOFFAT,0,4,0,0,4,0,1919,293,43,6,2212,49,4,0
12/09/2021,MOFFAT,3,4,0,0,7,0,1923,296,43,6,2219,49,7,0
12/10/2021,MOFFAT,0,3,0,0,3,0,1926,296,43,6,2222,49,3,0
12/11/2021,MOFFAT,0,1,0,0,1,0,1927,296,43,6,2223,49,1,0
12/12/2021,MOFFAT,0,3,0,0,3,0,1930,296,43,6,2226,49,3,0
12/13/2021,MOFFAT,2,6,0,0,8,0,1936,298,43,6,2234,49,8,0
12/14/2021,MOFFAT,1,4,0,0,5,0,1940,299,43,6,2239,49,5,0
12/15/2021,MOFFAT,2,1,0,0,3,0,1941,301,43,6,2242,49,3,0
12/16/2021,MOFFAT,0,1,0,0,1,0,1942,301,43,6,2243,49,1,0
12/18/2021,MOFFAT,0,4,0,0,4,0,1946,301,43,6,2247,49,4,0
12/19/2021,MOFFAT,0,1,0,0,1,0,1947,301,43,6,2248,49,1,0
12/20/2021,MOFFAT,0,6,0,0,6,0,1953,301,43,6,2254,49,6,0
12/22/2021,MOFFAT,0,3,0,0,3,0,1956,301,43,6,2257,49,3,0
12/23/2021,MOFFAT,1,1,0,0,2,0,1957,302,43,6,2259,49,2,0
12/24/2021,MOFFAT,0,2,0,0,2,0,1959,302,43,6,2261,49,2,0
12/26/2021,MOFFAT,0,1,0,0,1,0,1960,302,43,6,2262,49,1,0
12/27/2021,MOFFAT,1,2,0,0,3,0,1962,303,43,6,2265,49,3,0
12/28/2021,MOFFAT,1,3,0,0,4,0,1965,304,43,6,2269,49,4,0
12/29/2021,MOFFAT,0,5,0,0,5,0,1970,304,43,6,2274,49,5,0
12/30/2021,MOFFAT,1,13,0,0,14,0,1983,305,43,6,2288,49,14,0
12/31/2021,MOFFAT,0,10,0,0,10,0,1993,305,43,6,2298,49,10,0
01/01/2022,MOFFAT,0,12,0,0,12,0,2005,305,43,6,2310,49,12,0
01/02/2022,MOFFAT,0,14,0,0,14,0,2019,305,43,6,2324,49,14,0
01/03/2022,MOFFAT,1,7,0,0,8,0,2026,306,43,6,2332,49,8,0
01/04/2022,MOFFAT,4,13,0,0,17,0,2039,310,43,6,2349,49,17,0
01/05/2022,MOFFAT,2,24,0,0,26,0,2063,312,43,6,2375,49,26,0
01/06/2022,MOFFAT,3,5,0,0,8,0,2068,315,43,6,2383,49,8,0
01/07/2022,MOFFAT,2,8,0,0,10,0,2076,317,43,6,2393,49,10,0
01/08/2022,MOFFAT,1,19,0,0,20,0,2095,318,43,6,2413,49,20,0
01/09/2022,MOFFAT,0,8,0,0,8,0,2103,318,43,6,2421,49,8,0
01/10/2022,MOFFAT,3,6,0,0,9,0,2109,321,43,6,2430,49,9,0
01/11/2022,MOFFAT,2,11,0,0,13,0,2120,323,43,6,2443,49,13,0
01/12/2022,MOFFAT,4,20,0,0,24,0,2140,327,43,6,2467,49,24,0
01/13/2022,MOFFAT,5,6,0,0,11,0,2146,332,43,6,2478,49,11,0
01/14/2022,MOFFAT,6,19,1,0,25,1,2165,338,43,7,2503,50,25,1
01/15/2022,MOFFAT,0,12,0,0,12,0,2177,338,43,7,2515,50,12,0
01/16/2022,MOFFAT,1,13,0,0,14,0,2190,339,43,7,2529,50,14,0
01/17/2022,MOFFAT,3,19,0,0,22,0,2209,342,43,7,2551,50,22,0
01/18/2022,MOFFAT,1,12,0,0,13,0,2221,343,43,7,2564,50,13,0
01/19/2022,MOFFAT,3,22,0,0,25,0,2243,346,43,7,2589,50,25,0
01/20/2022,MOFFAT,11,24,0,0,35,0,2267,357,43,7,2624,50,35,0
01/21/2022,MOFFAT,0,15,0,0,15,0,2282,357,43,7,2639,50,15,0
01/22/2022,MOFFAT,0,13,0,0,13,0,2295,357,43,7,2652,50,13,0
01/23/2022,MOFFAT,3,16,0,0,19,0,2311,360,43,7,2671,50,19,0
01/24/2022,MOFFAT,5,13,0,0,18,0,2324,365,43,7,2689,50,18,0
01/25/2022,MOFFAT,2,8,1,0,10,1,2332,367,43,8,2699,51,10,1
01/26/2022,MOFFAT,2,25,0,0,27,0,2357,369,43,8,2726,51,27,0
01/27/2022,MOFFAT,4,18,0,0,22,0,2375,373,43,8,2748,51,22,0
01/28/2022,MOFFAT,2,9,0,0,11,0,2384,375,43,8,2759,51,11,0
01/29/2022,MOFFAT,0,2,0,0,2,0,2386,375,43,8,2761,51,2,0
01/30/2022,MOFFAT,0,18,0,0,18,0,2404,375,43,8,2779,51,18,0
01/31/2022,MOFFAT,7,8,0,0,15,0,2412,382,43,8,2794,51,15,0
02/01/2022,MOFFAT,5,7,0,0,12,0,2419,387,43,8,2806,51,12,0
02/02/2022,MOFFAT,5,15,0,0,20,0,2434,392,43,8,2826,51,20,0
02/03/2022,MOFFAT,2,10,0,0,12,0,2444,394,43,8,2838,51,12,0
02/04/2022,MOFFAT,0,12,0,0,12,0,2456,394,43,8,2850,51,12,0
02/05/2022,MOFFAT,0,9,0,0,9,0,2465,394,43,8,2859,51,9,0
02/06/2022,MOFFAT,0,3,0,0,3,0,2468,394,43,8,2862,51,3,0
02/07/2022,MOFFAT,3,10,0,0,13,0,2478,397,43,8,2875,51,13,0
02/08/2022,MOFFAT,1,1,0,0,2,0,2479,398,43,8,2877,51,2,0
02/09/2022,MOFFAT,7,8,0,0,15,0,2487,405,43,8,2892,51,15,0
02/10/2022,MOFFAT,0,6,0,0,6,0,2493,405,43,8,2898,51,6,0
02/11/2022,MOFFAT,0,2,0,0,2,0,2495,405,43,8,2900,51,2,0
02/12/2022,MOFFAT,0,9,0,0,9,0,2504,405,43,8,2909,51,9,0
02/13/2022,MOFFAT,0,3,0,0,3,0,2507,405,43,8,2912,51,3,0
02/14/2022,MOFFAT,0,1,0,0,1,0,2508,405,43,8,2913,51,1,0
02/15/2022,MOFFAT,0,3,0,0,3,0,2511,405,43,8,2916,51,3,0
02/16/2022,MOFFAT,2,5,0,0,7,0,2516,407,43,8,2923,51,7,0
02/17/2022,MOFFAT,0,4,0,0,4,0,2520,407,43,8,2927,51,4,0
02/18/2022,MOFFAT,0,2,0,0,2,0,2522,407,43,8,2929,51,2,0
02/19/2022,MOFFAT,0,3,0,0,3,0,2525,407,43,8,2932,51,3,0
02/20/2022,MOFFAT,0,1,0,0,1,0,2526,407,43,8,2933,51,1,0
02/21/2022,MOFFAT,0,3,0,0,3,0,2529,407,43,8,2936,51,3,0
02/22/2022,MOFFAT,1,0,0,0,1,0,2529,408,43,8,2937,51,1,0
02/23/2022,MOFFAT,2,4,0,0,6,0,2533,410,43,8,2943,51,6,0
02/24/2022,MOFFAT,0,2,0,0,2,0,2535,410,43,8,2945,51,2,0
02/25/2022,MOFFAT,0,3,0,0,3,0,2538,410,43,8,2948,51,3,0
02/26/2022,MOFFAT,0,1,0,0,1,0,2539,410,43,8,2949,51,1,0
02/27/2022,MOFFAT,0,1,0,0,1,0,2540,410,43,8,2950,51,1,0
02/28/2022,MOFFAT,4,1,0,0,5,0,2541,414,43,8,2955,51,5,0
03/02/2022,MOFFAT,0,2,0,0,2,0,2543,414,43,8,2957,51,2,0
03/03/2022,MOFFAT,0,2,0,0,2,0,2545,414,43,8,2959,51,2,0
03/05/2022,MOFFAT,0,1,0,0,1,0,2546,414,43,8,2960,51,1,0
03/07/2022,MOFFAT,0,1,0,0,1,0,2547,414,43,8,2961,51,1,0
03/08/2022,MOFFAT,0,3,0,0,3,0,2550,414,43,8,2964,51,3,0
03/09/2022,MOFFAT,0,1,0,0,1,0,2551,414,43,8,2965,51,1,0
03/10/2022,MOFFAT,0,1,0,0,1,0,2552,414,43,8,2966,51,1,0
03/14/2022,MOFFAT,0,1,0,0,1,0,2553,414,43,8,2967,51,1,0
03/16/2022,MOFFAT,0,1,0,0,1,0,2554,414,43,8,2968,51,1,0
03/17/2022,MOFFAT,0,3,0,0,3,0,2557,414,43,8,2971,51,3,0
03/18/2022,MOFFAT,0,4,0,0,4,0,2561,414,43,8,2975,51,4,0
03/28/2020,MONTEZUMA,0,1,0,0,1,0,1,0,0,0,1,0,-2974,-51
04/01/2020,MONTEZUMA,0,1,0,1,1,1,2,0,1,0,2,1,1,1
04/02/2020,MONTEZUMA,0,1,0,0,1,0,3,0,1,0,3,1,1,0
04/03/2020,MONTEZUMA,0,3,0,0,3,0,6,0,1,0,6,1,3,0
04/04/2020,MONTEZUMA,0,2,0,0,2,0,8,0,1,0,8,1,2,0
04/09/2020,MONTEZUMA,0,1,0,0,1,0,9,0,1,0,9,1,1,0
04/10/2020,MONTEZUMA,0,2,0,1,2,1,11,0,2,0,11,2,2,1
04/11/2020,MONTEZUMA,0,1,0,0,1,0,12,0,2,0,12,2,1,0
04/15/2020,MONTEZUMA,0,1,0,0,1,0,13,0,2,0,13,2,1,0
04/22/2020,MONTEZUMA,0,2,0,0,2,0,15,0,2,0,15,2,2,0
04/28/2020,MONTEZUMA,0,1,0,0,1,0,16,0,2,0,16,2,1,0
05/02/2020,MONTEZUMA,0,1,0,0,1,0,17,0,2,0,17,2,1,0
05/03/2020,MONTEZUMA,0,1,0,0,1,0,18,0,2,0,18,2,1,0
05/05/2020,MONTEZUMA,0,1,0,0,1,0,19,0,2,0,19,2,1,0
05/06/2020,MONTEZUMA,0,2,0,0,2,0,21,0,2,0,21,2,2,0
05/07/2020,MONTEZUMA,0,2,0,1,2,1,23,0,3,0,23,3,2,1
05/10/2020,MONTEZUMA,0,1,0,0,1,0,24,0,3,0,24,3,1,0
05/11/2020,MONTEZUMA,0,1,0,0,1,0,25,0,3,0,25,3,1,0
05/14/2020,MONTEZUMA,0,1,0,0,1,0,26,0,3,0,26,3,1,0
05/15/2020,MONTEZUMA,0,1,0,0,1,0,27,0,3,0,27,3,1,0
05/18/2020,MONTEZUMA,0,2,0,0,2,0,29,0,3,0,29,3,2,0
05/19/2020,MONTEZUMA,0,1,0,0,1,0,30,0,3,0,30,3,1,0
05/21/2020,MONTEZUMA,0,5,0,0,5,0,35,0,3,0,35,3,5,0
05/24/2020,MONTEZUMA,0,1,0,0,1,0,36,0,3,0,36,3,1,0
05/26/2020,MONTEZUMA,0,1,0,0,1,0,37,0,3,0,37,3,1,0
05/27/2020,MONTEZUMA,0,1,0,0,1,0,38,0,3,0,38,3,1,0
05/28/2020,MONTEZUMA,0,2,0,0,2,0,40,0,3,0,40,3,2,0
05/29/2020,MONTEZUMA,0,4,0,1,4,1,44,0,4,0,44,4,4,1
05/30/2020,MONTEZUMA,0,2,0,0,2,0,46,0,4,0,46,4,2,0
06/01/2020,MONTEZUMA,0,1,0,0,1,0,47,0,4,0,47,4,1,0
06/05/2020,MONTEZUMA,0,5,0,0,5,0,52,0,4,0,52,4,5,0
06/06/2020,MONTEZUMA,0,6,0,0,6,0,58,0,4,0,58,4,6,0
06/08/2020,MONTEZUMA,0,2,0,0,2,0,60,0,4,0,60,4,2,0
06/11/2020,MONTEZUMA,0,1,0,0,1,0,61,0,4,0,61,4,1,0
06/13/2020,MONTEZUMA,0,1,0,0,1,0,62,0,4,0,62,4,1,0
06/14/2020,MONTEZUMA,0,1,0,0,1,0,63,0,4,0,63,4,1,0
06/15/2020,MONTEZUMA,0,3,0,0,3,0,66,0,4,0,66,4,3,0
06/16/2020,MONTEZUMA,0,1,0,1,1,1,67,0,5,0,67,5,1,1
06/18/2020,MONTEZUMA,0,1,0,0,1,0,68,0,5,0,68,5,1,0
06/21/2020,MONTEZUMA,0,1,0,0,1,0,69,0,5,0,69,5,1,0
06/24/2020,MONTEZUMA,0,1,0,0,1,0,70,0,5,0,70,5,1,0
06/26/2020,MONTEZUMA,0,1,0,0,1,0,71,0,5,0,71,5,1,0
06/29/2020,MONTEZUMA,0,1,0,0,1,0,72,0,5,0,72,5,1,0
07/02/2020,MONTEZUMA,0,1,0,0,1,0,73,0,5,0,73,5,1,0
07/03/2020,MONTEZUMA,0,2,0,0,2,0,75,0,5,0,75,5,2,0
07/06/2020,MONTEZUMA,0,2,0,0,2,0,77,0,5,0,77,5,2,0
07/07/2020,MONTEZUMA,0,1,0,0,1,0,78,0,5,0,78,5,1,0
07/08/2020,MONTEZUMA,0,1,0,0,1,0,79,0,5,0,79,5,1,0
07/11/2020,MONTEZUMA,0,3,0,0,3,0,82,0,5,0,82,5,3,0
07/13/2020,MONTEZUMA,0,1,0,0,1,0,83,0,5,0,83,5,1,0
07/14/2020,MONTEZUMA,0,2,0,0,2,0,85,0,5,0,85,5,2,0
07/15/2020,MONTEZUMA,0,1,0,0,1,0,86,0,5,0,86,5,1,0
07/16/2020,MONTEZUMA,0,5,0,1,5,1,91,0,6,0,91,6,5,1
07/18/2020,MONTEZUMA,0,1,0,0,1,0,92,0,6,0,92,6,1,0
07/19/2020,MONTEZUMA,0,1,0,0,1,0,93,0,6,0,93,6,1,0
07/22/2020,MONTEZUMA,0,3,0,0,3,0,96,0,6,0,96,6,3,0
07/23/2020,MONTEZUMA,0,1,0,0,1,0,97,0,6,0,97,6,1,0
07/24/2020,MONTEZUMA,0,1,0,0,1,0,98,0,6,0,98,6,1,0
07/25/2020,MONTEZUMA,0,5,0,0,5,0,103,0,6,0,103,6,5,0
07/26/2020,MONTEZUMA,0,1,0,0,1,0,104,0,6,0,104,6,1,0
07/27/2020,MONTEZUMA,0,1,0,1,1,1,105,0,7,0,105,7,1,1
07/29/2020,MONTEZUMA,0,4,0,0,4,0,109,0,7,0,109,7,4,0
07/31/2020,MONTEZUMA,0,1,0,0,1,0,110,0,7,0,110,7,1,0
08/03/2020,MONTEZUMA,0,1,0,0,1,0,111,0,7,0,111,7,1,0
08/05/2020,MONTEZUMA,0,1,0,0,1,0,112,0,7,0,112,7,1,0
08/07/2020,MONTEZUMA,0,1,0,0,1,0,113,0,7,0,113,7,1,0
08/08/2020,MONTEZUMA,0,1,0,0,1,0,114,0,7,0,114,7,1,0
08/15/2020,MONTEZUMA,0,2,0,0,2,0,116,0,7,0,116,7,2,0
08/16/2020,MONTEZUMA,0,2,0,0,2,0,118,0,7,0,118,7,2,0
08/20/2020,MONTEZUMA,0,4,0,0,4,0,122,0,7,0,122,7,4,0
08/24/2020,MONTEZUMA,0,1,0,0,1,0,123,0,7,0,123,7,1,0
08/26/2020,MONTEZUMA,0,2,0,0,2,0,125,0,7,0,125,7,2,0
08/29/2020,MONTEZUMA,0,1,0,0,1,0,126,0,7,0,126,7,1,0
08/31/2020,MONTEZUMA,0,2,0,0,2,0,128,0,7,0,128,7,2,0
09/10/2020,MONTEZUMA,0,1,0,0,1,0,129,0,7,0,129,7,1,0
09/12/2020,MONTEZUMA,0,1,0,0,1,0,130,0,7,0,130,7,1,0
09/17/2020,MONTEZUMA,0,1,0,0,1,0,131,0,7,0,131,7,1,0
09/19/2020,MONTEZUMA,0,1,0,0,1,0,132,0,7,0,132,7,1,0
09/21/2020,MONTEZUMA,0,1,0,0,1,0,133,0,7,0,133,7,1,0
09/22/2020,MONTEZUMA,0,2,0,0,2,0,135,0,7,0,135,7,2,0
09/23/2020,MONTEZUMA,0,1,0,0,1,0,136,0,7,0,136,7,1,0
09/24/2020,MONTEZUMA,0,2,0,0,2,0,138,0,7,0,138,7,2,0
09/25/2020,MONTEZUMA,0,2,0,0,2,0,140,0,7,0,140,7,2,0
09/27/2020,MONTEZUMA,0,1,0,0,1,0,141,0,7,0,141,7,1,0
09/29/2020,MONTEZUMA,0,3,0,0,3,0,144,0,7,0,144,7,3,0
09/30/2020,MONTEZUMA,0,4,0,0,4,0,148,0,7,0,148,7,4,0
10/01/2020,MONTEZUMA,0,1,0,0,1,0,149,0,7,0,149,7,1,0
10/02/2020,MONTEZUMA,0,1,0,0,1,0,150,0,7,0,150,7,1,0
10/03/2020,MONTEZUMA,0,1,0,0,1,0,151,0,7,0,151,7,1,0
10/05/2020,MONTEZUMA,0,2,0,0,2,0,153,0,7,0,153,7,2,0
10/06/2020,MONTEZUMA,0,2,0,0,2,0,155,0,7,0,155,7,2,0
10/07/2020,MONTEZUMA,0,6,0,0,6,0,161,0,7,0,161,7,6,0
10/08/2020,MONTEZUMA,0,1,0,0,1,0,162,0,7,0,162,7,1,0
10/09/2020,MONTEZUMA,0,1,0,0,1,0,163,0,7,0,163,7,1,0
10/10/2020,MONTEZUMA,0,4,0,0,4,0,167,0,7,0,167,7,4,0
10/11/2020,MONTEZUMA,0,7,0,0,7,0,174,0,7,0,174,7,7,0
10/12/2020,MONTEZUMA,0,1,0,0,1,0,175,0,7,0,175,7,1,0
10/13/2020,MONTEZUMA,0,1,0,0,1,0,176,0,7,0,176,7,1,0
10/14/2020,MONTEZUMA,0,1,0,0,1,0,177,0,7,0,177,7,1,0
10/16/2020,MONTEZUMA,0,4,0,0,4,0,181,0,7,0,181,7,4,0
10/17/2020,MONTEZUMA,0,5,0,0,5,0,186,0,7,0,186,7,5,0
10/18/2020,MONTEZUMA,0,2,0,0,2,0,188,0,7,0,188,7,2,0
10/20/2020,MONTEZUMA,0,3,0,0,3,0,191,0,7,0,191,7,3,0
10/21/2020,MONTEZUMA,0,2,0,0,2,0,193,0,7,0,193,7,2,0
10/22/2020,MONTEZUMA,0,2,0,0,2,0,195,0,7,0,195,7,2,0
10/23/2020,MONTEZUMA,0,2,0,0,2,0,197,0,7,0,197,7,2,0
10/24/2020,MONTEZUMA,0,4,0,0,4,0,201,0,7,0,201,7,4,0
10/25/2020,MONTEZUMA,0,14,0,0,14,0,215,0,7,0,215,7,14,0
10/26/2020,MONTEZUMA,0,10,0,0,10,0,225,0,7,0,225,7,10,0
10/27/2020,MONTEZUMA,0,1,0,0,1,0,226,0,7,0,226,7,1,0
10/28/2020,MONTEZUMA,0,4,0,0,4,0,230,0,7,0,230,7,4,0
10/29/2020,MONTEZUMA,0,5,0,0,5,0,235,0,7,0,235,7,5,0
10/30/2020,MONTEZUMA,0,4,0,0,4,0,239,0,7,0,239,7,4,0
10/31/2020,MONTEZUMA,0,5,0,0,5,0,244,0,7,0,244,7,5,0
11/01/2020,MONTEZUMA,0,6,0,0,6,0,250,0,7,0,250,7,6,0
11/02/2020,MONTEZUMA,0,2,0,1,2,1,252,0,8,0,252,8,2,1
11/03/2020,MONTEZUMA,1,3,0,0,4,0,255,1,8,0,256,8,4,0
11/04/2020,MONTEZUMA,0,24,0,0,24,0,279,1,8,0,280,8,24,0
11/05/2020,MONTEZUMA,0,5,0,0,5,0,284,1,8,0,285,8,5,0
11/06/2020,MONTEZUMA,0,24,0,1,24,1,308,1,9,0,309,9,24,1
11/07/2020,MONTEZUMA,0,4,0,0,4,0,312,1,9,0,313,9,4,0
11/08/2020,MONTEZUMA,0,10,0,0,10,0,322,1,9,0,323,9,10,0
11/09/2020,MONTEZUMA,0,1,0,0,1,0,323,1,9,0,324,9,1,0
11/10/2020,MONTEZUMA,0,6,0,0,6,0,329,1,9,0,330,9,6,0
11/11/2020,MONTEZUMA,0,7,0,0,7,0,336,1,9,0,337,9,7,0
11/12/2020,MONTEZUMA,0,43,0,0,43,0,379,1,9,0,380,9,43,0
11/13/2020,MONTEZUMA,0,23,0,0,23,0,402,1,9,0,403,9,23,0
11/14/2020,MONTEZUMA,0,14,0,0,14,0,416,1,9,0,417,9,14,0
11/15/2020,MONTEZUMA,0,35,0,0,35,0,451,1,9,0,452,9,35,0
11/16/2020,MONTEZUMA,0,7,0,0,7,0,458,1,9,0,459,9,7,0
11/17/2020,MONTEZUMA,0,10,0,1,10,1,468,1,10,0,469,10,10,1
11/18/2020,MONTEZUMA,0,39,0,1,39,1,507,1,11,0,508,11,39,1
11/19/2020,MONTEZUMA,0,46,0,0,46,0,553,1,11,0,554,11,46,0
11/20/2020,MONTEZUMA,0,35,0,1,35,1,588,1,12,0,589,12,35,1
11/21/2020,MONTEZUMA,0,11,0,0,11,0,599,1,12,0,600,12,11,0
11/22/2020,MONTEZUMA,0,12,0,0,12,0,611,1,12,0,612,12,12,0
11/23/2020,MONTEZUMA,0,23,0,0,23,0,634,1,12,0,635,12,23,0
11/24/2020,MONTEZUMA,0,11,0,0,11,0,645,1,12,0,646,12,11,0
11/25/2020,MONTEZUMA,0,18,0,2,18,2,663,1,14,0,664,14,18,2
11/26/2020,MONTEZUMA,0,34,0,1,34,1,697,1,15,0,698,15,34,1
11/27/2020,MONTEZUMA,0,25,0,0,25,0,722,1,15,0,723,15,25,0
11/28/2020,MONTEZUMA,0,19,0,0,19,0,741,1,15,0,742,15,19,0
11/29/2020,MONTEZUMA,0,11,0,0,11,0,752,1,15,0,753,15,11,0
11/30/2020,MONTEZUMA,0,8,0,1,8,1,760,1,16,0,761,16,8,1
12/01/2020,MONTEZUMA,0,11,0,0,11,0,771,1,16,0,772,16,11,0
12/02/2020,MONTEZUMA,0,46,0,0,46,0,817,1,16,0,818,16,46,0
12/03/2020,MONTEZUMA,0,25,0,0,25,0,842,1,16,0,843,16,25,0
12/04/2020,MONTEZUMA,0,17,0,0,17,0,859,1,16,0,860,16,17,0
12/05/2020,MONTEZUMA,0,18,0,0,18,0,877,1,16,0,878,16,18,0
12/06/2020,MONTEZUMA,0,19,0,0,19,0,896,1,16,0,897,16,19,0
12/07/2020,MONTEZUMA,0,6,0,0,6,0,902,1,16,0,903,16,6,0
12/08/2020,MONTEZUMA,0,9,0,0,9,0,911,1,16,0,912,16,9,0
12/09/2020,MONTEZUMA,0,19,0,0,19,0,930,1,16,0,931,16,19,0
12/10/2020,MONTEZUMA,0,48,0,0,48,0,978,1,16,0,979,16,48,0
12/11/2020,MONTEZUMA,0,12,0,0,12,0,990,1,16,0,991,16,12,0
12/12/2020,MONTEZUMA,0,13,0,0,13,0,1003,1,16,0,1004,16,13,0
12/13/2020,MONTEZUMA,0,22,0,1,22,1,1025,1,17,0,1026,17,22,1
12/14/2020,MONTEZUMA,0,12,0,2,12,2,1037,1,19,0,1038,19,12,2
12/15/2020,MONTEZUMA,0,10,0,0,10,0,1047,1,19,0,1048,19,10,0
12/16/2020,MONTEZUMA,0,25,0,0,25,0,1072,1,19,0,1073,19,25,0
12/17/2020,MONTEZUMA,0,28,0,1,28,1,1100,1,20,0,1101,20,28,1
12/18/2020,MONTEZUMA,0,28,0,0,28,0,1128,1,20,0,1129,20,28,0
12/19/2020,MONTEZUMA,0,8,0,0,8,0,1136,1,20,0,1137,20,8,0
12/20/2020,MONTEZUMA,0,3,0,0,3,0,1139,1,20,0,1140,20,3,0
12/21/2020,MONTEZUMA,0,11,0,0,11,0,1150,1,20,0,1151,20,11,0
12/22/2020,MONTEZUMA,0,4,0,0,4,0,1154,1,20,0,1155,20,4,0
12/23/2020,MONTEZUMA,0,19,0,0,19,0,1173,1,20,0,1174,20,19,0
12/24/2020,MONTEZUMA,0,22,0,0,22,0,1195,1,20,0,1196,20,22,0
12/25/2020,MONTEZUMA,0,10,0,0,10,0,1205,1,20,0,1206,20,10,0
12/26/2020,MONTEZUMA,0,9,0,0,9,0,1214,1,20,0,1215,20,9,0
12/27/2020,MONTEZUMA,0,6,0,0,6,0,1220,1,20,0,1221,20,6,0
12/28/2020,MONTEZUMA,0,3,0,0,3,0,1223,1,20,0,1224,20,3,0
12/29/2020,MONTEZUMA,0,11,0,0,11,0,1234,1,20,0,1235,20,11,0
12/30/2020,MONTEZUMA,2,13,0,0,15,0,1247,3,20,0,1250,20,15,0
12/31/2020,MONTEZUMA,0,11,0,0,11,0,1258,3,20,0,1261,20,11,0
01/01/2021,MONTEZUMA,0,14,0,0,14,0,1272,3,20,0,1275,20,14,0
01/02/2021,MONTEZUMA,0,15,0,0,15,0,1287,3,20,0,1290,20,15,0
01/03/2021,MONTEZUMA,0,9,0,0,9,0,1296,3,20,0,1299,20,9,0
01/04/2021,MONTEZUMA,0,5,0,0,5,0,1301,3,20,0,1304,20,5,0
01/05/2021,MONTEZUMA,0,18,0,0,18,0,1319,3,20,0,1322,20,18,0
01/06/2021,MONTEZUMA,0,16,0,0,16,0,1335,3,20,0,1338,20,16,0
01/07/2021,MONTEZUMA,0,25,0,0,25,0,1360,3,20,0,1363,20,25,0
01/08/2021,MONTEZUMA,0,30,0,0,30,0,1390,3,20,0,1393,20,30,0
01/09/2021,MONTEZUMA,0,12,0,0,12,0,1402,3,20,0,1405,20,12,0
01/10/2021,MONTEZUMA,0,16,0,1,16,1,1418,3,21,0,1421,21,16,1
01/11/2021,MONTEZUMA,0,17,0,0,17,0,1435,3,21,0,1438,21,17,0
01/12/2021,MONTEZUMA,0,4,0,0,4,0,1439,3,21,0,1442,21,4,0
01/13/2021,MONTEZUMA,0,20,0,1,20,1,1459,3,22,0,1462,22,20,1
01/14/2021,MONTEZUMA,0,19,0,0,19,0,1478,3,22,0,1481,22,19,0
01/15/2021,MONTEZUMA,1,15,0,0,16,0,1493,4,22,0,1497,22,16,0
01/16/2021,MONTEZUMA,0,20,0,0,20,0,1513,4,22,0,1517,22,20,0
01/17/2021,MONTEZUMA,0,14,0,0,14,0,1527,4,22,0,1531,22,14,0
01/18/2021,MONTEZUMA,0,12,0,0,12,0,1539,4,22,0,1543,22,12,0
01/19/2021,MONTEZUMA,0,11,0,0,11,0,1550,4,22,0,1554,22,11,0
01/20/2021,MONTEZUMA,0,16,0,0,16,0,1566,4,22,0,1570,22,16,0
01/21/2021,MONTEZUMA,0,10,0,0,10,0,1576,4,22,0,1580,22,10,0
01/22/2021,MONTEZUMA,0,7,0,0,7,0,1583,4,22,0,1587,22,7,0
01/23/2021,MONTEZUMA,0,9,0,0,9,0,1592,4,22,0,1596,22,9,0
01/24/2021,MONTEZUMA,0,16,0,0,16,0,1608,4,22,0,1612,22,16,0
01/26/2021,MONTEZUMA,0,6,0,1,6,1,1614,4,23,0,1618,23,6,1
01/27/2021,MONTEZUMA,0,8,0,0,8,0,1622,4,23,0,1626,23,8,0
01/28/2021,MONTEZUMA,0,5,0,0,5,0,1627,4,23,0,1631,23,5,0
01/29/2021,MONTEZUMA,0,6,0,0,6,0,1633,4,23,0,1637,23,6,0
01/30/2021,MONTEZUMA,0,6,0,1,6,1,1639,4,24,0,1643,24,6,1
01/31/2021,MONTEZUMA,0,8,0,0,8,0,1647,4,24,0,1651,24,8,0
02/01/2021,MONTEZUMA,0,1,0,0,1,0,1648,4,24,0,1652,24,1,0
02/02/2021,MONTEZUMA,0,2,0,0,2,0,1650,4,24,0,1654,24,2,0
02/03/2021,MONTEZUMA,0,9,0,0,9,0,1659,4,24,0,1663,24,9,0
02/04/2021,MONTEZUMA,0,13,0,0,13,0,1672,4,24,0,1676,24,13,0
02/05/2021,MONTEZUMA,0,3,0,0,3,0,1675,4,24,0,1679,24,3,0
02/06/2021,MONTEZUMA,0,3,0,0,3,0,1678,4,24,0,1682,24,3,0
02/07/2021,MONTEZUMA,0,8,0,0,8,0,1686,4,24,0,1690,24,8,0
02/08/2021,MONTEZUMA,0,2,0,0,2,0,1688,4,24,0,1692,24,2,0
02/09/2021,MONTEZUMA,0,2,0,0,2,0,1690,4,24,0,1694,24,2,0
02/10/2021,MONTEZUMA,0,2,0,0,2,0,1692,4,24,0,1696,24,2,0
02/11/2021,MONTEZUMA,0,1,0,0,1,0,1693,4,24,0,1697,24,1,0
02/13/2021,MONTEZUMA,0,3,0,0,3,0,1696,4,24,0,1700,24,3,0
02/14/2021,MONTEZUMA,0,2,0,0,2,0,1698,4,24,0,1702,24,2,0
02/15/2021,MONTEZUMA,0,2,0,0,2,0,1700,4,24,0,1704,24,2,0
02/16/2021,MONTEZUMA,0,1,0,0,1,0,1701,4,24,0,1705,24,1,0
02/17/2021,MONTEZUMA,0,1,0,0,1,0,1702,4,24,0,1706,24,1,0
02/18/2021,MONTEZUMA,0,3,0,0,3,0,1705,4,24,0,1709,24,3,0
02/19/2021,MONTEZUMA,0,4,0,0,4,0,1709,4,24,0,1713,24,4,0
02/20/2021,MONTEZUMA,0,6,0,0,6,0,1715,4,24,0,1719,24,6,0
02/21/2021,MONTEZUMA,0,2,0,0,2,0,1717,4,24,0,1721,24,2,0
02/22/2021,MONTEZUMA,0,2,0,0,2,0,1719,4,24,0,1723,24,2,0
02/23/2021,MONTEZUMA,0,3,0,0,3,0,1722,4,24,0,1726,24,3,0
02/24/2021,MONTEZUMA,0,6,0,0,6,0,1728,4,24,0,1732,24,6,0
02/25/2021,MONTEZUMA,0,4,0,0,4,0,1732,4,24,0,1736,24,4,0
02/26/2021,MONTEZUMA,0,3,0,0,3,0,1735,4,24,0,1739,24,3,0
02/28/2021,MONTEZUMA,0,2,0,0,2,0,1737,4,24,0,1741,24,2,0
03/01/2021,MONTEZUMA,0,1,0,1,1,1,1738,4,25,0,1742,25,1,1
03/02/2021,MONTEZUMA,0,1,0,0,1,0,1739,4,25,0,1743,25,1,0
03/03/2021,MONTEZUMA,0,3,0,0,3,0,1742,4,25,0,1746,25,3,0
03/04/2021,MONTEZUMA,0,2,0,0,2,0,1744,4,25,0,1748,25,2,0
03/05/2021,MONTEZUMA,0,1,0,0,1,0,1745,4,25,0,1749,25,1,0
03/06/2021,MONTEZUMA,0,2,0,0,2,0,1747,4,25,0,1751,25,2,0
03/07/2021,MONTEZUMA,0,1,0,0,1,0,1748,4,25,0,1752,25,1,0
03/08/2021,MONTEZUMA,0,1,0,0,1,0,1749,4,25,0,1753,25,1,0
03/09/2021,MONTEZUMA,0,2,0,0,2,0,1751,4,25,0,1755,25,2,0
03/10/2021,MONTEZUMA,0,1,0,0,1,0,1752,4,25,0,1756,25,1,0
03/11/2021,MONTEZUMA,2,18,0,0,20,0,1770,6,25,0,1776,25,20,0
03/12/2021,MONTEZUMA,0,5,0,0,5,0,1775,6,25,0,1781,25,5,0
03/13/2021,MONTEZUMA,0,2,0,0,2,0,1777,6,25,0,1783,25,2,0
03/14/2021,MONTEZUMA,0,2,0,0,2,0,1779,6,25,0,1785,25,2,0
03/16/2021,MONTEZUMA,0,1,0,0,1,0,1780,6,25,0,1786,25,1,0
03/17/2021,MONTEZUMA,0,1,0,0,1,0,1781,6,25,0,1787,25,1,0
03/18/2021,MONTEZUMA,0,4,0,0,4,0,1785,6,25,0,1791,25,4,0
03/19/2021,MONTEZUMA,1,5,0,0,6,0,1790,7,25,0,1797,25,6,0
03/20/2021,MONTEZUMA,0,2,0,0,2,0,1792,7,25,0,1799,25,2,0
03/21/2021,MONTEZUMA,0,1,0,0,1,0,1793,7,25,0,1800,25,1,0
03/22/2021,MONTEZUMA,0,2,0,0,2,0,1795,7,25,0,1802,25,2,0
03/23/2021,MONTEZUMA,1,1,0,0,2,0,1796,8,25,0,1804,25,2,0
03/24/2021,MONTEZUMA,0,3,0,0,3,0,1799,8,25,0,1807,25,3,0
03/25/2021,MONTEZUMA,1,2,0,0,3,0,1801,9,25,0,1810,25,3,0
03/26/2021,MONTEZUMA,0,1,0,0,1,0,1802,9,25,0,1811,25,1,0
03/27/2021,MONTEZUMA,0,1,0,0,1,0,1803,9,25,0,1812,25,1,0
03/28/2021,MONTEZUMA,0,2,0,0,2,0,1805,9,25,0,1814,25,2,0
03/29/2021,MONTEZUMA,0,4,0,0,4,0,1809,9,25,0,1818,25,4,0
03/30/2021,MONTEZUMA,0,5,0,0,5,0,1814,9,25,0,1823,25,5,0
03/31/2021,MONTEZUMA,0,8,0,0,8,0,1822,9,25,0,1831,25,8,0
04/01/2021,MONTEZUMA,0,3,0,0,3,0,1825,9,25,0,1834,25,3,0
04/02/2021,MONTEZUMA,0,1,0,0,1,0,1826,9,25,0,1835,25,1,0
04/03/2021,MONTEZUMA,0,8,0,0,8,0,1834,9,25,0,1843,25,8,0
04/04/2021,MONTEZUMA,0,1,0,0,1,0,1835,9,25,0,1844,25,1,0
04/06/2021,MONTEZUMA,0,5,0,0,5,0,1840,9,25,0,1849,25,5,0
04/07/2021,MONTEZUMA,0,5,0,0,5,0,1845,9,25,0,1854,25,5,0
04/08/2021,MONTEZUMA,0,5,0,0,5,0,1850,9,25,0,1859,25,5,0
04/09/2021,MONTEZUMA,2,2,0,0,4,0,1852,11,25,0,1863,25,4,0
04/10/2021,MONTEZUMA,0,2,0,0,2,0,1854,11,25,0,1865,25,2,0
04/12/2021,MONTEZUMA,0,2,0,0,2,0,1856,11,25,0,1867,25,2,0
04/13/2021,MONTEZUMA,0,1,0,0,1,0,1857,11,25,0,1868,25,1,0
04/14/2021,MONTEZUMA,0,5,0,0,5,0,1862,11,25,0,1873,25,5,0
04/15/2021,MONTEZUMA,0,3,0,0,3,0,1865,11,25,0,1876,25,3,0
04/17/2021,MONTEZUMA,0,2,0,0,2,0,1867,11,25,0,1878,25,2,0
04/20/2021,MONTEZUMA,0,5,0,0,5,0,1872,11,25,0,1883,25,5,0
04/21/2021,MONTEZUMA,0,3,0,0,3,0,1875,11,25,0,1886,25,3,0
04/24/2021,MONTEZUMA,0,1,0,0,1,0,1876,11,25,0,1887,25,1,0
04/26/2021,MONTEZUMA,1,7,0,0,8,0,1883,12,25,0,1895,25,8,0
04/27/2021,MONTEZUMA,2,4,0,0,6,0,1887,14,25,0,1901,25,6,0
04/28/2021,MONTEZUMA,0,2,0,0,2,0,1889,14,25,0,1903,25,2,0
04/29/2021,MONTEZUMA,1,6,0,0,7,0,1895,15,25,0,1910,25,7,0
04/30/2021,MONTEZUMA,0,3,0,0,3,0,1898,15,25,0,1913,25,3,0
05/01/2021,MONTEZUMA,1,3,0,0,4,0,1901,16,25,0,1917,25,4,0
05/02/2021,MONTEZUMA,0,2,0,0,2,0,1903,16,25,0,1919,25,2,0
05/04/2021,MONTEZUMA,0,7,0,0,7,0,1910,16,25,0,1926,25,7,0
05/05/2021,MONTEZUMA,0,3,0,0,3,0,1913,16,25,0,1929,25,3,0
05/06/2021,MONTEZUMA,1,5,0,0,6,0,1918,17,25,0,1935,25,6,0
05/07/2021,MONTEZUMA,0,2,0,0,2,0,1920,17,25,0,1937,25,2,0
05/08/2021,MONTEZUMA,0,4,0,0,4,0,1924,17,25,0,1941,25,4,0
05/09/2021,MONTEZUMA,0,1,0,0,1,0,1925,17,25,0,1942,25,1,0
05/10/2021,MONTEZUMA,0,1,0,0,1,0,1926,17,25,0,1943,25,1,0
05/11/2021,MONTEZUMA,0,7,0,0,7,0,1933,17,25,0,1950,25,7,0
05/12/2021,MONTEZUMA,0,4,0,1,4,1,1937,17,26,0,1954,26,4,1
05/13/2021,MONTEZUMA,0,3,0,0,3,0,1940,17,26,0,1957,26,3,0
05/14/2021,MONTEZUMA,0,3,0,0,3,0,1943,17,26,0,1960,26,3,0
05/15/2021,MONTEZUMA,0,2,0,0,2,0,1945,17,26,0,1962,26,2,0
05/16/2021,MONTEZUMA,0,9,0,0,9,0,1954,17,26,0,1971,26,9,0
05/17/2021,MONTEZUMA,0,5,0,0,5,0,1959,17,26,0,1976,26,5,0
05/18/2021,MONTEZUMA,0,5,0,0,5,0,1964,17,26,0,1981,26,5,0
05/19/2021,MONTEZUMA,0,6,0,0,6,0,1970,17,26,0,1987,26,6,0
05/20/2021,MONTEZUMA,1,4,0,0,5,0,1974,18,26,0,1992,26,5,0
05/21/2021,MONTEZUMA,0,1,0,0,1,0,1975,18,26,0,1993,26,1,0
05/22/2021,MONTEZUMA,0,3,0,0,3,0,1978,18,26,0,1996,26,3,0
05/23/2021,MONTEZUMA,0,3,0,0,3,0,1981,18,26,0,1999,26,3,0
05/25/2021,MONTEZUMA,0,5,0,0,5,0,1986,18,26,0,2004,26,5,0
05/26/2021,MONTEZUMA,1,5,0,0,6,0,1991,19,26,0,2010,26,6,0
05/27/2021,MONTEZUMA,0,8,0,0,8,0,1999,19,26,0,2018,26,8,0
05/28/2021,MONTEZUMA,0,1,0,0,1,0,2000,19,26,0,2019,26,1,0
05/29/2021,MONTEZUMA,0,8,0,0,8,0,2008,19,26,0,2027,26,8,0
05/30/2021,MONTEZUMA,0,1,0,0,1,0,2009,19,26,0,2028,26,1,0
06/01/2021,MONTEZUMA,0,1,0,0,1,0,2010,19,26,0,2029,26,1,0
06/02/2021,MONTEZUMA,0,5,0,0,5,0,2015,19,26,0,2034,26,5,0
06/03/2021,MONTEZUMA,0,6,0,0,6,0,2021,19,26,0,2040,26,6,0
06/04/2021,MONTEZUMA,0,5,0,0,5,0,2026,19,26,0,2045,26,5,0
06/05/2021,MONTEZUMA,0,2,0,0,2,0,2028,19,26,0,2047,26,2,0
06/06/2021,MONTEZUMA,0,1,0,0,1,0,2029,19,26,0,2048,26,1,0
06/07/2021,MONTEZUMA,0,2,0,1,2,1,2031,19,27,0,2050,27,2,1
06/08/2021,MONTEZUMA,0,7,0,0,7,0,2038,19,27,0,2057,27,7,0
06/09/2021,MONTEZUMA,0,5,0,0,5,0,2043,19,27,0,2062,27,5,0
06/11/2021,MONTEZUMA,0,5,0,0,5,0,2048,19,27,0,2067,27,5,0
06/14/2021,MONTEZUMA,0,1,0,0,1,0,2049,19,27,0,2068,27,1,0
06/15/2021,MONTEZUMA,0,3,0,0,3,0,2052,19,27,0,2071,27,3,0
06/16/2021,MONTEZUMA,1,3,0,0,4,0,2055,20,27,0,2075,27,4,0
06/17/2021,MONTEZUMA,0,3,0,0,3,0,2058,20,27,0,2078,27,3,0
06/18/2021,MONTEZUMA,1,2,0,0,3,0,2060,21,27,0,2081,27,3,0
06/19/2021,MONTEZUMA,0,6,0,0,6,0,2066,21,27,0,2087,27,6,0
06/20/2021,MONTEZUMA,0,1,0,0,1,0,2067,21,27,0,2088,27,1,0
06/21/2021,MONTEZUMA,1,3,0,0,4,0,2070,22,27,0,2092,27,4,0
06/22/2021,MONTEZUMA,1,4,1,0,5,1,2074,23,27,1,2097,28,5,1
06/23/2021,MONTEZUMA,0,5,0,0,5,0,2079,23,27,1,2102,28,5,0
06/26/2021,MONTEZUMA,1,1,0,0,2,0,2080,24,27,1,2104,28,2,0
06/28/2021,MONTEZUMA,1,0,0,0,1,0,2080,25,27,1,2105,28,1,0
06/29/2021,MONTEZUMA,0,3,0,0,3,0,2083,25,27,1,2108,28,3,0
06/30/2021,MONTEZUMA,1,2,0,0,3,0,2085,26,27,1,2111,28,3,0
07/01/2021,MONTEZUMA,1,1,0,0,2,0,2086,27,27,1,2113,28,2,0
07/02/2021,MONTEZUMA,0,3,0,0,3,0,2089,27,27,1,2116,28,3,0
07/03/2021,MONTEZUMA,0,7,0,0,7,0,2096,27,27,1,2123,28,7,0
07/05/2021,MONTEZUMA,0,2,0,0,2,0,2098,27,27,1,2125,28,2,0
07/06/2021,MONTEZUMA,0,4,0,0,4,0,2102,27,27,1,2129,28,4,0
07/07/2021,MONTEZUMA,0,5,0,0,5,0,2107,27,27,1,2134,28,5,0
07/08/2021,MONTEZUMA,1,0,0,0,1,0,2107,28,27,1,2135,28,1,0
07/09/2021,MONTEZUMA,0,5,0,1,5,1,2112,28,28,1,2140,29,5,1
07/10/2021,MONTEZUMA,0,2,0,0,2,0,2114,28,28,1,2142,29,2,0
07/11/2021,MONTEZUMA,0,1,0,0,1,0,2115,28,28,1,2143,29,1,0
07/12/2021,MONTEZUMA,0,2,0,0,2,0,2117,28,28,1,2145,29,2,0
07/13/2021,MONTEZUMA,0,5,0,0,5,0,2122,28,28,1,2150,29,5,0
07/14/2021,MONTEZUMA,0,2,0,0,2,0,2124,28,28,1,2152,29,2,0
07/15/2021,MONTEZUMA,0,5,0,0,5,0,2129,28,28,1,2157,29,5,0
07/16/2021,MONTEZUMA,2,1,1,0,3,1,2130,30,28,2,2160,30,3,1
07/17/2021,MONTEZUMA,1,1,0,0,2,0,2131,31,28,2,2162,30,2,0
07/19/2021,MONTEZUMA,0,2,0,0,2,0,2133,31,28,2,2164,30,2,0
07/20/2021,MONTEZUMA,0,4,0,0,4,0,2137,31,28,2,2168,30,4,0
07/21/2021,MONTEZUMA,0,2,0,0,2,0,2139,31,28,2,2170,30,2,0
07/22/2021,MONTEZUMA,0,3,0,0,3,0,2142,31,28,2,2173,30,3,0
07/23/2021,MONTEZUMA,1,4,0,0,5,0,2146,32,28,2,2178,30,5,0
07/24/2021,MONTEZUMA,0,7,0,0,7,0,2153,32,28,2,2185,30,7,0
07/26/2021,MONTEZUMA,0,3,0,0,3,0,2156,32,28,2,2188,30,3,0
07/27/2021,MONTEZUMA,0,4,0,0,4,0,2160,32,28,2,2192,30,4,0
07/29/2021,MONTEZUMA,0,2,0,0,2,0,2162,32,28,2,2194,30,2,0
07/31/2021,MONTEZUMA,0,1,0,0,1,0,2163,32,28,2,2195,30,1,0
08/01/2021,MONTEZUMA,0,1,0,0,1,0,2164,32,28,2,2196,30,1,0
08/03/2021,MONTEZUMA,0,2,0,0,2,0,2166,32,28,2,2198,30,2,0
08/04/2021,MONTEZUMA,0,5,0,0,5,0,2171,32,28,2,2203,30,5,0
08/05/2021,MONTEZUMA,0,6,0,0,6,0,2177,32,28,2,2209,30,6,0
08/06/2021,MONTEZUMA,0,4,0,0,4,0,2181,32,28,2,2213,30,4,0
08/07/2021,MONTEZUMA,0,4,0,0,4,0,2185,32,28,2,2217,30,4,0
08/08/2021,MONTEZUMA,0,3,0,0,3,0,2188,32,28,2,2220,30,3,0
08/09/2021,MONTEZUMA,0,1,0,0,1,0,2189,32,28,2,2221,30,1,0
08/10/2021,MONTEZUMA,2,8,0,0,10,0,2197,34,28,2,2231,30,10,0
08/11/2021,MONTEZUMA,0,5,0,0,5,0,2202,34,28,2,2236,30,5,0
08/12/2021,MONTEZUMA,1,5,0,1,6,1,2207,35,29,2,2242,31,6,1
08/13/2021,MONTEZUMA,0,9,0,0,9,0,2216,35,29,2,2251,31,9,0
08/14/2021,MONTEZUMA,0,3,0,0,3,0,2219,35,29,2,2254,31,3,0
08/15/2021,MONTEZUMA,2,4,0,0,6,0,2223,37,29,2,2260,31,6,0
08/16/2021,MONTEZUMA,3,0,0,0,3,0,2223,40,29,2,2263,31,3,0
08/17/2021,MONTEZUMA,0,7,0,0,7,0,2230,40,29,2,2270,31,7,0
08/18/2021,MONTEZUMA,0,12,0,0,12,0,2242,40,29,2,2282,31,12,0
08/19/2021,MONTEZUMA,2,12,0,1,14,1,2254,42,30,2,2296,32,14,1
08/20/2021,MONTEZUMA,0,11,0,0,11,0,2265,42,30,2,2307,32,11,0
08/21/2021,MONTEZUMA,0,7,0,0,7,0,2272,42,30,2,2314,32,7,0
08/22/2021,MONTEZUMA,0,12,0,0,12,0,2284,42,30,2,2326,32,12,0
08/23/2021,MONTEZUMA,1,9,0,0,10,0,2293,43,30,2,2336,32,10,0
08/24/2021,MONTEZUMA,0,23,0,0,23,0,2316,43,30,2,2359,32,23,0
08/25/2021,MONTEZUMA,0,14,0,0,14,0,2330,43,30,2,2373,32,14,0
08/26/2021,MONTEZUMA,0,6,0,0,6,0,2336,43,30,2,2379,32,6,0
08/27/2021,MONTEZUMA,0,8,0,1,8,1,2344,43,31,2,2387,33,8,1
08/28/2021,MONTEZUMA,0,8,0,0,8,0,2352,43,31,2,2395,33,8,0
08/29/2021,MONTEZUMA,2,4,0,0,6,0,2356,45,31,2,2401,33,6,0
08/30/2021,MONTEZUMA,0,2,0,0,2,0,2358,45,31,2,2403,33,2,0
08/31/2021,MONTEZUMA,2,9,0,0,11,0,2367,47,31,2,2414,33,11,0
09/01/2021,MONTEZUMA,5,9,0,0,14,0,2376,52,31,2,2428,33,14,0
09/02/2021,MONTEZUMA,0,5,0,1,5,1,2381,52,32,2,2433,34,5,1
09/03/2021,MONTEZUMA,2,2,0,0,4,0,2383,54,32,2,2437,34,4,0
09/04/2021,MONTEZUMA,3,0,0,0,3,0,2383,57,32,2,2440,34,3,0
09/05/2021,MONTEZUMA,0,7,0,0,7,0,2390,57,32,2,2447,34,7,0
09/06/2021,MONTEZUMA,0,1,0,0,1,0,2391,57,32,2,2448,34,1,0
09/07/2021,MONTEZUMA,0,2,0,0,2,0,2393,57,32,2,2450,34,2,0
09/08/2021,MONTEZUMA,1,10,0,0,11,0,2403,58,32,2,2461,34,11,0
09/09/2021,MONTEZUMA,0,4,0,0,4,0,2407,58,32,2,2465,34,4,0
09/10/2021,MONTEZUMA,0,4,0,0,4,0,2411,58,32,2,2469,34,4,0
09/11/2021,MONTEZUMA,0,1,0,0,1,0,2412,58,32,2,2470,34,1,0
09/12/2021,MONTEZUMA,0,6,0,0,6,0,2418,58,32,2,2476,34,6,0
09/13/2021,MONTEZUMA,1,1,0,0,2,0,2419,59,32,2,2478,34,2,0
09/14/2021,MONTEZUMA,0,11,0,0,11,0,2430,59,32,2,2489,34,11,0
09/15/2021,MONTEZUMA,0,14,0,0,14,0,2444,59,32,2,2503,34,14,0
09/16/2021,MONTEZUMA,1,10,0,1,11,1,2454,60,33,2,2514,35,11,1
09/17/2021,MONTEZUMA,1,5,0,0,6,0,2459,61,33,2,2520,35,6,0
09/18/2021,MONTEZUMA,2,5,0,0,7,0,2464,63,33,2,2527,35,7,0
09/19/2021,MONTEZUMA,0,8,0,0,8,0,2472,63,33,2,2535,35,8,0
09/20/2021,MONTEZUMA,0,4,0,0,4,0,2476,63,33,2,2539,35,4,0
09/21/2021,MONTEZUMA,0,28,0,0,28,0,2504,63,33,2,2567,35,28,0
09/22/2021,MONTEZUMA,1,11,0,0,12,0,2515,64,33,2,2579,35,12,0
09/23/2021,MONTEZUMA,2,13,0,0,15,0,2528,66,33,2,2594,35,15,0
09/24/2021,MONTEZUMA,1,12,0,1,13,1,2540,67,34,2,2607,36,13,1
09/25/2021,MONTEZUMA,1,2,0,0,3,0,2542,68,34,2,2610,36,3,0
09/26/2021,MONTEZUMA,5,8,0,0,13,0,2550,73,34,2,2623,36,13,0
09/27/2021,MONTEZUMA,0,6,0,0,6,0,2556,73,34,2,2629,36,6,0
09/28/2021,MONTEZUMA,2,18,0,0,20,0,2574,75,34,2,2649,36,20,0
09/29/2021,MONTEZUMA,1,9,0,1,10,1,2583,76,35,2,2659,37,10,1
09/30/2021,MONTEZUMA,0,21,0,0,21,0,2604,76,35,2,2680,37,21,0
10/01/2021,MONTEZUMA,3,20,0,0,23,0,2624,79,35,2,2703,37,23,0
10/02/2021,MONTEZUMA,1,8,0,0,9,0,2632,80,35,2,2712,37,9,0
10/03/2021,MONTEZUMA,2,6,0,0,8,0,2638,82,35,2,2720,37,8,0
10/04/2021,MONTEZUMA,5,19,0,0,24,0,2657,87,35,2,2744,37,24,0
10/05/2021,MONTEZUMA,1,21,0,0,22,0,2678,88,35,2,2766,37,22,0
10/06/2021,MONTEZUMA,0,32,0,0,32,0,2710,88,35,2,2798,37,32,0
10/07/2021,MONTEZUMA,0,18,0,0,18,0,2728,88,35,2,2816,37,18,0
10/08/2021,MONTEZUMA,5,3,0,0,8,0,2731,93,35,2,2824,37,8,0
10/09/2021,MONTEZUMA,1,36,0,0,37,0,2767,94,35,2,2861,37,37,0
10/10/2021,MONTEZUMA,2,10,0,0,12,0,2777,96,35,2,2873,37,12,0
10/11/2021,MONTEZUMA,0,4,0,0,4,0,2781,96,35,2,2877,37,4,0
10/12/2021,MONTEZUMA,3,8,1,0,11,1,2789,99,35,3,2888,38,11,1
10/13/2021,MONTEZUMA,2,29,0,0,31,0,2818,101,35,3,2919,38,31,0
10/14/2021,MONTEZUMA,0,27,0,0,27,0,2845,101,35,3,2946,38,27,0
10/15/2021,MONTEZUMA,4,28,0,0,32,0,2873,105,35,3,2978,38,32,0
10/16/2021,MONTEZUMA,0,7,0,0,7,0,2880,105,35,3,2985,38,7,0
10/17/2021,MONTEZUMA,1,12,0,1,13,1,2892,106,36,3,2998,39,13,1
10/18/2021,MONTEZUMA,3,11,0,0,14,0,2903,109,36,3,3012,39,14,0
10/19/2021,MONTEZUMA,2,41,0,0,43,0,2944,111,36,3,3055,39,43,0
10/20/2021,MONTEZUMA,0,26,0,0,26,0,2970,111,36,3,3081,39,26,0
10/21/2021,MONTEZUMA,2,32,0,0,34,0,3002,113,36,3,3115,39,34,0
10/22/2021,MONTEZUMA,2,33,0,0,35,0,3035,115,36,3,3150,39,35,0
10/23/2021,MONTEZUMA,3,14,0,0,17,0,3049,118,36,3,3167,39,17,0
10/24/2021,MONTEZUMA,6,26,0,2,32,2,3075,124,38,3,3199,41,32,2
10/25/2021,MONTEZUMA,2,4,0,0,6,0,3079,126,38,3,3205,41,6,0
10/26/2021,MONTEZUMA,5,44,1,2,49,3,3123,131,40,4,3254,44,49,3
10/27/2021,MONTEZUMA,2,15,1,0,17,1,3138,133,40,5,3271,45,17,1
10/28/2021,MONTEZUMA,5,47,0,0,52,0,3185,138,40,5,3323,45,52,0
10/29/2021,MONTEZUMA,1,18,0,1,19,1,3203,139,41,5,3342,46,19,1
10/30/2021,MONTEZUMA,2,24,0,0,26,0,3227,141,41,5,3368,46,26,0
10/31/2021,MONTEZUMA,1,26,0,0,27,0,3253,142,41,5,3395,46,27,0
11/01/2021,MONTEZUMA,2,6,0,0,8,0,3259,144,41,5,3403,46,8,0
11/02/2021,MONTEZUMA,5,12,0,0,17,0,3271,149,41,5,3420,46,17,0
11/03/2021,MONTEZUMA,0,46,0,0,46,0,3317,149,41,5,3466,46,46,0
11/04/2021,MONTEZUMA,2,29,1,1,31,2,3346,151,42,6,3497,48,31,2
11/05/2021,MONTEZUMA,1,24,0,0,25,0,3370,152,42,6,3522,48,25,0
11/06/2021,MONTEZUMA,1,15,0,0,16,0,3385,153,42,6,3538,48,16,0
11/07/2021,MONTEZUMA,6,5,0,0,11,0,3390,159,42,6,3549,48,11,0
11/08/2021,MONTEZUMA,1,4,0,0,5,0,3394,160,42,6,3554,48,5,0
11/09/2021,MONTEZUMA,1,31,0,0,32,0,3425,161,42,6,3586,48,32,0
11/10/2021,MONTEZUMA,3,23,0,0,26,0,3448,164,42,6,3612,48,26,0
11/11/2021,MONTEZUMA,1,34,0,0,35,0,3482,165,42,6,3647,48,35,0
11/12/2021,MONTEZUMA,3,8,0,0,11,0,3490,168,42,6,3658,48,11,0
11/13/2021,MONTEZUMA,2,16,0,0,18,0,3506,170,42,6,3676,48,18,0
11/14/2021,MONTEZUMA,0,7,0,0,7,0,3513,170,42,6,3683,48,7,0
11/15/2021,MONTEZUMA,0,2,0,0,2,0,3515,170,42,6,3685,48,2,0
11/16/2021,MONTEZUMA,2,11,1,0,13,1,3526,172,42,7,3698,49,13,1
11/17/2021,MONTEZUMA,1,34,0,0,35,0,3560,173,42,7,3733,49,35,0
11/18/2021,MONTEZUMA,6,26,1,0,32,1,3586,179,42,8,3765,50,32,1
11/19/2021,MONTEZUMA,1,11,0,0,12,0,3597,180,42,8,3777,50,12,0
11/20/2021,MONTEZUMA,0,13,0,0,13,0,3610,180,42,8,3790,50,13,0
11/21/2021,MONTEZUMA,0,16,0,0,16,0,3626,180,42,8,3806,50,16,0
11/22/2021,MONTEZUMA,4,7,1,0,11,1,3633,184,42,9,3817,51,11,1
11/23/2021,MONTEZUMA,3,34,0,0,37,0,3667,187,42,9,3854,51,37,0
11/24/2021,MONTEZUMA,0,15,0,1,15,1,3682,187,43,9,3869,52,15,1
11/25/2021,MONTEZUMA,1,11,0,1,12,1,3693,188,44,9,3881,53,12,1
11/26/2021,MONTEZUMA,1,7,0,0,8,0,3700,189,44,9,3889,53,8,0
11/27/2021,MONTEZUMA,3,10,0,0,13,0,3710,192,44,9,3902,53,13,0
11/28/2021,MONTEZUMA,2,7,1,0,9,1,3717,194,44,10,3911,54,9,1
11/29/2021,MONTEZUMA,0,6,0,0,6,0,3723,194,44,10,3917,54,6,0
11/30/2021,MONTEZUMA,3,16,1,0,19,1,3739,197,44,11,3936,55,19,1
12/01/2021,MONTEZUMA,1,22,0,0,23,0,3761,198,44,11,3959,55,23,0
12/02/2021,MONTEZUMA,1,5,0,0,6,0,3766,199,44,11,3965,55,6,0
12/03/2021,MONTEZUMA,1,22,0,0,23,0,3788,200,44,11,3988,55,23,0
12/04/2021,MONTEZUMA,1,11,0,0,12,0,3799,201,44,11,4000,55,12,0
12/05/2021,MONTEZUMA,1,5,0,0,6,0,3804,202,44,11,4006,55,6,0
12/06/2021,MONTEZUMA,1,8,0,0,9,0,3812,203,44,11,4015,55,9,0
12/07/2021,MONTEZUMA,0,23,0,0,23,0,3835,203,44,11,4038,55,23,0
12/08/2021,MONTEZUMA,2,18,0,0,20,0,3853,205,44,11,4058,55,20,0
12/09/2021,MONTEZUMA,2,15,1,0,17,1,3868,207,44,12,4075,56,17,1
12/10/2021,MONTEZUMA,0,9,0,0,9,0,3877,207,44,12,4084,56,9,0
12/11/2021,MONTEZUMA,3,11,0,0,14,0,3888,210,44,12,4098,56,14,0
12/12/2021,MONTEZUMA,2,8,0,0,10,0,3896,212,44,12,4108,56,10,0
12/13/2021,MONTEZUMA,0,5,0,0,5,0,3901,212,44,12,4113,56,5,0
12/14/2021,MONTEZUMA,0,21,0,1,21,1,3922,212,45,12,4134,57,21,1
12/15/2021,MONTEZUMA,2,6,0,0,8,0,3928,214,45,12,4142,57,8,0
12/16/2021,MONTEZUMA,2,7,0,0,9,0,3935,216,45,12,4151,57,9,0
12/17/2021,MONTEZUMA,1,10,0,0,11,0,3945,217,45,12,4162,57,11,0
12/18/2021,MONTEZUMA,1,6,0,0,7,0,3951,218,45,12,4169,57,7,0
12/19/2021,MONTEZUMA,1,1,1,0,2,1,3952,219,45,13,4171,58,2,1
12/20/2021,MONTEZUMA,1,1,0,0,2,0,3953,220,45,13,4173,58,2,0
12/21/2021,MONTEZUMA,1,6,0,0,7,0,3959,221,45,13,4180,58,7,0
12/22/2021,MONTEZUMA,1,9,0,0,10,0,3968,222,45,13,4190,58,10,0
12/23/2021,MONTEZUMA,1,12,0,0,13,0,3980,223,45,13,4203,58,13,0
12/24/2021,MONTEZUMA,0,5,0,0,5,0,3985,223,45,13,4208,58,5,0
12/25/2021,MONTEZUMA,1,1,0,0,2,0,3986,224,45,13,4210,58,2,0
12/26/2021,MONTEZUMA,0,3,0,0,3,0,3989,224,45,13,4213,58,3,0
12/27/2021,MONTEZUMA,1,1,0,0,2,0,3990,225,45,13,4215,58,2,0
12/28/2021,MONTEZUMA,0,15,0,0,15,0,4005,225,45,13,4230,58,15,0
12/29/2021,MONTEZUMA,2,13,0,0,15,0,4018,227,45,13,4245,58,15,0
12/30/2021,MONTEZUMA,0,7,0,0,7,0,4025,227,45,13,4252,58,7,0
12/31/2021,MONTEZUMA,2,12,2,0,14,2,4037,229,45,15,4266,60,14,2
01/01/2022,MONTEZUMA,0,6,0,0,6,0,4043,229,45,15,4272,60,6,0
01/02/2022,MONTEZUMA,4,6,0,0,10,0,4049,233,45,15,4282,60,10,0
01/03/2022,MONTEZUMA,2,3,0,0,5,0,4052,235,45,15,4287,60,5,0
01/04/2022,MONTEZUMA,5,22,1,0,27,1,4074,240,45,16,4314,61,27,1
01/05/2022,MONTEZUMA,5,27,0,0,32,0,4101,245,45,16,4346,61,32,0
01/06/2022,MONTEZUMA,4,29,1,0,33,1,4130,249,45,17,4379,62,33,1
01/07/2022,MONTEZUMA,0,28,0,0,28,0,4158,249,45,17,4407,62,28,0
01/08/2022,MONTEZUMA,4,56,0,0,60,0,4214,253,45,17,4467,62,60,0
01/09/2022,MONTEZUMA,1,37,0,0,38,0,4251,254,45,17,4505,62,38,0
01/10/2022,MONTEZUMA,2,10,0,0,12,0,4261,256,45,17,4517,62,12,0
01/11/2022,MONTEZUMA,4,25,0,0,29,0,4286,260,45,17,4546,62,29,0
01/12/2022,MONTEZUMA,2,84,0,0,86,0,4370,262,45,17,4632,62,86,0
01/13/2022,MONTEZUMA,5,41,1,0,46,1,4411,267,45,18,4678,63,46,1
01/14/2022,MONTEZUMA,4,40,0,0,44,0,4451,271,45,18,4722,63,44,0
01/15/2022,MONTEZUMA,6,23,0,1,29,1,4474,277,46,18,4751,64,29,1
01/16/2022,MONTEZUMA,5,11,0,0,16,0,4485,282,46,18,4767,64,16,0
01/17/2022,MONTEZUMA,3,17,0,0,20,0,4502,285,46,18,4787,64,20,0
01/18/2022,MONTEZUMA,3,54,0,0,57,0,4556,288,46,18,4844,64,57,0
01/19/2022,MONTEZUMA,5,67,0,0,72,0,4623,293,46,18,4916,64,72,0
01/20/2022,MONTEZUMA,3,68,0,0,71,0,4691,296,46,18,4987,64,71,0
01/21/2022,MONTEZUMA,5,51,0,0,56,0,4742,301,46,18,5043,64,56,0
01/22/2022,MONTEZUMA,6,35,0,0,41,0,4777,307,46,18,5084,64,41,0
01/23/2022,MONTEZUMA,4,15,0,0,19,0,4792,311,46,18,5103,64,19,0
01/24/2022,MONTEZUMA,14,88,0,0,102,0,4880,325,46,18,5205,64,102,0
01/25/2022,MONTEZUMA,12,82,0,0,94,0,4962,337,46,18,5299,64,94,0
01/26/2022,MONTEZUMA,5,50,1,0,55,1,5012,342,46,19,5354,65,55,1
01/27/2022,MONTEZUMA,13,82,0,0,95,0,5094,355,46,19,5449,65,95,0
01/28/2022,MONTEZUMA,1,37,0,0,38,0,5131,356,46,19,5487,65,38,0
01/29/2022,MONTEZUMA,3,33,0,1,36,1,5164,359,47,19,5523,66,36,1
01/30/2022,MONTEZUMA,3,11,0,0,14,0,5175,362,47,19,5537,66,14,0
01/31/2022,MONTEZUMA,6,16,0,0,22,0,5191,368,47,19,5559,66,22,0
02/01/2022,MONTEZUMA,3,62,0,0,65,0,5253,371,47,19,5624,66,65,0
02/02/2022,MONTEZUMA,3,64,0,1,67,1,5317,374,48,19,5691,67,67,1
02/03/2022,MONTEZUMA,4,41,0,0,45,0,5358,378,48,19,5736,67,45,0
02/04/2022,MONTEZUMA,0,10,0,0,10,0,5368,378,48,19,5746,67,10,0
02/05/2022,MONTEZUMA,2,15,1,0,17,1,5383,380,48,20,5763,68,17,1
02/06/2022,MONTEZUMA,0,23,0,0,23,0,5406,380,48,20,5786,68,23,0
02/07/2022,MONTEZUMA,6,32,0,0,38,0,5438,386,48,20,5824,68,38,0
02/08/2022,MONTEZUMA,3,15,0,0,18,0,5453,389,48,20,5842,68,18,0
02/09/2022,MONTEZUMA,3,44,1,0,47,1,5497,392,48,21,5889,69,47,1
02/10/2022,MONTEZUMA,2,22,1,0,24,1,5519,394,48,22,5913,70,24,1
02/11/2022,MONTEZUMA,1,13,0,0,14,0,5532,395,48,22,5927,70,14,0
02/12/2022,MONTEZUMA,2,6,0,0,8,0,5538,397,48,22,5935,70,8,0
02/13/2022,MONTEZUMA,0,7,0,0,7,0,5545,397,48,22,5942,70,7,0
02/14/2022,MONTEZUMA,2,4,0,0,6,0,5549,399,48,22,5948,70,6,0
02/15/2022,MONTEZUMA,3,18,0,0,21,0,5567,402,48,22,5969,70,21,0
02/16/2022,MONTEZUMA,2,14,0,0,16,0,5581,404,48,22,5985,70,16,0
02/17/2022,MONTEZUMA,3,7,0,0,10,0,5588,407,48,22,5995,70,10,0
02/18/2022,MONTEZUMA,0,4,0,0,4,0,5592,407,48,22,5999,70,4,0
02/19/2022,MONTEZUMA,0,3,0,0,3,0,5595,407,48,22,6002,70,3,0
02/21/2022,MONTEZUMA,0,1,0,0,1,0,5596,407,48,22,6003,70,1,0
02/22/2022,MONTEZUMA,3,11,1,0,14,1,5607,410,48,23,6017,71,14,1
02/23/2022,MONTEZUMA,0,3,0,0,3,0,5610,410,48,23,6020,71,3,0
02/24/2022,MONTEZUMA,1,3,0,1,4,1,5613,411,49,23,6024,72,4,1
02/25/2022,MONTEZUMA,0,4,0,0,4,0,5617,411,49,23,6028,72,4,0
02/26/2022,MONTEZUMA,0,1,0,0,1,0,5618,411,49,23,6029,72,1,0
02/28/2022,MONTEZUMA,0,2,0,0,2,0,5620,411,49,23,6031,72,2,0
03/01/2022,MONTEZUMA,0,3,0,0,3,0,5623,411,49,23,6034,72,3,0
03/02/2022,MONTEZUMA,0,3,0,0,3,0,5626,411,49,23,6037,72,3,0
03/03/2022,MONTEZUMA,0,1,0,0,1,0,5627,411,49,23,6038,72,1,0
03/04/2022,MONTEZUMA,0,4,0,0,4,0,5631,411,49,23,6042,72,4,0
03/06/2022,MONTEZUMA,1,0,0,0,1,0,5631,412,49,23,6043,72,1,0
03/07/2022,MONTEZUMA,1,4,0,0,5,0,5635,413,49,23,6048,72,5,0
03/08/2022,MONTEZUMA,2,1,0,0,3,0,5636,415,49,23,6051,72,3,0
03/09/2022,MONTEZUMA,1,3,1,0,4,1,5639,416,49,24,6055,73,4,1
03/10/2022,MONTEZUMA,4,5,0,0,9,0,5644,420,49,24,6064,73,9,0
03/13/2022,MONTEZUMA,0,1,0,0,1,0,5645,420,49,24,6065,73,1,0
03/14/2022,MONTEZUMA,0,13,0,0,13,0,5658,420,49,24,6078,73,13,0
03/15/2022,MONTEZUMA,0,12,0,0,12,0,5670,420,49,24,6090,73,12,0
03/16/2022,MONTEZUMA,5,3,0,0,8,0,5673,425,49,24,6098,73,8,0
03/17/2022,MONTEZUMA,3,3,0,0,6,0,5676,428,49,24,6104,73,6,0
03/18/2022,MONTEZUMA,11,2,0,0,13,0,5678,439,49,24,6117,73,13,0
03/20/2022,MONTEZUMA,1,1,0,0,2,0,5679,440,49,24,6119,73,2,0
03/20/2020,MONTROSE,0,1,0,0,1,0,1,0,0,0,1,0,-6118,-73
03/23/2020,MONTROSE,0,2,0,0,2,0,3,0,0,0,3,0,2,0
03/24/2020,MONTROSE,0,1,0,0,1,0,4,0,0,0,4,0,1,0
03/26/2020,MONTROSE,0,2,0,0,2,0,6,0,0,0,6,0,2,0
03/27/2020,MONTROSE,0,2,0,0,2,0,8,0,0,0,8,0,2,0
03/29/2020,MONTROSE,0,2,0,0,2,0,10,0,0,0,10,0,2,0
03/30/2020,MONTROSE,0,2,0,0,2,0,12,0,0,0,12,0,2,0
03/31/2020,MONTROSE,2,2,1,0,4,1,14,2,0,1,16,1,4,1
04/01/2020,MONTROSE,0,1,0,0,1,0,15,2,0,1,17,1,1,0
04/02/2020,MONTROSE,0,16,0,5,16,5,31,2,5,1,33,6,16,5
04/03/2020,MONTROSE,0,5,0,1,5,1,36,2,6,1,38,7,5,1
04/04/2020,MONTROSE,0,1,0,0,1,0,37,2,6,1,39,7,1,0
04/05/2020,MONTROSE,0,2,0,0,2,0,39,2,6,1,41,7,2,0
04/06/2020,MONTROSE,0,1,0,0,1,0,40,2,6,1,42,7,1,0
04/07/2020,MONTROSE,6,1,0,0,7,0,41,8,6,1,49,7,7,0
04/08/2020,MONTROSE,0,1,0,0,1,0,42,8,6,1,50,7,1,0
04/10/2020,MONTROSE,0,12,0,4,12,4,54,8,10,1,62,11,12,4
04/11/2020,MONTROSE,0,8,0,3,8,3,62,8,13,1,70,14,8,3
04/12/2020,MONTROSE,0,2,0,0,2,0,64,8,13,1,72,14,2,0
04/13/2020,MONTROSE,0,3,0,1,3,1,67,8,14,1,75,15,3,1
04/14/2020,MONTROSE,4,4,1,1,8,2,71,12,15,2,83,17,8,2
04/15/2020,MONTROSE,0,2,0,0,2,0,73,12,15,2,85,17,2,0
04/16/2020,MONTROSE,0,1,0,0,1,0,74,12,15,2,86,17,1,0
04/17/2020,MONTROSE,0,2,0,0,2,0,76,12,15,2,88,17,2,0
04/18/2020,MONTROSE,0,4,0,1,4,1,80,12,16,2,92,18,4,1
04/19/2020,MONTROSE,0,3,0,0,3,0,83,12,16,2,95,18,3,0
04/21/2020,MONTROSE,1,2,0,0,3,0,85,13,16,2,98,18,3,0
04/23/2020,MONTROSE,0,2,0,0,2,0,87,13,16,2,100,18,2,0
04/24/2020,MONTROSE,0,4,0,0,4,0,91,13,16,2,104,18,4,0
04/25/2020,MONTROSE,0,3,0,0,3,0,94,13,16,2,107,18,3,0
04/26/2020,MONTROSE,0,2,0,0,2,0,96,13,16,2,109,18,2,0
04/27/2020,MONTROSE,0,2,0,0,2,0,98,13,16,2,111,18,2,0
04/28/2020,MONTROSE,1,2,0,0,3,0,100,14,16,2,114,18,3,0
04/29/2020,MONTROSE,0,1,0,0,1,0,101,14,16,2,115,18,1,0
04/30/2020,MONTROSE,0,2,0,0,2,0,103,14,16,2,117,18,2,0
05/01/2020,MONTROSE,0,3,0,0,3,0,106,14,16,2,120,18,3,0
05/02/2020,MONTROSE,0,3,0,0,3,0,109,14,16,2,123,18,3,0
05/03/2020,MONTROSE,0,1,0,0,1,0,110,14,16,2,124,18,1,0
05/04/2020,MONTROSE,0,1,0,0,1,0,111,14,16,2,125,18,1,0
05/05/2020,MONTROSE,1,3,0,0,4,0,114,15,16,2,129,18,4,0
05/06/2020,MONTROSE,0,4,0,0,4,0,118,15,16,2,133,18,4,0
05/07/2020,MONTROSE,0,7,0,0,7,0,125,15,16,2,140,18,7,0
05/08/2020,MONTROSE,0,1,0,0,1,0,126,15,16,2,141,18,1,0
05/09/2020,MONTROSE,0,2,0,0,2,0,128,15,16,2,143,18,2,0
05/10/2020,MONTROSE,0,3,0,0,3,0,131,15,16,2,146,18,3,0
05/12/2020,MONTROSE,1,1,0,0,2,0,132,16,16,2,148,18,2,0
05/13/2020,MONTROSE,0,1,0,0,1,0,133,16,16,2,149,18,1,0
05/14/2020,MONTROSE,0,1,0,0,1,0,134,16,16,2,150,18,1,0
05/15/2020,MONTROSE,0,4,0,0,4,0,138,16,16,2,154,18,4,0
05/16/2020,MONTROSE,0,1,0,0,1,0,139,16,16,2,155,18,1,0
05/19/2020,MONTROSE,1,0,1,0,1,1,139,17,16,3,156,19,1,1
05/20/2020,MONTROSE,0,2,0,0,2,0,141,17,16,3,158,19,2,0
05/22/2020,MONTROSE,0,2,0,0,2,0,143,17,16,3,160,19,2,0
05/25/2020,MONTROSE,0,5,0,0,5,0,148,17,16,3,165,19,5,0
05/28/2020,MONTROSE,0,4,0,0,4,0,152,17,16,3,169,19,4,0
05/29/2020,MONTROSE,0,1,0,0,1,0,153,17,16,3,170,19,1,0
05/30/2020,MONTROSE,0,3,0,0,3,0,156,17,16,3,173,19,3,0
05/31/2020,MONTROSE,0,5,0,0,5,0,161,17,16,3,178,19,5,0
06/01/2020,MONTROSE,0,4,0,0,4,0,165,17,16,3,182,19,4,0
06/02/2020,MONTROSE,1,0,0,0,1,0,165,18,16,3,183,19,1,0
06/03/2020,MONTROSE,0,2,0,0,2,0,167,18,16,3,185,19,2,0
06/05/2020,MONTROSE,0,2,0,0,2,0,169,18,16,3,187,19,2,0
06/06/2020,MONTROSE,0,3,0,0,3,0,172,18,16,3,190,19,3,0
06/07/2020,MONTROSE,0,2,0,0,2,0,174,18,16,3,192,19,2,0
06/08/2020,MONTROSE,0,1,0,0,1,0,175,18,16,3,193,19,1,0
06/10/2020,MONTROSE,0,1,0,0,1,0,176,18,16,3,194,19,1,0
06/12/2020,MONTROSE,0,3,0,0,3,0,179,18,16,3,197,19,3,0
06/13/2020,MONTROSE,0,1,0,0,1,0,180,18,16,3,198,19,1,0
06/15/2020,MONTROSE,0,4,0,0,4,0,184,18,16,3,202,19,4,0
06/16/2020,MONTROSE,1,1,0,0,2,0,185,19,16,3,204,19,2,0
06/19/2020,MONTROSE,0,1,0,0,1,0,186,19,16,3,205,19,1,0
06/20/2020,MONTROSE,0,1,0,0,1,0,187,19,16,3,206,19,1,0
06/21/2020,MONTROSE,0,1,0,0,1,0,188,19,16,3,207,19,1,0
06/24/2020,MONTROSE,0,1,0,0,1,0,189,19,16,3,208,19,1,0
06/25/2020,MONTROSE,0,1,0,0,1,0,190,19,16,3,209,19,1,0
06/28/2020,MONTROSE,0,1,0,0,1,0,191,19,16,3,210,19,1,0
06/29/2020,MONTROSE,0,3,0,0,3,0,194,19,16,3,213,19,3,0
07/02/2020,MONTROSE,0,1,0,0,1,0,195,19,16,3,214,19,1,0
07/05/2020,MONTROSE,0,1,0,0,1,0,196,19,16,3,215,19,1,0
07/06/2020,MONTROSE,0,3,0,0,3,0,199,19,16,3,218,19,3,0
07/07/2020,MONTROSE,0,2,0,0,2,0,201,19,16,3,220,19,2,0
07/09/2020,MONTROSE,0,3,0,0,3,0,204,19,16,3,223,19,3,0
07/10/2020,MONTROSE,0,1,0,0,1,0,205,19,16,3,224,19,1,0
07/11/2020,MONTROSE,0,2,0,0,2,0,207,19,16,3,226,19,2,0
07/13/2020,MONTROSE,0,3,0,0,3,0,210,19,16,3,229,19,3,0
07/15/2020,MONTROSE,0,3,0,0,3,0,213,19,16,3,232,19,3,0
07/16/2020,MONTROSE,0,4,0,0,4,0,217,19,16,3,236,19,4,0
07/17/2020,MONTROSE,0,3,0,1,3,1,220,19,17,3,239,20,3,1
07/18/2020,MONTROSE,0,3,0,0,3,0,223,19,17,3,242,20,3,0
07/19/2020,MONTROSE,0,1,0,0,1,0,224,19,17,3,243,20,1,0
07/20/2020,MONTROSE,0,2,0,0,2,0,226,19,17,3,245,20,2,0
07/21/2020,MONTROSE,1,4,1,0,5,1,230,20,17,4,250,21,5,1
07/22/2020,MONTROSE,0,2,0,0,2,0,232,20,17,4,252,21,2,0
07/23/2020,MONTROSE,0,4,0,0,4,0,236,20,17,4,256,21,4,0
07/24/2020,MONTROSE,0,4,0,0,4,0,240,20,17,4,260,21,4,0
07/25/2020,MONTROSE,0,5,0,0,5,0,245,20,17,4,265,21,5,0
07/27/2020,MONTROSE,0,3,0,0,3,0,248,20,17,4,268,21,3,0
07/28/2020,MONTROSE,0,2,0,0,2,0,250,20,17,4,270,21,2,0
07/29/2020,MONTROSE,0,1,0,0,1,0,251,20,17,4,271,21,1,0
07/30/2020,MONTROSE,0,8,0,0,8,0,259,20,17,4,279,21,8,0
07/31/2020,MONTROSE,0,5,0,0,5,0,264,20,17,4,284,21,5,0
08/01/2020,MONTROSE,0,2,0,0,2,0,266,20,17,4,286,21,2,0
08/02/2020,MONTROSE,0,6,0,0,6,0,272,20,17,4,292,21,6,0
08/03/2020,MONTROSE,0,5,0,0,5,0,277,20,17,4,297,21,5,0
08/05/2020,MONTROSE,0,3,0,0,3,0,280,20,17,4,300,21,3,0
08/06/2020,MONTROSE,0,2,0,0,2,0,282,20,17,4,302,21,2,0
08/07/2020,MONTROSE,0,5,0,0,5,0,287,20,17,4,307,21,5,0
08/08/2020,MONTROSE,0,8,0,0,8,0,295,20,17,4,315,21,8,0
08/09/2020,MONTROSE,0,1,0,0,1,0,296,20,17,4,316,21,1,0
08/10/2020,MONTROSE,0,3,0,0,3,0,299,20,17,4,319,21,3,0
08/12/2020,MONTROSE,0,3,0,0,3,0,302,20,17,4,322,21,3,0
08/13/2020,MONTROSE,0,2,0,0,2,0,304,20,17,4,324,21,2,0
08/15/2020,MONTROSE,0,4,0,0,4,0,308,20,17,4,328,21,4,0
08/16/2020,MONTROSE,0,2,0,0,2,0,310,20,17,4,330,21,2,0
08/17/2020,MONTROSE,0,5,0,0,5,0,315,20,17,4,335,21,5,0
08/19/2020,MONTROSE,0,4,0,0,4,0,319,20,17,4,339,21,4,0
08/20/2020,MONTROSE,0,2,0,0,2,0,321,20,17,4,341,21,2,0
08/22/2020,MONTROSE,0,3,0,0,3,0,324,20,17,4,344,21,3,0
08/23/2020,MONTROSE,0,1,0,0,1,0,325,20,17,4,345,21,1,0
08/24/2020,MONTROSE,0,3,0,0,3,0,328,20,17,4,348,21,3,0
08/26/2020,MONTROSE,0,1,0,0,1,0,329,20,17,4,349,21,1,0
08/27/2020,MONTROSE,0,2,0,0,2,0,331,20,17,4,351,21,2,0
08/29/2020,MONTROSE,0,1,0,0,1,0,332,20,17,4,352,21,1,0
08/30/2020,MONTROSE,0,2,0,0,2,0,334,20,17,4,354,21,2,0
08/31/2020,MONTROSE,0,1,0,0,1,0,335,20,17,4,355,21,1,0
09/01/2020,MONTROSE,0,1,0,0,1,0,336,20,17,4,356,21,1,0
09/02/2020,MONTROSE,0,2,0,0,2,0,338,20,17,4,358,21,2,0
09/03/2020,MONTROSE,0,2,0,0,2,0,340,20,17,4,360,21,2,0
09/06/2020,MONTROSE,0,2,0,0,2,0,342,20,17,4,362,21,2,0
09/10/2020,MONTROSE,0,2,0,0,2,0,344,20,17,4,364,21,2,0
09/13/2020,MONTROSE,0,2,0,0,2,0,346,20,17,4,366,21,2,0
09/14/2020,MONTROSE,0,3,0,0,3,0,349,20,17,4,369,21,3,0
09/16/2020,MONTROSE,0,2,0,0,2,0,351,20,17,4,371,21,2,0
09/17/2020,MONTROSE,0,4,0,0,4,0,355,20,17,4,375,21,4,0
09/18/2020,MONTROSE,0,3,0,0,3,0,358,20,17,4,378,21,3,0
09/19/2020,MONTROSE,0,1,0,0,1,0,359,20,17,4,379,21,1,0
09/21/2020,MONTROSE,0,1,0,0,1,0,360,20,17,4,380,21,1,0
09/22/2020,MONTROSE,0,3,0,0,3,0,363,20,17,4,383,21,3,0
09/24/2020,MONTROSE,0,7,0,0,7,0,370,20,17,4,390,21,7,0
09/26/2020,MONTROSE,0,3,0,0,3,0,373,20,17,4,393,21,3,0
09/28/2020,MONTROSE,0,1,0,0,1,0,374,20,17,4,394,21,1,0
09/29/2020,MONTROSE,0,1,0,0,1,0,375,20,17,4,395,21,1,0
10/01/2020,MONTROSE,0,1,0,0,1,0,376,20,17,4,396,21,1,0
10/03/2020,MONTROSE,0,1,0,0,1,0,377,20,17,4,397,21,1,0
10/04/2020,MONTROSE,0,1,0,0,1,0,378,20,17,4,398,21,1,0
10/05/2020,MONTROSE,0,2,0,0,2,0,380,20,17,4,400,21,2,0
10/06/2020,MONTROSE,0,1,0,0,1,0,381,20,17,4,401,21,1,0
10/07/2020,MONTROSE,0,2,0,0,2,0,383,20,17,4,403,21,2,0
10/08/2020,MONTROSE,0,1,0,0,1,0,384,20,17,4,404,21,1,0
10/09/2020,MONTROSE,0,3,0,0,3,0,387,20,17,4,407,21,3,0
10/10/2020,MONTROSE,0,3,0,0,3,0,390,20,17,4,410,21,3,0
10/11/2020,MONTROSE,0,1,0,0,1,0,391,20,17,4,411,21,1,0
10/12/2020,MONTROSE,0,4,0,0,4,0,395,20,17,4,415,21,4,0
10/13/2020,MONTROSE,0,1,0,0,1,0,396,20,17,4,416,21,1,0
10/14/2020,MONTROSE,0,7,0,0,7,0,403,20,17,4,423,21,7,0
10/16/2020,MONTROSE,0,3,0,0,3,0,406,20,17,4,426,21,3,0
10/17/2020,MONTROSE,0,4,0,0,4,0,410,20,17,4,430,21,4,0
10/18/2020,MONTROSE,0,1,0,0,1,0,411,20,17,4,431,21,1,0
10/19/2020,MONTROSE,0,2,0,0,2,0,413,20,17,4,433,21,2,0
10/20/2020,MONTROSE,0,8,0,0,8,0,421,20,17,4,441,21,8,0
10/21/2020,MONTROSE,0,2,0,1,2,1,423,20,18,4,443,22,2,1
10/22/2020,MONTROSE,0,13,0,0,13,0,436,20,18,4,456,22,13,0
10/23/2020,MONTROSE,0,13,0,0,13,0,449,20,18,4,469,22,13,0
10/24/2020,MONTROSE,0,4,0,0,4,0,453,20,18,4,473,22,4,0
10/25/2020,MONTROSE,0,4,0,1,4,1,457,20,19,4,477,23,4,1
10/26/2020,MONTROSE,0,2,0,0,2,0,459,20,19,4,479,23,2,0
10/27/2020,MONTROSE,0,1,0,0,1,0,460,20,19,4,480,23,1,0
10/28/2020,MONTROSE,0,7,0,0,7,0,467,20,19,4,487,23,7,0
10/29/2020,MONTROSE,0,7,0,0,7,0,474,20,19,4,494,23,7,0
10/30/2020,MONTROSE,0,10,0,0,10,0,484,20,19,4,504,23,10,0
10/31/2020,MONTROSE,0,1,0,0,1,0,485,20,19,4,505,23,1,0
11/01/2020,MONTROSE,0,3,0,0,3,0,488,20,19,4,508,23,3,0
11/02/2020,MONTROSE,0,7,0,0,7,0,495,20,19,4,515,23,7,0
11/03/2020,MONTROSE,0,5,0,0,5,0,500,20,19,4,520,23,5,0
11/04/2020,MONTROSE,0,10,0,0,10,0,510,20,19,4,530,23,10,0
11/05/2020,MONTROSE,1,15,0,0,16,0,525,21,19,4,546,23,16,0
11/06/2020,MONTROSE,1,9,0,0,10,0,534,22,19,4,556,23,10,0
11/07/2020,MONTROSE,0,10,0,0,10,0,544,22,19,4,566,23,10,0
11/08/2020,MONTROSE,0,21,0,0,21,0,565,22,19,4,587,23,21,0
11/09/2020,MONTROSE,0,8,0,0,8,0,573,22,19,4,595,23,8,0
11/10/2020,MONTROSE,0,2,0,0,2,0,575,22,19,4,597,23,2,0
11/11/2020,MONTROSE,0,13,0,0,13,0,588,22,19,4,610,23,13,0
11/12/2020,MONTROSE,1,18,0,0,19,0,606,23,19,4,629,23,19,0
11/13/2020,MONTROSE,0,14,0,1,14,1,620,23,20,4,643,24,14,1
11/14/2020,MONTROSE,0,13,0,0,13,0,633,23,20,4,656,24,13,0
11/15/2020,MONTROSE,0,20,0,0,20,0,653,23,20,4,676,24,20,0
11/16/2020,MONTROSE,0,23,0,0,23,0,676,23,20,4,699,24,23,0
11/17/2020,MONTROSE,0,21,0,0,21,0,697,23,20,4,720,24,21,0
11/18/2020,MONTROSE,0,30,0,0,30,0,727,23,20,4,750,24,30,0
11/19/2020,MONTROSE,0,23,0,0,23,0,750,23,20,4,773,24,23,0
11/20/2020,MONTROSE,0,35,0,0,35,0,785,23,20,4,808,24,35,0
11/21/2020,MONTROSE,0,31,0,0,31,0,816,23,20,4,839,24,31,0
11/22/2020,MONTROSE,0,48,0,1,48,1,864,23,21,4,887,25,48,1
11/23/2020,MONTROSE,0,19,0,1,19,1,883,23,22,4,906,26,19,1
11/24/2020,MONTROSE,1,29,0,0,30,0,912,24,22,4,936,26,30,0
11/25/2020,MONTROSE,0,87,0,0,87,0,999,24,22,4,1023,26,87,0
11/26/2020,MONTROSE,0,26,0,3,26,3,1025,24,25,4,1049,29,26,3
11/27/2020,MONTROSE,0,35,0,0,35,0,1060,24,25,4,1084,29,35,0
11/28/2020,MONTROSE,2,75,0,0,77,0,1135,26,25,4,1161,29,77,0
11/29/2020,MONTROSE,0,32,0,0,32,0,1167,26,25,4,1193,29,32,0
11/30/2020,MONTROSE,0,43,0,1,43,1,1210,26,26,4,1236,30,43,1
12/01/2020,MONTROSE,0,18,0,1,18,1,1228,26,27,4,1254,31,18,1
12/02/2020,MONTROSE,0,68,0,0,68,0,1296,26,27,4,1322,31,68,0
12/03/2020,MONTROSE,0,80,0,1,80,1,1376,26,28,4,1402,32,80,1
12/04/2020,MONTROSE,0,29,0,2,29,2,1405,26,30,4,1431,34,29,2
12/05/2020,MONTROSE,0,31,0,0,31,0,1436,26,30,4,1462,34,31,0
12/06/2020,MONTROSE,0,24,0,1,24,1,1460,26,31,4,1486,35,24,1
12/07/2020,MONTROSE,1,32,0,0,33,0,1492,27,31,4,1519,35,33,0
12/08/2020,MONTROSE,0,35,0,0,35,0,1527,27,31,4,1554,35,35,0
12/09/2020,MONTROSE,3,32,0,0,35,0,1559,30,31,4,1589,35,35,0
12/10/2020,MONTROSE,0,56,0,0,56,0,1615,30,31,4,1645,35,56,0
12/11/2020,MONTROSE,0,56,0,0,56,0,1671,30,31,4,1701,35,56,0
12/12/2020,MONTROSE,0,49,0,1,49,1,1720,30,32,4,1750,36,49,1
12/13/2020,MONTROSE,2,43,0,1,45,1,1763,32,33,4,1795,37,45,1
12/14/2020,MONTROSE,0,27,0,1,27,1,1790,32,34,4,1822,38,27,1
12/15/2020,MONTROSE,0,7,0,2,7,2,1797,32,36,4,1829,40,7,2
12/16/2020,MONTROSE,0,39,0,0,39,0,1836,32,36,4,1868,40,39,0
12/17/2020,MONTROSE,0,30,0,0,30,0,1866,32,36,4,1898,40,30,0
12/18/2020,MONTROSE,0,34,0,0,34,0,1900,32,36,4,1932,40,34,0
12/19/2020,MONTROSE,0,28,0,0,28,0,1928,32,36,4,1960,40,28,0
12/20/2020,MONTROSE,1,29,0,0,30,0,1957,33,36,4,1990,40,30,0
12/21/2020,MONTROSE,0,36,0,0,36,0,1993,33,36,4,2026,40,36,0
12/22/2020,MONTROSE,0,12,0,1,12,1,2005,33,37,4,2038,41,12,1
12/23/2020,MONTROSE,0,20,0,0,20,0,2025,33,37,4,2058,41,20,0
12/24/2020,MONTROSE,0,14,0,1,14,1,2039,33,38,4,2072,42,14,1
12/25/2020,MONTROSE,0,13,0,2,13,2,2052,33,40,4,2085,44,13,2
12/26/2020,MONTROSE,0,85,0,1,85,1,2137,33,41,4,2170,45,85,1
12/27/2020,MONTROSE,0,19,0,0,19,0,2156,33,41,4,2189,45,19,0
12/28/2020,MONTROSE,0,14,0,0,14,0,2170,33,41,4,2203,45,14,0
12/29/2020,MONTROSE,0,8,0,1,8,1,2178,33,42,4,2211,46,8,1
12/30/2020,MONTROSE,0,17,0,0,17,0,2195,33,42,4,2228,46,17,0
12/31/2020,MONTROSE,0,15,0,0,15,0,2210,33,42,4,2243,46,15,0
01/01/2021,MONTROSE,0,69,0,0,69,0,2279,33,42,4,2312,46,69,0
01/02/2021,MONTROSE,0,41,0,0,41,0,2320,33,42,4,2353,46,41,0
01/03/2021,MONTROSE,0,22,0,0,22,0,2342,33,42,4,2375,46,22,0
01/04/2021,MONTROSE,3,15,0,0,18,0,2357,36,42,4,2393,46,18,0
01/05/2021,MONTROSE,0,5,0,0,5,0,2362,36,42,4,2398,46,5,0
01/06/2021,MONTROSE,4,18,0,0,22,0,2380,40,42,4,2420,46,22,0
01/07/2021,MONTROSE,1,37,0,0,38,0,2417,41,42,4,2458,46,38,0
01/08/2021,MONTROSE,7,59,0,2,66,2,2476,48,44,4,2524,48,66,2
01/09/2021,MONTROSE,0,30,0,0,30,0,2506,48,44,4,2554,48,30,0
01/10/2021,MONTROSE,0,51,0,0,51,0,2557,48,44,4,2605,48,51,0
01/11/2021,MONTROSE,1,15,0,0,16,0,2572,49,44,4,2621,48,16,0
01/12/2021,MONTROSE,14,20,0,2,34,2,2592,63,46,4,2655,50,34,2
01/13/2021,MONTROSE,30,25,0,1,55,1,2617,93,47,4,2710,51,55,1
01/14/2021,MONTROSE,5,40,0,1,45,1,2657,98,48,4,2755,52,45,1
01/15/2021,MONTROSE,2,18,0,2,20,2,2675,100,50,4,2775,54,20,2
01/16/2021,MONTROSE,1,49,0,1,50,1,2724,101,51,4,2825,55,50,1
01/17/2021,MONTROSE,5,15,0,0,20,0,2739,106,51,4,2845,55,20,0
01/18/2021,MONTROSE,1,19,0,2,20,2,2758,107,53,4,2865,57,20,2
01/19/2021,MONTROSE,10,23,0,1,33,1,2781,117,54,4,2898,58,33,1
01/20/2021,MONTROSE,2,20,0,0,22,0,2801,119,54,4,2920,58,22,0
01/21/2021,MONTROSE,1,15,0,0,16,0,2816,120,54,4,2936,58,16,0
01/22/2021,MONTROSE,1,44,0,1,45,1,2860,121,55,4,2981,59,45,1
01/23/2021,MONTROSE,0,31,0,1,31,1,2891,121,56,4,3012,60,31,1
01/24/2021,MONTROSE,3,7,0,0,10,0,2898,124,56,4,3022,60,10,0
01/25/2021,MONTROSE,3,9,0,0,12,0,2907,127,56,4,3034,60,12,0
01/26/2021,MONTROSE,4,7,0,0,11,0,2914,131,56,4,3045,60,11,0
01/27/2021,MONTROSE,4,27,0,1,31,1,2941,135,57,4,3076,61,31,1
01/28/2021,MONTROSE,3,11,1,0,14,1,2952,138,57,5,3090,62,14,1
01/29/2021,MONTROSE,2,29,0,0,31,0,2981,140,57,5,3121,62,31,0
01/30/2021,MONTROSE,2,13,0,0,15,0,2994,142,57,5,3136,62,15,0
01/31/2021,MONTROSE,0,1,0,0,1,0,2995,142,57,5,3137,62,1,0
02/01/2021,MONTROSE,2,4,0,0,6,0,2999,144,57,5,3143,62,6,0
02/02/2021,MONTROSE,8,10,0,0,18,0,3009,152,57,5,3161,62,18,0
02/03/2021,MONTROSE,1,11,0,0,12,0,3020,153,57,5,3173,62,12,0
02/04/2021,MONTROSE,1,13,0,0,14,0,3033,154,57,5,3187,62,14,0
02/05/2021,MONTROSE,2,5,0,0,7,0,3038,156,57,5,3194,62,7,0
02/06/2021,MONTROSE,1,16,0,0,17,0,3054,157,57,5,3211,62,17,0
02/07/2021,MONTROSE,0,4,0,0,4,0,3058,157,57,5,3215,62,4,0
02/08/2021,MONTROSE,3,8,0,0,11,0,3066,160,57,5,3226,62,11,0
02/09/2021,MONTROSE,4,4,0,0,8,0,3070,164,57,5,3234,62,8,0
02/10/2021,MONTROSE,1,7,0,0,8,0,3077,165,57,5,3242,62,8,0
02/11/2021,MONTROSE,2,8,0,0,10,0,3085,167,57,5,3252,62,10,0
02/12/2021,MONTROSE,0,7,0,0,7,0,3092,167,57,5,3259,62,7,0
02/13/2021,MONTROSE,0,13,0,0,13,0,3105,167,57,5,3272,62,13,0
02/14/2021,MONTROSE,0,5,0,0,5,0,3110,167,57,5,3277,62,5,0
02/15/2021,MONTROSE,1,7,0,1,8,1,3117,168,58,5,3285,63,8,1
02/16/2021,MONTROSE,1,1,0,0,2,0,3118,169,58,5,3287,63,2,0
02/17/2021,MONTROSE,2,6,0,0,8,0,3124,171,58,5,3295,63,8,0
02/18/2021,MONTROSE,1,3,0,0,4,0,3127,172,58,5,3299,63,4,0
02/19/2021,MONTROSE,0,2,0,1,2,1,3129,172,59,5,3301,64,2,1
02/20/2021,MONTROSE,0,1,0,0,1,0,3130,172,59,5,3302,64,1,0
02/21/2021,MONTROSE,0,7,0,0,7,0,3137,172,59,5,3309,64,7,0
02/22/2021,MONTROSE,1,3,0,0,4,0,3140,173,59,5,3313,64,4,0
02/23/2021,MONTROSE,1,7,0,0,8,0,3147,174,59,5,3321,64,8,0
02/24/2021,MONTROSE,3,16,0,0,19,0,3163,177,59,5,3340,64,19,0
02/25/2021,MONTROSE,0,5,0,1,5,1,3168,177,60,5,3345,65,5,1
02/26/2021,MONTROSE,1,4,0,0,5,0,3172,178,60,5,3350,65,5,0
02/27/2021,MONTROSE,0,7,0,0,7,0,3179,178,60,5,3357,65,7,0
02/28/2021,MONTROSE,1,3,0,0,4,0,3182,179,60,5,3361,65,4,0
03/01/2021,MONTROSE,14,2,0,0,16,0,3184,193,60,5,3377,65,16,0
03/02/2021,MONTROSE,1,1,0,0,2,0,3185,194,60,5,3379,65,2,0
03/03/2021,MONTROSE,0,3,0,0,3,0,3188,194,60,5,3382,65,3,0
03/05/2021,MONTROSE,0,3,0,0,3,0,3191,194,60,5,3385,65,3,0
03/06/2021,MONTROSE,0,1,0,0,1,0,3192,194,60,5,3386,65,1,0
03/07/2021,MONTROSE,0,2,0,0,2,0,3194,194,60,5,3388,65,2,0
03/09/2021,MONTROSE,0,1,0,0,1,0,3195,194,60,5,3389,65,1,0
03/10/2021,MONTROSE,1,1,0,0,2,0,3196,195,60,5,3391,65,2,0
03/11/2021,MONTROSE,0,2,0,0,2,0,3198,195,60,5,3393,65,2,0
03/12/2021,MONTROSE,0,1,0,0,1,0,3199,195,60,5,3394,65,1,0
03/13/2021,MONTROSE,0,3,0,0,3,0,3202,195,60,5,3397,65,3,0
03/14/2021,MONTROSE,0,2,0,1,2,1,3204,195,61,5,3399,66,2,1
03/15/2021,MONTROSE,2,2,0,0,4,0,3206,197,61,5,3403,66,4,0
03/16/2021,MONTROSE,0,1,0,0,1,0,3207,197,61,5,3404,66,1,0
03/18/2021,MONTROSE,0,3,0,0,3,0,3210,197,61,5,3407,66,3,0
03/19/2021,MONTROSE,1,6,0,0,7,0,3216,198,61,5,3414,66,7,0
03/20/2021,MONTROSE,1,1,0,0,2,0,3217,199,61,5,3416,66,2,0
03/21/2021,MONTROSE,1,0,0,0,1,0,3217,200,61,5,3417,66,1,0
03/22/2021,MONTROSE,1,4,0,0,5,0,3221,201,61,5,3422,66,5,0
03/23/2021,MONTROSE,0,2,0,0,2,0,3223,201,61,5,3424,66,2,0
03/25/2021,MONTROSE,0,2,0,0,2,0,3225,201,61,5,3426,66,2,0
03/26/2021,MONTROSE,0,5,0,0,5,0,3230,201,61,5,3431,66,5,0
03/27/2021,MONTROSE,0,1,0,0,1,0,3231,201,61,5,3432,66,1,0
03/29/2021,MONTROSE,0,1,0,0,1,0,3232,201,61,5,3433,66,1,0
03/30/2021,MONTROSE,1,4,0,0,5,0,3236,202,61,5,3438,66,5,0
03/31/2021,MONTROSE,0,1,0,0,1,0,3237,202,61,5,3439,66,1,0
04/01/2021,MONTROSE,0,1,0,0,1,0,3238,202,61,5,3440,66,1,0
04/02/2021,MONTROSE,0,2,0,0,2,0,3240,202,61,5,3442,66,2,0
04/03/2021,MONTROSE,0,4,0,0,4,0,3244,202,61,5,3446,66,4,0
04/04/2021,MONTROSE,0,1,0,0,1,0,3245,202,61,5,3447,66,1,0
04/06/2021,MONTROSE,0,1,0,0,1,0,3246,202,61,5,3448,66,1,0
04/07/2021,MONTROSE,4,2,0,0,6,0,3248,206,61,5,3454,66,6,0
04/09/2021,MONTROSE,1,3,0,0,4,0,3251,207,61,5,3458,66,4,0
04/10/2021,MONTROSE,0,2,0,0,2,0,3253,207,61,5,3460,66,2,0
04/11/2021,MONTROSE,0,1,0,0,1,0,3254,207,61,5,3461,66,1,0
04/12/2021,MONTROSE,1,1,0,0,2,0,3255,208,61,5,3463,66,2,0
04/13/2021,MONTROSE,3,1,0,0,4,0,3256,211,61,5,3467,66,4,0
04/14/2021,MONTROSE,1,1,0,0,2,0,3257,212,61,5,3469,66,2,0
04/15/2021,MONTROSE,1,2,0,0,3,0,3259,213,61,5,3472,66,3,0
04/16/2021,MONTROSE,0,2,0,0,2,0,3261,213,61,5,3474,66,2,0
04/17/2021,MONTROSE,3,0,0,0,3,0,3261,216,61,5,3477,66,3,0
04/18/2021,MONTROSE,0,3,0,0,3,0,3264,216,61,5,3480,66,3,0
04/19/2021,MONTROSE,2,1,0,0,3,0,3265,218,61,5,3483,66,3,0
04/20/2021,MONTROSE,0,2,0,0,2,0,3267,218,61,5,3485,66,2,0
04/21/2021,MONTROSE,1,6,0,0,7,0,3273,219,61,5,3492,66,7,0
04/22/2021,MONTROSE,0,4,0,1,4,1,3277,219,62,5,3496,67,4,1
04/23/2021,MONTROSE,0,4,0,0,4,0,3281,219,62,5,3500,67,4,0
04/24/2021,MONTROSE,0,3,0,0,3,0,3284,219,62,5,3503,67,3,0
04/25/2021,MONTROSE,0,1,0,0,1,0,3285,219,62,5,3504,67,1,0
04/26/2021,MONTROSE,4,0,0,0,4,0,3285,223,62,5,3508,67,4,0
04/27/2021,MONTROSE,4,3,0,0,7,0,3288,227,62,5,3515,67,7,0
04/28/2021,MONTROSE,1,7,0,0,8,0,3295,228,62,5,3523,67,8,0
04/29/2021,MONTROSE,1,4,0,0,5,0,3299,229,62,5,3528,67,5,0
04/30/2021,MONTROSE,0,8,0,0,8,0,3307,229,62,5,3536,67,8,0
05/01/2021,MONTROSE,3,3,0,0,6,0,3310,232,62,5,3542,67,6,0
05/02/2021,MONTROSE,0,2,0,0,2,0,3312,232,62,5,3544,67,2,0
05/03/2021,MONTROSE,0,3,0,1,3,1,3315,232,63,5,3547,68,3,1
05/04/2021,MONTROSE,1,5,0,0,6,0,3320,233,63,5,3553,68,6,0
05/05/2021,MONTROSE,2,2,0,0,4,0,3322,235,63,5,3557,68,4,0
05/06/2021,MONTROSE,0,10,0,0,10,0,3332,235,63,5,3567,68,10,0
05/07/2021,MONTROSE,0,3,0,0,3,0,3335,235,63,5,3570,68,3,0
05/09/2021,MONTROSE,0,4,0,0,4,0,3339,235,63,5,3574,68,4,0
05/10/2021,MONTROSE,1,1,0,0,2,0,3340,236,63,5,3576,68,2,0
05/11/2021,MONTROSE,0,1,0,0,1,0,3341,236,63,5,3577,68,1,0
05/12/2021,MONTROSE,1,10,0,0,11,0,3351,237,63,5,3588,68,11,0
05/13/2021,MONTROSE,0,8,0,1,8,1,3359,237,64,5,3596,69,8,1
05/14/2021,MONTROSE,0,2,0,0,2,0,3361,237,64,5,3598,69,2,0
05/15/2021,MONTROSE,1,3,0,1,4,1,3364,238,65,5,3602,70,4,1
05/16/2021,MONTROSE,1,3,0,0,4,0,3367,239,65,5,3606,70,4,0
05/17/2021,MONTROSE,0,5,0,0,5,0,3372,239,65,5,3611,70,5,0
05/18/2021,MONTROSE,0,3,0,0,3,0,3375,239,65,5,3614,70,3,0
05/19/2021,MONTROSE,3,5,0,0,8,0,3380,242,65,5,3622,70,8,0
05/20/2021,MONTROSE,9,8,0,0,17,0,3388,251,65,5,3639,70,17,0
05/21/2021,MONTROSE,0,12,0,0,12,0,3400,251,65,5,3651,70,12,0
05/22/2021,MONTROSE,0,2,0,0,2,0,3402,251,65,5,3653,70,2,0
05/23/2021,MONTROSE,0,2,0,0,2,0,3404,251,65,5,3655,70,2,0
05/24/2021,MONTROSE,4,8,0,0,12,0,3412,255,65,5,3667,70,12,0
05/25/2021,MONTROSE,0,10,0,1,10,1,3422,255,66,5,3677,71,10,1
05/26/2021,MONTROSE,1,3,0,0,4,0,3425,256,66,5,3681,71,4,0
05/27/2021,MONTROSE,1,6,0,0,7,0,3431,257,66,5,3688,71,7,0
05/28/2021,MONTROSE,1,6,0,0,7,0,3437,258,66,5,3695,71,7,0
05/29/2021,MONTROSE,0,5,0,1,5,1,3442,258,67,5,3700,72,5,1
05/30/2021,MONTROSE,0,1,0,0,1,0,3443,258,67,5,3701,72,1,0
05/31/2021,MONTROSE,0,2,0,0,2,0,3445,258,67,5,3703,72,2,0
06/01/2021,MONTROSE,0,3,0,0,3,0,3448,258,67,5,3706,72,3,0
06/02/2021,MONTROSE,2,0,0,0,2,0,3448,260,67,5,3708,72,2,0
06/03/2021,MONTROSE,0,7,0,0,7,0,3455,260,67,5,3715,72,7,0
06/04/2021,MONTROSE,6,12,0,0,18,0,3467,266,67,5,3733,72,18,0
06/05/2021,MONTROSE,0,3,0,0,3,0,3470,266,67,5,3736,72,3,0
06/06/2021,MONTROSE,0,3,0,0,3,0,3473,266,67,5,3739,72,3,0
06/07/2021,MONTROSE,5,6,0,1,11,1,3479,271,68,5,3750,73,11,1
06/08/2021,MONTROSE,0,7,0,0,7,0,3486,271,68,5,3757,73,7,0
06/09/2021,MONTROSE,1,4,0,0,5,0,3490,272,68,5,3762,73,5,0
06/10/2021,MONTROSE,0,5,0,0,5,0,3495,272,68,5,3767,73,5,0
06/11/2021,MONTROSE,0,1,0,0,1,0,3496,272,68,5,3768,73,1,0
06/12/2021,MONTROSE,0,4,0,0,4,0,3500,272,68,5,3772,73,4,0
06/13/2021,MONTROSE,0,3,0,0,3,0,3503,272,68,5,3775,73,3,0
06/14/2021,MONTROSE,0,2,0,0,2,0,3505,272,68,5,3777,73,2,0
06/15/2021,MONTROSE,0,5,0,0,5,0,3510,272,68,5,3782,73,5,0
06/16/2021,MONTROSE,0,7,0,0,7,0,3517,272,68,5,3789,73,7,0
06/18/2021,MONTROSE,0,4,0,0,4,0,3521,272,68,5,3793,73,4,0
06/19/2021,MONTROSE,0,1,0,0,1,0,3522,272,68,5,3794,73,1,0
06/20/2021,MONTROSE,0,3,0,0,3,0,3525,272,68,5,3797,73,3,0
06/21/2021,MONTROSE,1,1,0,1,2,1,3526,273,69,5,3799,74,2,1
06/22/2021,MONTROSE,0,7,0,0,7,0,3533,273,69,5,3806,74,7,0
06/23/2021,MONTROSE,0,11,0,0,11,0,3544,273,69,5,3817,74,11,0
06/24/2021,MONTROSE,1,2,1,0,3,1,3546,274,69,6,3820,75,3,1
06/25/2021,MONTROSE,0,7,0,0,7,0,3553,274,69,6,3827,75,7,0
06/26/2021,MONTROSE,3,1,0,0,4,0,3554,277,69,6,3831,75,4,0
06/27/2021,MONTROSE,1,1,0,1,2,1,3555,278,70,6,3833,76,2,1
06/28/2021,MONTROSE,3,2,0,1,5,1,3557,281,71,6,3838,77,5,1
06/29/2021,MONTROSE,1,10,0,0,11,0,3567,282,71,6,3849,77,11,0
06/30/2021,MONTROSE,2,4,0,0,6,0,3571,284,71,6,3855,77,6,0
07/01/2021,MONTROSE,6,5,0,0,11,0,3576,290,71,6,3866,77,11,0
07/02/2021,MONTROSE,0,2,0,0,2,0,3578,290,71,6,3868,77,2,0
07/03/2021,MONTROSE,0,2,0,0,2,0,3580,290,71,6,3870,77,2,0
07/04/2021,MONTROSE,0,5,0,0,5,0,3585,290,71,6,3875,77,5,0
07/05/2021,MONTROSE,2,2,0,1,4,1,3587,292,72,6,3879,78,4,1
07/06/2021,MONTROSE,0,3,0,1,3,1,3590,292,73,6,3882,79,3,1
07/07/2021,MONTROSE,1,4,0,0,5,0,3594,293,73,6,3887,79,5,0
07/08/2021,MONTROSE,1,3,0,0,4,0,3597,294,73,6,3891,79,4,0
07/09/2021,MONTROSE,0,7,0,1,7,1,3604,294,74,6,3898,80,7,1
07/10/2021,MONTROSE,3,5,0,0,8,0,3609,297,74,6,3906,80,8,0
07/11/2021,MONTROSE,0,3,0,0,3,0,3612,297,74,6,3909,80,3,0
07/12/2021,MONTROSE,0,12,0,0,12,0,3624,297,74,6,3921,80,12,0
07/13/2021,MONTROSE,1,2,0,0,3,0,3626,298,74,6,3924,80,3,0
07/14/2021,MONTROSE,2,12,0,1,14,1,3638,300,75,6,3938,81,14,1
07/15/2021,MONTROSE,1,4,0,0,5,0,3642,301,75,6,3943,81,5,0
07/16/2021,MONTROSE,0,1,0,0,1,0,3643,301,75,6,3944,81,1,0
07/18/2021,MONTROSE,0,2,0,0,2,0,3645,301,75,6,3946,81,2,0
07/19/2021,MONTROSE,1,10,0,0,11,0,3655,302,75,6,3957,81,11,0
07/20/2021,MONTROSE,4,3,1,0,7,1,3658,306,75,7,3964,82,7,1
07/21/2021,MONTROSE,0,2,0,0,2,0,3660,306,75,7,3966,82,2,0
07/22/2021,MONTROSE,5,7,0,0,12,0,3667,311,75,7,3978,82,12,0
07/23/2021,MONTROSE,2,9,0,0,11,0,3676,313,75,7,3989,82,11,0
07/24/2021,MONTROSE,0,3,0,0,3,0,3679,313,75,7,3992,82,3,0
07/25/2021,MONTROSE,0,1,0,0,1,0,3680,313,75,7,3993,82,1,0
07/26/2021,MONTROSE,0,7,0,0,7,0,3687,313,75,7,4000,82,7,0
07/27/2021,MONTROSE,16,4,0,0,20,0,3691,329,75,7,4020,82,20,0
07/28/2021,MONTROSE,4,4,0,0,8,0,3695,333,75,7,4028,82,8,0
07/29/2021,MONTROSE,3,11,0,0,14,0,3706,336,75,7,4042,82,14,0
07/30/2021,MONTROSE,0,6,0,0,6,0,3712,336,75,7,4048,82,6,0
07/31/2021,MONTROSE,4,3,0,0,7,0,3715,340,75,7,4055,82,7,0
08/01/2021,MONTROSE,0,2,0,0,2,0,3717,340,75,7,4057,82,2,0
08/02/2021,MONTROSE,1,8,0,0,9,0,3725,341,75,7,4066,82,9,0
08/03/2021,MONTROSE,1,11,0,0,12,0,3736,342,75,7,4078,82,12,0
08/04/2021,MONTROSE,0,13,0,0,13,0,3749,342,75,7,4091,82,13,0
08/05/2021,MONTROSE,0,13,0,0,13,0,3762,342,75,7,4104,82,13,0
08/06/2021,MONTROSE,0,4,0,0,4,0,3766,342,75,7,4108,82,4,0
08/07/2021,MONTROSE,0,1,0,0,1,0,3767,342,75,7,4109,82,1,0
08/09/2021,MONTROSE,17,2,0,0,19,0,3769,359,75,7,4128,82,19,0
08/10/2021,MONTROSE,1,16,0,0,17,0,3785,360,75,7,4145,82,17,0
08/11/2021,MONTROSE,1,8,0,0,9,0,3793,361,75,7,4154,82,9,0
08/12/2021,MONTROSE,2,7,0,0,9,0,3800,363,75,7,4163,82,9,0
08/13/2021,MONTROSE,1,3,0,0,4,0,3803,364,75,7,4167,82,4,0
08/14/2021,MONTROSE,0,3,0,0,3,0,3806,364,75,7,4170,82,3,0
08/15/2021,MONTROSE,0,3,0,0,3,0,3809,364,75,7,4173,82,3,0
08/16/2021,MONTROSE,2,6,0,0,8,0,3815,366,75,7,4181,82,8,0
08/17/2021,MONTROSE,5,7,0,0,12,0,3822,371,75,7,4193,82,12,0
08/18/2021,MONTROSE,3,8,0,0,11,0,3830,374,75,7,4204,82,11,0
08/19/2021,MONTROSE,4,4,0,0,8,0,3834,378,75,7,4212,82,8,0
08/20/2021,MONTROSE,1,6,0,0,7,0,3840,379,75,7,4219,82,7,0
08/21/2021,MONTROSE,0,5,0,0,5,0,3845,379,75,7,4224,82,5,0
08/22/2021,MONTROSE,0,5,0,0,5,0,3850,379,75,7,4229,82,5,0
08/23/2021,MONTROSE,9,6,0,0,15,0,3856,388,75,7,4244,82,15,0
08/24/2021,MONTROSE,3,11,0,0,14,0,3867,391,75,7,4258,82,14,0
08/25/2021,MONTROSE,0,7,0,0,7,0,3874,391,75,7,4265,82,7,0
08/26/2021,MONTROSE,1,3,0,0,4,0,3877,392,75,7,4269,82,4,0
08/27/2021,MONTROSE,3,6,1,0,9,1,3883,395,75,8,4278,83,9,1
08/29/2021,MONTROSE,0,5,0,0,5,0,3888,395,75,8,4283,83,5,0
08/30/2021,MONTROSE,3,9,0,0,12,0,3897,398,75,8,4295,83,12,0
08/31/2021,MONTROSE,2,7,0,0,9,0,3904,400,75,8,4304,83,9,0
09/01/2021,MONTROSE,3,7,0,0,10,0,3911,403,75,8,4314,83,10,0
09/02/2021,MONTROSE,19,8,0,0,27,0,3919,422,75,8,4341,83,27,0
09/03/2021,MONTROSE,0,12,0,0,12,0,3931,422,75,8,4353,83,12,0
09/04/2021,MONTROSE,1,3,0,0,4,0,3934,423,75,8,4357,83,4,0
09/05/2021,MONTROSE,0,3,0,1,3,1,3937,423,76,8,4360,84,3,1
09/06/2021,MONTROSE,2,20,0,1,22,1,3957,425,77,8,4382,85,22,1
09/07/2021,MONTROSE,0,10,0,0,10,0,3967,425,77,8,4392,85,10,0
09/08/2021,MONTROSE,8,12,0,0,20,0,3979,433,77,8,4412,85,20,0
09/09/2021,MONTROSE,2,8,0,1,10,1,3987,435,78,8,4422,86,10,1
09/10/2021,MONTROSE,1,20,0,0,21,0,4007,436,78,8,4443,86,21,0
09/11/2021,MONTROSE,0,4,0,0,4,0,4011,436,78,8,4447,86,4,0
09/12/2021,MONTROSE,0,3,0,0,3,0,4014,436,78,8,4450,86,3,0
09/13/2021,MONTROSE,0,7,0,0,7,0,4021,436,78,8,4457,86,7,0
09/14/2021,MONTROSE,0,9,0,1,9,1,4030,436,79,8,4466,87,9,1
09/15/2021,MONTROSE,12,21,0,0,33,0,4051,448,79,8,4499,87,33,0
09/16/2021,MONTROSE,3,19,0,0,22,0,4070,451,79,8,4521,87,22,0
09/17/2021,MONTROSE,9,18,0,1,27,1,4088,460,80,8,4548,88,27,1
09/18/2021,MONTROSE,0,8,0,0,8,0,4096,460,80,8,4556,88,8,0
09/19/2021,MONTROSE,0,8,0,0,8,0,4104,460,80,8,4564,88,8,0
09/20/2021,MONTROSE,2,14,0,0,16,0,4118,462,80,8,4580,88,16,0
09/21/2021,MONTROSE,8,9,0,0,17,0,4127,470,80,8,4597,88,17,0
09/22/2021,MONTROSE,1,39,0,0,40,0,4166,471,80,8,4637,88,40,0
09/23/2021,MONTROSE,2,2,0,0,4,0,4168,473,80,8,4641,88,4,0
09/24/2021,MONTROSE,0,13,0,1,13,1,4181,473,81,8,4654,89,13,1
09/25/2021,MONTROSE,0,7,0,0,7,0,4188,473,81,8,4661,89,7,0
09/26/2021,MONTROSE,0,21,0,0,21,0,4209,473,81,8,4682,89,21,0
09/27/2021,MONTROSE,1,10,0,0,11,0,4219,474,81,8,4693,89,11,0
09/28/2021,MONTROSE,3,16,0,1,19,1,4235,477,82,8,4712,90,19,1
09/29/2021,MONTROSE,11,20,0,0,31,0,4255,488,82,8,4743,90,31,0
09/30/2021,MONTROSE,2,28,0,0,30,0,4283,490,82,8,4773,90,30,0
10/01/2021,MONTROSE,1,23,0,1,24,1,4306,491,83,8,4797,91,24,1
10/02/2021,MONTROSE,8,23,1,0,31,1,4329,499,83,9,4828,92,31,1
10/03/2021,MONTROSE,0,10,0,0,10,0,4339,499,83,9,4838,92,10,0
10/04/2021,MONTROSE,28,11,0,1,39,1,4350,527,84,9,4877,93,39,1
10/05/2021,MONTROSE,7,7,0,0,14,0,4357,534,84,9,4891,93,14,0
10/06/2021,MONTROSE,4,20,0,0,24,0,4377,538,84,9,4915,93,24,0
10/07/2021,MONTROSE,10,32,0,0,42,0,4409,548,84,9,4957,93,42,0
10/08/2021,MONTROSE,12,18,0,0,30,0,4427,560,84,9,4987,93,30,0
10/09/2021,MONTROSE,7,8,0,0,15,0,4435,567,84,9,5002,93,15,0
10/10/2021,MONTROSE,2,10,0,0,12,0,4445,569,84,9,5014,93,12,0
10/11/2021,MONTROSE,4,14,0,0,18,0,4459,573,84,9,5032,93,18,0
10/12/2021,MONTROSE,6,23,0,0,29,0,4482,579,84,9,5061,93,29,0
10/13/2021,MONTROSE,18,33,1,0,51,1,4515,597,84,10,5112,94,51,1
10/14/2021,MONTROSE,25,27,0,2,52,2,4542,622,86,10,5164,96,52,2
10/15/2021,MONTROSE,4,23,0,1,27,1,4565,626,87,10,5191,97,27,1
10/16/2021,MONTROSE,0,13,0,1,13,1,4578,626,88,10,5204,98,13,1
10/17/2021,MONTROSE,0,7,0,0,7,0,4585,626,88,10,5211,98,7,0
10/18/2021,MONTROSE,23,20,1,0,43,1,4605,649,88,11,5254,99,43,1
10/19/2021,MONTROSE,15,12,0,0,27,0,4617,664,88,11,5281,99,27,0
10/20/2021,MONTROSE,7,31,0,1,38,1,4648,671,89,11,5319,100,38,1
10/21/2021,MONTROSE,11,42,1,1,53,2,4690,682,90,12,5372,102,53,2
10/22/2021,MONTROSE,10,32,0,1,42,1,4722,692,91,12,5414,103,42,1
10/23/2021,MONTROSE,1,15,0,0,16,0,4737,693,91,12,5430,103,16,0
10/24/2021,MONTROSE,0,13,0,0,13,0,4750,693,91,12,5443,103,13,0
10/25/2021,MONTROSE,6,42,1,0,48,1,4792,699,91,13,5491,104,48,1
10/26/2021,MONTROSE,6,56,0,0,62,0,4848,705,91,13,5553,104,62,0
10/27/2021,MONTROSE,32,42,0,1,74,1,4890,737,92,13,5627,105,74,1
10/28/2021,MONTROSE,14,37,0,1,51,1,4927,751,93,13,5678,106,51,1
10/29/2021,MONTROSE,3,48,0,2,51,2,4975,754,95,13,5729,108,51,2
10/30/2021,MONTROSE,1,20,0,0,21,0,4995,755,95,13,5750,108,21,0
10/31/2021,MONTROSE,0,39,0,2,39,2,5034,755,97,13,5789,110,39,2
11/01/2021,MONTROSE,22,33,1,0,55,1,5067,777,97,14,5844,111,55,1
11/02/2021,MONTROSE,18,16,0,1,34,1,5083,795,98,14,5878,112,34,1
11/03/2021,MONTROSE,7,51,0,0,58,0,5134,802,98,14,5936,112,58,0
11/04/2021,MONTROSE,4,44,0,0,48,0,5178,806,98,14,5984,112,48,0
11/05/2021,MONTROSE,5,46,0,2,51,2,5224,811,100,14,6035,114,51,2
11/06/2021,MONTROSE,0,26,0,1,26,1,5250,811,101,14,6061,115,26,1
11/07/2021,MONTROSE,2,13,0,0,15,0,5263,813,101,14,6076,115,15,0
11/08/2021,MONTROSE,7,20,0,0,27,0,5283,820,101,14,6103,115,27,0
11/09/2021,MONTROSE,28,20,0,0,48,0,5303,848,101,14,6151,115,48,0
11/10/2021,MONTROSE,8,66,0,3,74,3,5369,856,104,14,6225,118,74,3
11/11/2021,MONTROSE,2,21,0,0,23,0,5390,858,104,14,6248,118,23,0
11/12/2021,MONTROSE,8,39,0,1,47,1,5429,866,105,14,6295,119,47,1
11/13/2021,MONTROSE,1,23,0,0,24,0,5452,867,105,14,6319,119,24,0
11/14/2021,MONTROSE,0,6,0,0,6,0,5458,867,105,14,6325,119,6,0
11/15/2021,MONTROSE,28,14,1,1,42,2,5472,895,106,15,6367,121,42,2
11/16/2021,MONTROSE,6,12,0,3,18,3,5484,901,109,15,6385,124,18,3
11/17/2021,MONTROSE,6,43,0,2,49,2,5527,907,111,15,6434,126,49,2
11/18/2021,MONTROSE,3,16,1,0,19,1,5543,910,111,16,6453,127,19,1
11/19/2021,MONTROSE,2,20,0,0,22,0,5563,912,111,16,6475,127,22,0
11/20/2021,MONTROSE,0,7,0,0,7,0,5570,912,111,16,6482,127,7,0
11/21/2021,MONTROSE,1,15,0,0,16,0,5585,913,111,16,6498,127,16,0
11/22/2021,MONTROSE,8,47,0,2,55,2,5632,921,113,16,6553,129,55,2
11/23/2021,MONTROSE,19,24,1,0,43,1,5656,940,113,17,6596,130,43,1
11/24/2021,MONTROSE,2,25,0,4,27,4,5681,942,117,17,6623,134,27,4
11/25/2021,MONTROSE,1,10,0,1,11,1,5691,943,118,17,6634,135,11,1
11/26/2021,MONTROSE,5,6,1,1,11,2,5697,948,119,18,6645,137,11,2
11/27/2021,MONTROSE,6,8,0,0,14,0,5705,954,119,18,6659,137,14,0
11/28/2021,MONTROSE,0,11,0,0,11,0,5716,954,119,18,6670,137,11,0
11/29/2021,MONTROSE,9,20,0,2,29,2,5736,963,121,18,6699,139,29,2
11/30/2021,MONTROSE,8,21,1,1,29,2,5757,971,122,19,6728,141,29,2
12/01/2021,MONTROSE,3,11,0,0,14,0,5768,974,122,19,6742,141,14,0
12/02/2021,MONTROSE,7,23,0,1,30,1,5791,981,123,19,6772,142,30,1
12/03/2021,MONTROSE,5,14,2,0,19,2,5805,986,123,21,6791,144,19,2
12/04/2021,MONTROSE,6,6,0,1,12,1,5811,992,124,21,6803,145,12,1
12/05/2021,MONTROSE,0,5,0,1,5,1,5816,992,125,21,6808,146,5,1
12/06/2021,MONTROSE,18,15,2,1,33,3,5831,1010,126,23,6841,149,33,3
12/07/2021,MONTROSE,5,13,0,1,18,1,5844,1015,127,23,6859,150,18,1
12/08/2021,MONTROSE,0,14,0,1,14,1,5858,1015,128,23,6873,151,14,1
12/09/2021,MONTROSE,12,6,0,1,18,1,5864,1027,129,23,6891,152,18,1
12/10/2021,MONTROSE,1,11,0,0,12,0,5875,1028,129,23,6903,152,12,0
12/11/2021,MONTROSE,1,9,0,1,10,1,5884,1029,130,23,6913,153,10,1
12/12/2021,MONTROSE,0,3,0,0,3,0,5887,1029,130,23,6916,153,3,0
12/13/2021,MONTROSE,2,7,0,0,9,0,5894,1031,130,23,6925,153,9,0
12/14/2021,MONTROSE,2,8,1,0,10,1,5902,1033,130,24,6935,154,10,1
12/15/2021,MONTROSE,3,3,0,0,6,0,5905,1036,130,24,6941,154,6,0
12/16/2021,MONTROSE,2,5,0,0,7,0,5910,1038,130,24,6948,154,7,0
12/17/2021,MONTROSE,0,11,0,2,11,2,5921,1038,132,24,6959,156,11,2
12/18/2021,MONTROSE,1,1,0,0,2,0,5922,1039,132,24,6961,156,2,0
12/20/2021,MONTROSE,2,9,0,0,11,0,5931,1041,132,24,6972,156,11,0
12/21/2021,MONTROSE,1,7,0,1,8,1,5938,1042,133,24,6980,157,8,1
12/22/2021,MONTROSE,0,8,0,1,8,1,5946,1042,134,24,6988,158,8,1
12/23/2021,MONTROSE,1,11,0,0,12,0,5957,1043,134,24,7000,158,12,0
12/24/2021,MONTROSE,1,11,0,0,12,0,5968,1044,134,24,7012,158,12,0
12/25/2021,MONTROSE,1,3,0,0,4,0,5971,1045,134,24,7016,158,4,0
12/26/2021,MONTROSE,0,2,0,0,2,0,5973,1045,134,24,7018,158,2,0
12/27/2021,MONTROSE,1,6,0,0,7,0,5979,1046,134,24,7025,158,7,0
12/28/2021,MONTROSE,5,16,0,0,21,0,5995,1051,134,24,7046,158,21,0
12/29/2021,MONTROSE,3,13,0,0,16,0,6008,1054,134,24,7062,158,16,0
12/30/2021,MONTROSE,3,10,0,0,13,0,6018,1057,134,24,7075,158,13,0
12/31/2021,MONTROSE,1,20,0,0,21,0,6038,1058,134,24,7096,158,21,0
01/01/2022,MONTROSE,0,39,0,0,39,0,6077,1058,134,24,7135,158,39,0
01/02/2022,MONTROSE,5,4,0,0,9,0,6081,1063,134,24,7144,158,9,0
01/03/2022,MONTROSE,20,26,0,0,46,0,6107,1083,134,24,7190,158,46,0
01/04/2022,MONTROSE,11,42,0,0,53,0,6149,1094,134,24,7243,158,53,0
01/05/2022,MONTROSE,19,27,0,0,46,0,6176,1113,134,24,7289,158,46,0
01/06/2022,MONTROSE,8,26,0,0,34,0,6202,1121,134,24,7323,158,34,0
01/07/2022,MONTROSE,2,36,0,0,38,0,6238,1123,134,24,7361,158,38,0
01/08/2022,MONTROSE,4,29,0,0,33,0,6267,1127,134,24,7394,158,33,0
01/09/2022,MONTROSE,0,10,0,0,10,0,6277,1127,134,24,7404,158,10,0
01/10/2022,MONTROSE,11,30,1,0,41,1,6307,1138,134,25,7445,159,41,1
01/11/2022,MONTROSE,4,80,0,0,84,0,6387,1142,134,25,7529,159,84,0
01/12/2022,MONTROSE,5,59,0,0,64,0,6446,1147,134,25,7593,159,64,0
01/13/2022,MONTROSE,14,46,0,0,60,0,6492,1161,134,25,7653,159,60,0
01/14/2022,MONTROSE,7,54,0,0,61,0,6546,1168,134,25,7714,159,61,0
01/15/2022,MONTROSE,5,50,0,2,55,2,6596,1173,136,25,7769,161,55,2
01/16/2022,MONTROSE,1,6,0,0,7,0,6602,1174,136,25,7776,161,7,0
01/17/2022,MONTROSE,14,55,0,1,69,1,6657,1188,137,25,7845,162,69,1
01/18/2022,MONTROSE,20,38,0,0,58,0,6695,1208,137,25,7903,162,58,0
01/19/2022,MONTROSE,38,46,0,0,84,0,6741,1246,137,25,7987,162,84,0
01/20/2022,MONTROSE,17,44,0,1,61,1,6785,1263,138,25,8048,163,61,1
01/21/2022,MONTROSE,10,80,0,0,90,0,6865,1273,138,25,8138,163,90,0
01/22/2022,MONTROSE,0,54,0,0,54,0,6919,1273,138,25,8192,163,54,0
01/23/2022,MONTROSE,7,7,0,0,14,0,6926,1280,138,25,8206,163,14,0
01/24/2022,MONTROSE,17,49,0,0,66,0,6975,1297,138,25,8272,163,66,0
01/25/2022,MONTROSE,22,43,0,0,65,0,7018,1319,138,25,8337,163,65,0
01/26/2022,MONTROSE,9,57,1,0,66,1,7075,1328,138,26,8403,164,66,1
01/27/2022,MONTROSE,17,30,0,0,47,0,7105,1345,138,26,8450,164,47,0
01/28/2022,MONTROSE,11,65,0,0,76,0,7170,1356,138,26,8526,164,76,0
01/29/2022,MONTROSE,1,33,0,0,34,0,7203,1357,138,26,8560,164,34,0
01/30/2022,MONTROSE,3,10,0,0,13,0,7213,1360,138,26,8573,164,13,0
01/31/2022,MONTROSE,16,44,0,0,60,0,7257,1376,138,26,8633,164,60,0
02/01/2022,MONTROSE,12,24,0,0,36,0,7281,1388,138,26,8669,164,36,0
02/02/2022,MONTROSE,14,43,0,0,57,0,7324,1402,138,26,8726,164,57,0
02/03/2022,MONTROSE,9,17,0,0,26,0,7341,1411,138,26,8752,164,26,0
02/04/2022,MONTROSE,3,33,0,0,36,0,7374,1414,138,26,8788,164,36,0
02/05/2022,MONTROSE,0,17,0,0,17,0,7391,1414,138,26,8805,164,17,0
02/06/2022,MONTROSE,4,11,0,0,15,0,7402,1418,138,26,8820,164,15,0
02/07/2022,MONTROSE,13,37,0,0,50,0,7439,1431,138,26,8870,164,50,0
02/08/2022,MONTROSE,4,34,0,1,38,1,7473,1435,139,26,8908,165,38,1
02/09/2022,MONTROSE,2,19,0,0,21,0,7492,1437,139,26,8929,165,21,0
02/10/2022,MONTROSE,10,16,0,0,26,0,7508,1447,139,26,8955,165,26,0
02/11/2022,MONTROSE,1,17,0,0,18,0,7525,1448,139,26,8973,165,18,0
02/12/2022,MONTROSE,0,13,0,0,13,0,7538,1448,139,26,8986,165,13,0
02/13/2022,MONTROSE,0,3,0,0,3,0,7541,1448,139,26,8989,165,3,0
02/14/2022,MONTROSE,2,12,0,0,14,0,7553,1450,139,26,9003,165,14,0
02/15/2022,MONTROSE,5,17,0,0,22,0,7570,1455,139,26,9025,165,22,0
02/16/2022,MONTROSE,2,5,0,0,7,0,7575,1457,139,26,9032,165,7,0
02/17/2022,MONTROSE,1,8,0,0,9,0,7583,1458,139,26,9041,165,9,0
02/18/2022,MONTROSE,2,13,0,0,15,0,7596,1460,139,26,9056,165,15,0
02/19/2022,MONTROSE,0,6,0,0,6,0,7602,1460,139,26,9062,165,6,0
02/20/2022,MONTROSE,0,1,0,0,1,0,7603,1460,139,26,9063,165,1,0
02/21/2022,MONTROSE,3,9,0,0,12,0,7612,1463,139,26,9075,165,12,0
02/22/2022,MONTROSE,2,12,0,0,14,0,7624,1465,139,26,9089,165,14,0
02/23/2022,MONTROSE,0,5,0,0,5,0,7629,1465,139,26,9094,165,5,0
02/24/2022,MONTROSE,3,8,0,0,11,0,7637,1468,139,26,9105,165,11,0
02/25/2022,MONTROSE,2,9,0,0,11,0,7646,1470,139,26,9116,165,11,0
02/26/2022,MONTROSE,1,9,0,0,10,0,7655,1471,139,26,9126,165,10,0
02/28/2022,MONTROSE,1,6,0,0,7,0,7661,1472,139,26,9133,165,7,0
03/01/2022,MONTROSE,1,4,1,0,5,1,7665,1473,139,27,9138,166,5,1
03/02/2022,MONTROSE,2,2,0,0,4,0,7667,1475,139,27,9142,166,4,0
03/03/2022,MONTROSE,0,1,0,0,1,0,7668,1475,139,27,9143,166,1,0
03/04/2022,MONTROSE,0,3,0,0,3,0,7671,1475,139,27,9146,166,3,0
03/05/2022,MONTROSE,0,2,0,0,2,0,7673,1475,139,27,9148,166,2,0
03/07/2022,MONTROSE,0,2,0,0,2,0,7675,1475,139,27,9150,166,2,0
03/08/2022,MONTROSE,1,2,0,0,3,0,7677,1476,139,27,9153,166,3,0
03/09/2022,MONTROSE,0,1,0,0,1,0,7678,1476,139,27,9154,166,1,0
03/10/2022,MONTROSE,1,0,0,0,1,0,7678,1477,139,27,9155,166,1,0
03/14/2022,MONTROSE,1,1,0,0,2,0,7679,1478,139,27,9157,166,2,0
03/15/2022,MONTROSE,0,2,0,0,2,0,7681,1478,139,27,9159,166,2,0
03/16/2022,MONTROSE,1,0,0,0,1,0,7681,1479,139,27,9160,166,1,0
03/17/2022,MONTROSE,0,1,0,0,1,0,7682,1479,139,27,9161,166,1,0
03/18/2022,MONTROSE,0,3,0,0,3,0,7685,1479,139,27,9164,166,3,0
03/18/2020,MORGAN,0,1,0,1,1,1,1,0,1,0,1,1,-9163,-165
03/19/2020,MORGAN,1,0,0,0,1,0,1,1,1,0,2,1,1,0
03/22/2020,MORGAN,0,1,0,0,1,0,2,1,1,0,3,1,1,0
03/26/2020,MORGAN,0,1,0,0,1,0,3,1,1,0,4,1,1,0
03/28/2020,MORGAN,0,1,0,0,1,0,4,1,1,0,5,1,1,0
03/31/2020,MORGAN,0,1,0,0,1,0,5,1,1,0,6,1,1,0
04/01/2020,MORGAN,0,1,0,0,1,0,6,1,1,0,7,1,1,0
04/02/2020,MORGAN,0,1,0,0,1,0,7,1,1,0,8,1,1,0
04/03/2020,MORGAN,1,9,0,0,10,0,16,2,1,0,18,1,10,0
04/04/2020,MORGAN,0,1,0,0,1,0,17,2,1,0,19,1,1,0
04/05/2020,MORGAN,0,3,0,0,3,0,20,2,1,0,22,1,3,0
04/06/2020,MORGAN,0,3,0,0,3,0,23,2,1,0,25,1,3,0
04/07/2020,MORGAN,0,1,0,0,1,0,24,2,1,0,26,1,1,0
04/08/2020,MORGAN,0,19,0,4,19,4,43,2,5,0,45,5,19,4
04/09/2020,MORGAN,2,8,0,0,10,0,51,4,5,0,55,5,10,0
04/10/2020,MORGAN,0,9,0,4,9,4,60,4,9,0,64,9,9,4
04/11/2020,MORGAN,0,6,0,2,6,2,66,4,11,0,70,11,6,2
04/12/2020,MORGAN,0,17,0,1,17,1,83,4,12,0,87,12,17,1
04/13/2020,MORGAN,0,9,0,2,9,2,92,4,14,0,96,14,9,2
04/14/2020,MORGAN,0,16,0,6,16,6,108,4,20,0,112,20,16,6
04/15/2020,MORGAN,0,14,0,1,14,1,122,4,21,0,126,21,14,1
04/16/2020,MORGAN,0,9,0,0,9,0,131,4,21,0,135,21,9,0
04/17/2020,MORGAN,0,11,0,1,11,1,142,4,22,0,146,22,11,1
04/18/2020,MORGAN,0,10,0,0,10,0,152,4,22,0,156,22,10,0
04/19/2020,MORGAN,0,13,0,2,13,2,165,4,24,0,169,24,13,2
04/20/2020,MORGAN,0,10,0,0,10,0,175,4,24,0,179,24,10,0
04/21/2020,MORGAN,0,22,0,1,22,1,197,4,25,0,201,25,22,1
04/22/2020,MORGAN,0,14,0,0,14,0,211,4,25,0,215,25,14,0
04/23/2020,MORGAN,0,19,0,0,19,0,230,4,25,0,234,25,19,0
04/24/2020,MORGAN,0,22,0,4,22,4,252,4,29,0,256,29,22,4
04/25/2020,MORGAN,0,18,0,0,18,0,270,4,29,0,274,29,18,0
04/26/2020,MORGAN,9,25,0,3,34,3,295,13,32,0,308,32,34,3
04/27/2020,MORGAN,0,41,0,1,41,1,336,13,33,0,349,33,41,1
04/28/2020,MORGAN,0,11,0,0,11,0,347,13,33,0,360,33,11,0
04/29/2020,MORGAN,0,15,0,0,15,0,362,13,33,0,375,33,15,0
04/30/2020,MORGAN,0,14,0,0,14,0,376,13,33,0,389,33,14,0
05/01/2020,MORGAN,0,12,0,2,12,2,388,13,35,0,401,35,12,2
05/02/2020,MORGAN,0,5,0,1,5,1,393,13,36,0,406,36,5,1
05/03/2020,MORGAN,0,11,0,0,11,0,404,13,36,0,417,36,11,0
05/04/2020,MORGAN,0,11,0,3,11,3,415,13,39,0,428,39,11,3
05/05/2020,MORGAN,0,15,0,0,15,0,430,13,39,0,443,39,15,0
05/06/2020,MORGAN,0,9,0,0,9,0,439,13,39,0,452,39,9,0
05/07/2020,MORGAN,0,14,0,0,14,0,453,13,39,0,466,39,14,0
05/08/2020,MORGAN,0,22,0,6,22,6,475,13,45,0,488,45,22,6
05/09/2020,MORGAN,0,24,0,3,24,3,499,13,48,0,512,48,24,3
05/10/2020,MORGAN,0,6,0,1,6,1,505,13,49,0,518,49,6,1
05/11/2020,MORGAN,0,3,0,1,3,1,508,13,50,0,521,50,3,1
05/12/2020,MORGAN,1,6,1,0,7,1,514,14,50,1,528,51,7,1
05/13/2020,MORGAN,0,10,0,0,10,0,524,14,50,1,538,51,10,0
05/14/2020,MORGAN,0,8,0,0,8,0,532,14,50,1,546,51,8,0
05/15/2020,MORGAN,3,11,2,1,14,3,543,17,51,3,560,54,14,3
05/16/2020,MORGAN,3,1,3,0,4,3,544,20,51,6,564,57,4,3
05/17/2020,MORGAN,0,4,0,0,4,0,548,20,51,6,568,57,4,0
05/18/2020,MORGAN,0,7,0,2,7,2,555,20,53,6,575,59,7,2
05/19/2020,MORGAN,1,3,1,2,4,3,558,21,55,7,579,62,4,3
05/20/2020,MORGAN,0,7,0,1,7,1,565,21,56,7,586,63,7,1
05/21/2020,MORGAN,2,4,0,1,6,1,569,23,57,7,592,64,6,1
05/22/2020,MORGAN,0,11,0,0,11,0,580,23,57,7,603,64,11,0
05/23/2020,MORGAN,0,2,0,0,2,0,582,23,57,7,605,64,2,0
05/24/2020,MORGAN,0,5,0,0,5,0,587,23,57,7,610,64,5,0
05/25/2020,MORGAN,0,5,0,0,5,0,592,23,57,7,615,64,5,0
05/26/2020,MORGAN,0,2,0,0,2,0,594,23,57,7,617,64,2,0
05/27/2020,MORGAN,0,4,0,0,4,0,598,23,57,7,621,64,4,0
05/28/2020,MORGAN,0,2,0,0,2,0,600,23,57,7,623,64,2,0
05/29/2020,MORGAN,0,5,0,0,5,0,605,23,57,7,628,64,5,0
05/31/2020,MORGAN,0,1,0,0,1,0,606,23,57,7,629,64,1,0
06/01/2020,MORGAN,0,1,0,0,1,0,607,23,57,7,630,64,1,0
06/02/2020,MORGAN,0,4,0,0,4,0,611,23,57,7,634,64,4,0
06/03/2020,MORGAN,1,2,1,0,3,1,613,24,57,8,637,65,3,1
06/04/2020,MORGAN,0,2,0,0,2,0,615,24,57,8,639,65,2,0
06/06/2020,MORGAN,0,3,0,0,3,0,618,24,57,8,642,65,3,0
06/07/2020,MORGAN,0,1,0,0,1,0,619,24,57,8,643,65,1,0
06/08/2020,MORGAN,0,1,0,0,1,0,620,24,57,8,644,65,1,0
06/10/2020,MORGAN,0,2,0,0,2,0,622,24,57,8,646,65,2,0
06/12/2020,MORGAN,0,1,0,0,1,0,623,24,57,8,647,65,1,0
06/14/2020,MORGAN,0,1,0,0,1,0,624,24,57,8,648,65,1,0
06/17/2020,MORGAN,1,0,1,0,1,1,624,25,57,9,649,66,1,1
06/18/2020,MORGAN,0,2,0,0,2,0,626,25,57,9,651,66,2,0
06/25/2020,MORGAN,0,1,0,0,1,0,627,25,57,9,652,66,1,0
06/26/2020,MORGAN,0,1,0,0,1,0,628,25,57,9,653,66,1,0
06/27/2020,MORGAN,0,1,0,0,1,0,629,25,57,9,654,66,1,0
06/30/2020,MORGAN,0,1,0,0,1,0,630,25,57,9,655,66,1,0
07/01/2020,MORGAN,0,1,0,0,1,0,631,25,57,9,656,66,1,0
07/09/2020,MORGAN,0,1,0,0,1,0,632,25,57,9,657,66,1,0
07/12/2020,MORGAN,0,6,0,0,6,0,638,25,57,9,663,66,6,0
07/13/2020,MORGAN,0,1,0,0,1,0,639,25,57,9,664,66,1,0
07/16/2020,MORGAN,0,2,0,0,2,0,641,25,57,9,666,66,2,0
07/21/2020,MORGAN,0,1,0,0,1,0,642,25,57,9,667,66,1,0
07/22/2020,MORGAN,0,2,0,0,2,0,644,25,57,9,669,66,2,0
07/23/2020,MORGAN,0,2,0,0,2,0,646,25,57,9,671,66,2,0
07/24/2020,MORGAN,0,2,0,0,2,0,648,25,57,9,673,66,2,0
07/26/2020,MORGAN,0,1,0,0,1,0,649,25,57,9,674,66,1,0
07/30/2020,MORGAN,0,1,0,0,1,0,650,25,57,9,675,66,1,0
07/31/2020,MORGAN,0,2,0,0,2,0,652,25,57,9,677,66,2,0
08/01/2020,MORGAN,0,1,0,0,1,0,653,25,57,9,678,66,1,0
08/03/2020,MORGAN,0,1,0,0,1,0,654,25,57,9,679,66,1,0
08/04/2020,MORGAN,0,3,0,0,3,0,657,25,57,9,682,66,3,0
08/05/2020,MORGAN,0,1,0,0,1,0,658,25,57,9,683,66,1,0
08/07/2020,MORGAN,0,3,0,0,3,0,661,25,57,9,686,66,3,0
08/08/2020,MORGAN,0,1,0,0,1,0,662,25,57,9,687,66,1,0
08/09/2020,MORGAN,0,1,0,0,1,0,663,25,57,9,688,66,1,0
08/10/2020,MORGAN,0,1,0,0,1,0,664,25,57,9,689,66,1,0
08/12/2020,MORGAN,0,4,0,0,4,0,668,25,57,9,693,66,4,0
08/13/2020,MORGAN,0,1,0,0,1,0,669,25,57,9,694,66,1,0
08/14/2020,MORGAN,0,1,0,0,1,0,670,25,57,9,695,66,1,0
08/15/2020,MORGAN,0,4,0,0,4,0,674,25,57,9,699,66,4,0
08/16/2020,MORGAN,0,1,0,0,1,0,675,25,57,9,700,66,1,0
08/18/2020,MORGAN,0,1,0,0,1,0,676,25,57,9,701,66,1,0
08/19/2020,MORGAN,0,3,0,0,3,0,679,25,57,9,704,66,3,0
08/20/2020,MORGAN,0,1,0,0,1,0,680,25,57,9,705,66,1,0
08/22/2020,MORGAN,0,1,0,0,1,0,681,25,57,9,706,66,1,0
08/23/2020,MORGAN,0,1,0,0,1,0,682,25,57,9,707,66,1,0
08/24/2020,MORGAN,0,3,0,0,3,0,685,25,57,9,710,66,3,0
08/25/2020,MORGAN,0,2,0,0,2,0,687,25,57,9,712,66,2,0
08/26/2020,MORGAN,0,1,0,0,1,0,688,25,57,9,713,66,1,0
08/27/2020,MORGAN,0,1,0,0,1,0,689,25,57,9,714,66,1,0
08/28/2020,MORGAN,0,2,0,0,2,0,691,25,57,9,716,66,2,0
08/29/2020,MORGAN,0,2,0,0,2,0,693,25,57,9,718,66,2,0
08/30/2020,MORGAN,0,1,0,0,1,0,694,25,57,9,719,66,1,0
08/31/2020,MORGAN,0,1,0,0,1,0,695,25,57,9,720,66,1,0
09/03/2020,MORGAN,1,1,0,0,2,0,696,26,57,9,722,66,2,0
09/04/2020,MORGAN,0,2,0,0,2,0,698,26,57,9,724,66,2,0
09/06/2020,MORGAN,0,1,0,0,1,0,699,26,57,9,725,66,1,0
09/08/2020,MORGAN,0,1,0,0,1,0,700,26,57,9,726,66,1,0
09/10/2020,MORGAN,0,1,0,0,1,0,701,26,57,9,727,66,1,0
09/11/2020,MORGAN,0,1,0,0,1,0,702,26,57,9,728,66,1,0
09/15/2020,MORGAN,0,1,0,0,1,0,703,26,57,9,729,66,1,0
09/16/2020,MORGAN,0,1,0,0,1,0,704,26,57,9,730,66,1,0
09/17/2020,MORGAN,0,3,0,0,3,0,707,26,57,9,733,66,3,0
09/18/2020,MORGAN,0,2,0,0,2,0,709,26,57,9,735,66,2,0
09/20/2020,MORGAN,0,2,0,0,2,0,711,26,57,9,737,66,2,0
09/21/2020,MORGAN,0,3,0,0,3,0,714,26,57,9,740,66,3,0
09/22/2020,MORGAN,0,1,0,0,1,0,715,26,57,9,741,66,1,0
09/23/2020,MORGAN,0,1,0,0,1,0,716,26,57,9,742,66,1,0
09/24/2020,MORGAN,0,5,0,0,5,0,721,26,57,9,747,66,5,0
09/25/2020,MORGAN,0,2,0,0,2,0,723,26,57,9,749,66,2,0
09/26/2020,MORGAN,0,1,0,0,1,0,724,26,57,9,750,66,1,0
09/27/2020,MORGAN,0,3,0,1,3,1,727,26,58,9,753,67,3,1
09/28/2020,MORGAN,0,4,0,0,4,0,731,26,58,9,757,67,4,0
09/29/2020,MORGAN,0,1,0,0,1,0,732,26,58,9,758,67,1,0
09/30/2020,MORGAN,0,1,0,0,1,0,733,26,58,9,759,67,1,0
10/01/2020,MORGAN,0,1,0,0,1,0,734,26,58,9,760,67,1,0
10/02/2020,MORGAN,0,2,0,0,2,0,736,26,58,9,762,67,2,0
10/03/2020,MORGAN,0,2,0,0,2,0,738,26,58,9,764,67,2,0
10/04/2020,MORGAN,1,2,0,0,3,0,740,27,58,9,767,67,3,0
10/05/2020,MORGAN,0,2,0,0,2,0,742,27,58,9,769,67,2,0
10/06/2020,MORGAN,0,1,0,0,1,0,743,27,58,9,770,67,1,0
10/07/2020,MORGAN,0,4,0,0,4,0,747,27,58,9,774,67,4,0
10/08/2020,MORGAN,0,4,0,0,4,0,751,27,58,9,778,67,4,0
10/09/2020,MORGAN,0,2,0,0,2,0,753,27,58,9,780,67,2,0
10/10/2020,MORGAN,0,7,0,0,7,0,760,27,58,9,787,67,7,0
10/12/2020,MORGAN,1,7,0,0,8,0,767,28,58,9,795,67,8,0
10/14/2020,MORGAN,0,10,0,0,10,0,777,28,58,9,805,67,10,0
10/15/2020,MORGAN,0,4,0,0,4,0,781,28,58,9,809,67,4,0
10/16/2020,MORGAN,0,5,0,0,5,0,786,28,58,9,814,67,5,0
10/17/2020,MORGAN,0,6,0,0,6,0,792,28,58,9,820,67,6,0
10/18/2020,MORGAN,0,9,0,0,9,0,801,28,58,9,829,67,9,0
10/19/2020,MORGAN,0,4,0,0,4,0,805,28,58,9,833,67,4,0
10/20/2020,MORGAN,0,4,0,0,4,0,809,28,58,9,837,67,4,0
10/21/2020,MORGAN,0,2,0,0,2,0,811,28,58,9,839,67,2,0
10/22/2020,MORGAN,0,7,0,0,7,0,818,28,58,9,846,67,7,0
10/23/2020,MORGAN,0,8,0,0,8,0,826,28,58,9,854,67,8,0
10/24/2020,MORGAN,0,4,0,0,4,0,830,28,58,9,858,67,4,0
10/25/2020,MORGAN,0,4,0,0,4,0,834,28,58,9,862,67,4,0
10/26/2020,MORGAN,0,4,0,0,4,0,838,28,58,9,866,67,4,0
10/27/2020,MORGAN,1,7,0,0,8,0,845,29,58,9,874,67,8,0
10/28/2020,MORGAN,0,16,0,0,16,0,861,29,58,9,890,67,16,0
10/29/2020,MORGAN,1,15,0,0,16,0,876,30,58,9,906,67,16,0
10/30/2020,MORGAN,1,9,0,0,10,0,885,31,58,9,916,67,10,0
10/31/2020,MORGAN,0,12,0,0,12,0,897,31,58,9,928,67,12,0
11/01/2020,MORGAN,0,17,0,1,17,1,914,31,59,9,945,68,17,1
11/02/2020,MORGAN,0,4,0,1,4,1,918,31,60,9,949,69,4,1
11/03/2020,MORGAN,2,20,0,0,22,0,938,33,60,9,971,69,22,0
11/04/2020,MORGAN,0,18,0,0,18,0,956,33,60,9,989,69,18,0
11/05/2020,MORGAN,0,42,0,0,42,0,998,33,60,9,1031,69,42,0
11/06/2020,MORGAN,0,21,0,0,21,0,1019,33,60,9,1052,69,21,0
11/07/2020,MORGAN,1,26,0,1,27,1,1045,34,61,9,1079,70,27,1
11/08/2020,MORGAN,0,18,0,0,18,0,1063,34,61,9,1097,70,18,0
11/09/2020,MORGAN,3,18,0,1,21,1,1081,37,62,9,1118,71,21,1
11/10/2020,MORGAN,1,16,0,0,17,0,1097,38,62,9,1135,71,17,0
11/11/2020,MORGAN,0,9,0,1,9,1,1106,38,63,9,1144,72,9,1
11/12/2020,MORGAN,0,52,0,1,52,1,1158,38,64,9,1196,73,52,1
11/13/2020,MORGAN,0,30,0,0,30,0,1188,38,64,9,1226,73,30,0
11/14/2020,MORGAN,1,32,0,0,33,0,1220,39,64,9,1259,73,33,0
11/15/2020,MORGAN,0,26,0,0,26,0,1246,39,64,9,1285,73,26,0
11/16/2020,MORGAN,3,36,0,3,39,3,1282,42,67,9,1324,76,39,3
11/17/2020,MORGAN,0,19,0,1,19,1,1301,42,68,9,1343,77,19,1
11/18/2020,MORGAN,1,41,0,0,42,0,1342,43,68,9,1385,77,42,0
11/19/2020,MORGAN,0,20,0,1,20,1,1362,43,69,9,1405,78,20,1
11/20/2020,MORGAN,0,40,0,1,40,1,1402,43,70,9,1445,79,40,1
11/21/2020,MORGAN,0,31,0,0,31,0,1433,43,70,9,1476,79,31,0
11/22/2020,MORGAN,3,39,0,0,42,0,1472,46,70,9,1518,79,42,0
11/23/2020,MORGAN,0,23,0,0,23,0,1495,46,70,9,1541,79,23,0
11/24/2020,MORGAN,1,42,0,1,43,1,1537,47,71,9,1584,80,43,1
11/25/2020,MORGAN,0,35,0,5,35,5,1572,47,76,9,1619,85,35,5
11/26/2020,MORGAN,0,22,0,0,22,0,1594,47,76,9,1641,85,22,0
11/27/2020,MORGAN,0,29,0,3,29,3,1623,47,79,9,1670,88,29,3
11/28/2020,MORGAN,0,24,0,0,24,0,1647,47,79,9,1694,88,24,0
11/29/2020,MORGAN,1,31,0,5,32,5,1678,48,84,9,1726,93,32,5
11/30/2020,MORGAN,0,11,0,0,11,0,1689,48,84,9,1737,93,11,0
12/01/2020,MORGAN,1,9,0,1,10,1,1698,49,85,9,1747,94,10,1
12/02/2020,MORGAN,0,31,0,1,31,1,1729,49,86,9,1778,95,31,1
12/03/2020,MORGAN,1,19,0,0,20,0,1748,50,86,9,1798,95,20,0
12/04/2020,MORGAN,5,12,0,0,17,0,1760,55,86,9,1815,95,17,0
12/05/2020,MORGAN,0,10,0,1,10,1,1770,55,87,9,1825,96,10,1
12/06/2020,MORGAN,0,28,0,1,28,1,1798,55,88,9,1853,97,28,1
12/07/2020,MORGAN,5,13,0,0,18,0,1811,60,88,9,1871,97,18,0
12/08/2020,MORGAN,1,18,0,3,19,3,1829,61,91,9,1890,100,19,3
12/09/2020,MORGAN,3,15,0,1,18,1,1844,64,92,9,1908,101,18,1
12/10/2020,MORGAN,4,15,0,0,19,0,1859,68,92,9,1927,101,19,0
12/11/2020,MORGAN,1,15,0,0,16,0,1874,69,92,9,1943,101,16,0
12/12/2020,MORGAN,1,14,0,2,15,2,1888,70,94,9,1958,103,15,2
12/13/2020,MORGAN,0,18,0,2,18,2,1906,70,96,9,1976,105,18,2
12/14/2020,MORGAN,0,9,0,0,9,0,1915,70,96,9,1985,105,9,0
12/15/2020,MORGAN,4,4,0,0,8,0,1919,74,96,9,1993,105,8,0
12/16/2020,MORGAN,2,26,0,0,28,0,1945,76,96,9,2021,105,28,0
12/17/2020,MORGAN,1,17,0,0,18,0,1962,77,96,9,2039,105,18,0
12/18/2020,MORGAN,0,8,0,0,8,0,1970,77,96,9,2047,105,8,0
12/19/2020,MORGAN,0,24,0,0,24,0,1994,77,96,9,2071,105,24,0
12/20/2020,MORGAN,0,5,0,0,5,0,1999,77,96,9,2076,105,5,0
12/21/2020,MORGAN,0,9,0,0,9,0,2008,77,96,9,2085,105,9,0
12/22/2020,MORGAN,0,7,0,0,7,0,2015,77,96,9,2092,105,7,0
12/23/2020,MORGAN,1,21,0,1,22,1,2036,78,97,9,2114,106,22,1
12/24/2020,MORGAN,0,11,0,1,11,1,2047,78,98,9,2125,107,11,1
12/25/2020,MORGAN,0,4,0,0,4,0,2051,78,98,9,2129,107,4,0
12/26/2020,MORGAN,0,5,0,0,5,0,2056,78,98,9,2134,107,5,0
12/27/2020,MORGAN,0,3,0,0,3,0,2059,78,98,9,2137,107,3,0
12/28/2020,MORGAN,2,5,0,0,7,0,2064,80,98,9,2144,107,7,0
12/29/2020,MORGAN,0,4,0,0,4,0,2068,80,98,9,2148,107,4,0
12/30/2020,MORGAN,0,3,0,0,3,0,2071,80,98,9,2151,107,3,0
12/31/2020,MORGAN,1,18,0,0,19,0,2089,81,98,9,2170,107,19,0
01/01/2021,MORGAN,1,16,0,0,17,0,2105,82,98,9,2187,107,17,0
01/02/2021,MORGAN,0,14,0,0,14,0,2119,82,98,9,2201,107,14,0
01/03/2021,MORGAN,0,4,0,0,4,0,2123,82,98,9,2205,107,4,0
01/04/2021,MORGAN,1,2,0,0,3,0,2125,83,98,9,2208,107,3,0
01/05/2021,MORGAN,0,14,0,0,14,0,2139,83,98,9,2222,107,14,0
01/06/2021,MORGAN,0,26,0,0,26,0,2165,83,98,9,2248,107,26,0
01/07/2021,MORGAN,1,10,0,0,11,0,2175,84,98,9,2259,107,11,0
01/08/2021,MORGAN,0,12,0,0,12,0,2187,84,98,9,2271,107,12,0
01/09/2021,MORGAN,0,9,0,0,9,0,2196,84,98,9,2280,107,9,0
01/10/2021,MORGAN,0,3,0,0,3,0,2199,84,98,9,2283,107,3,0
01/11/2021,MORGAN,0,12,0,0,12,0,2211,84,98,9,2295,107,12,0
01/12/2021,MORGAN,1,12,0,2,13,2,2223,85,100,9,2308,109,13,2
01/13/2021,MORGAN,0,11,0,0,11,0,2234,85,100,9,2319,109,11,0
01/14/2021,MORGAN,0,10,0,0,10,0,2244,85,100,9,2329,109,10,0
01/15/2021,MORGAN,0,3,0,0,3,0,2247,85,100,9,2332,109,3,0
01/16/2021,MORGAN,0,7,0,0,7,0,2254,85,100,9,2339,109,7,0
01/18/2021,MORGAN,0,3,0,0,3,0,2257,85,100,9,2342,109,3,0
01/19/2021,MORGAN,0,4,0,0,4,0,2261,85,100,9,2346,109,4,0
01/20/2021,MORGAN,0,19,0,0,19,0,2280,85,100,9,2365,109,19,0
01/21/2021,MORGAN,0,7,0,0,7,0,2287,85,100,9,2372,109,7,0
01/22/2021,MORGAN,0,1,0,0,1,0,2288,85,100,9,2373,109,1,0
01/23/2021,MORGAN,0,2,0,0,2,0,2290,85,100,9,2375,109,2,0
01/24/2021,MORGAN,1,4,0,0,5,0,2294,86,100,9,2380,109,5,0
01/25/2021,MORGAN,0,1,0,0,1,0,2295,86,100,9,2381,109,1,0
01/26/2021,MORGAN,0,4,0,0,4,0,2299,86,100,9,2385,109,4,0
01/27/2021,MORGAN,0,6,0,0,6,0,2305,86,100,9,2391,109,6,0
01/28/2021,MORGAN,0,4,0,0,4,0,2309,86,100,9,2395,109,4,0
01/29/2021,MORGAN,0,6,0,0,6,0,2315,86,100,9,2401,109,6,0
01/30/2021,MORGAN,0,4,0,0,4,0,2319,86,100,9,2405,109,4,0
01/31/2021,MORGAN,0,1,0,0,1,0,2320,86,100,9,2406,109,1,0
02/01/2021,MORGAN,0,2,0,0,2,0,2322,86,100,9,2408,109,2,0
02/02/2021,MORGAN,0,2,0,0,2,0,2324,86,100,9,2410,109,2,0
02/03/2021,MORGAN,0,4,0,0,4,0,2328,86,100,9,2414,109,4,0
02/04/2021,MORGAN,1,7,0,0,8,0,2335,87,100,9,2422,109,8,0
02/05/2021,MORGAN,0,3,0,0,3,0,2338,87,100,9,2425,109,3,0
02/06/2021,MORGAN,0,2,0,0,2,0,2340,87,100,9,2427,109,2,0
02/07/2021,MORGAN,0,6,0,0,6,0,2346,87,100,9,2433,109,6,0
02/08/2021,MORGAN,0,2,0,0,2,0,2348,87,100,9,2435,109,2,0
02/09/2021,MORGAN,1,4,0,0,5,0,2352,88,100,9,2440,109,5,0
02/10/2021,MORGAN,0,2,0,0,2,0,2354,88,100,9,2442,109,2,0
02/11/2021,MORGAN,0,1,0,0,1,0,2355,88,100,9,2443,109,1,0
02/12/2021,MORGAN,0,2,0,0,2,0,2357,88,100,9,2445,109,2,0
02/14/2021,MORGAN,0,1,0,0,1,0,2358,88,100,9,2446,109,1,0
02/17/2021,MORGAN,0,4,0,0,4,0,2362,88,100,9,2450,109,4,0
02/18/2021,MORGAN,1,0,0,0,1,0,2362,89,100,9,2451,109,1,0
02/19/2021,MORGAN,0,1,0,0,1,0,2363,89,100,9,2452,109,1,0
02/20/2021,MORGAN,0,2,0,0,2,0,2365,89,100,9,2454,109,2,0
02/23/2021,MORGAN,0,1,0,0,1,0,2366,89,100,9,2455,109,1,0
02/24/2021,MORGAN,0,1,0,0,1,0,2367,89,100,9,2456,109,1,0
02/25/2021,MORGAN,0,3,0,0,3,0,2370,89,100,9,2459,109,3,0
02/26/2021,MORGAN,0,2,0,0,2,0,2372,89,100,9,2461,109,2,0
02/27/2021,MORGAN,0,1,0,0,1,0,2373,89,100,9,2462,109,1,0
03/02/2021,MORGAN,0,2,0,0,2,0,2375,89,100,9,2464,109,2,0
03/03/2021,MORGAN,0,7,0,0,7,0,2382,89,100,9,2471,109,7,0
03/04/2021,MORGAN,0,3,0,0,3,0,2385,89,100,9,2474,109,3,0
03/05/2021,MORGAN,0,6,0,0,6,0,2391,89,100,9,2480,109,6,0
03/06/2021,MORGAN,0,1,0,0,1,0,2392,89,100,9,2481,109,1,0
03/07/2021,MORGAN,0,3,0,0,3,0,2395,89,100,9,2484,109,3,0
03/08/2021,MORGAN,1,1,0,0,2,0,2396,90,100,9,2486,109,2,0
03/09/2021,MORGAN,1,2,0,0,3,0,2398,91,100,9,2489,109,3,0
03/10/2021,MORGAN,0,10,0,0,10,0,2408,91,100,9,2499,109,10,0
03/11/2021,MORGAN,0,5,0,0,5,0,2413,91,100,9,2504,109,5,0
03/12/2021,MORGAN,0,3,0,0,3,0,2416,91,100,9,2507,109,3,0
03/13/2021,MORGAN,1,2,0,0,3,0,2418,92,100,9,2510,109,3,0
03/14/2021,MORGAN,0,1,0,0,1,0,2419,92,100,9,2511,109,1,0
03/15/2021,MORGAN,1,1,1,0,2,1,2420,93,100,10,2513,110,2,1
03/17/2021,MORGAN,0,10,0,0,10,0,2430,93,100,10,2523,110,10,0
03/18/2021,MORGAN,0,10,0,1,10,1,2440,93,101,10,2533,111,10,1
03/19/2021,MORGAN,0,4,0,0,4,0,2444,93,101,10,2537,111,4,0
03/20/2021,MORGAN,0,5,0,0,5,0,2449,93,101,10,2542,111,5,0
03/22/2021,MORGAN,0,6,0,0,6,0,2455,93,101,10,2548,111,6,0
03/23/2021,MORGAN,0,2,0,0,2,0,2457,93,101,10,2550,111,2,0
03/24/2021,MORGAN,0,1,0,0,1,0,2458,93,101,10,2551,111,1,0
03/25/2021,MORGAN,0,5,0,0,5,0,2463,93,101,10,2556,111,5,0
03/26/2021,MORGAN,0,1,0,0,1,0,2464,93,101,10,2557,111,1,0
03/28/2021,MORGAN,0,2,0,0,2,0,2466,93,101,10,2559,111,2,0
03/29/2021,MORGAN,1,3,0,0,4,0,2469,94,101,10,2563,111,4,0
03/30/2021,MORGAN,0,1,0,0,1,0,2470,94,101,10,2564,111,1,0
03/31/2021,MORGAN,0,2,0,0,2,0,2472,94,101,10,2566,111,2,0
04/01/2021,MORGAN,0,2,0,1,2,1,2474,94,102,10,2568,112,2,1
04/02/2021,MORGAN,0,1,0,0,1,0,2475,94,102,10,2569,112,1,0
04/04/2021,MORGAN,1,1,0,0,2,0,2476,95,102,10,2571,112,2,0
04/05/2021,MORGAN,0,2,0,0,2,0,2478,95,102,10,2573,112,2,0
04/06/2021,MORGAN,0,1,0,0,1,0,2479,95,102,10,2574,112,1,0
04/07/2021,MORGAN,0,2,0,0,2,0,2481,95,102,10,2576,112,2,0
04/08/2021,MORGAN,0,5,0,0,5,0,2486,95,102,10,2581,112,5,0
04/09/2021,MORGAN,0,1,0,0,1,0,2487,95,102,10,2582,112,1,0
04/10/2021,MORGAN,2,2,0,0,4,0,2489,97,102,10,2586,112,4,0
04/11/2021,MORGAN,1,4,0,0,5,0,2493,98,102,10,2591,112,5,0
04/12/2021,MORGAN,0,1,0,0,1,0,2494,98,102,10,2592,112,1,0
04/14/2021,MORGAN,0,7,0,0,7,0,2501,98,102,10,2599,112,7,0
04/15/2021,MORGAN,0,2,0,0,2,0,2503,98,102,10,2601,112,2,0
04/16/2021,MORGAN,1,4,0,0,5,0,2507,99,102,10,2606,112,5,0
04/17/2021,MORGAN,0,1,0,0,1,0,2508,99,102,10,2607,112,1,0
04/18/2021,MORGAN,0,2,0,0,2,0,2510,99,102,10,2609,112,2,0
04/19/2021,MORGAN,1,1,0,0,2,0,2511,100,102,10,2611,112,2,0
04/20/2021,MORGAN,0,2,0,0,2,0,2513,100,102,10,2613,112,2,0
04/21/2021,MORGAN,1,5,0,0,6,0,2518,101,102,10,2619,112,6,0
04/22/2021,MORGAN,0,8,0,0,8,0,2526,101,102,10,2627,112,8,0
04/23/2021,MORGAN,0,3,0,0,3,0,2529,101,102,10,2630,112,3,0
04/24/2021,MORGAN,0,3,0,0,3,0,2532,101,102,10,2633,112,3,0
04/25/2021,MORGAN,0,3,0,0,3,0,2535,101,102,10,2636,112,3,0
04/26/2021,MORGAN,1,3,0,0,4,0,2538,102,102,10,2640,112,4,0
04/27/2021,MORGAN,0,5,0,0,5,0,2543,102,102,10,2645,112,5,0
04/28/2021,MORGAN,1,6,0,0,7,0,2549,103,102,10,2652,112,7,0
04/29/2021,MORGAN,0,4,0,0,4,0,2553,103,102,10,2656,112,4,0
04/30/2021,MORGAN,0,6,0,0,6,0,2559,103,102,10,2662,112,6,0
05/01/2021,MORGAN,0,1,0,0,1,0,2560,103,102,10,2663,112,1,0
05/05/2021,MORGAN,1,2,0,0,3,0,2562,104,102,10,2666,112,3,0
05/06/2021,MORGAN,1,6,0,0,7,0,2568,105,102,10,2673,112,7,0
05/07/2021,MORGAN,0,2,0,0,2,0,2570,105,102,10,2675,112,2,0
05/11/2021,MORGAN,0,11,0,0,11,0,2581,105,102,10,2686,112,11,0
05/12/2021,MORGAN,0,14,0,0,14,0,2595,105,102,10,2700,112,14,0
05/13/2021,MORGAN,0,2,0,0,2,0,2597,105,102,10,2702,112,2,0
05/14/2021,MORGAN,0,3,0,0,3,0,2600,105,102,10,2705,112,3,0
05/15/2021,MORGAN,0,3,0,0,3,0,2603,105,102,10,2708,112,3,0
05/16/2021,MORGAN,0,3,0,0,3,0,2606,105,102,10,2711,112,3,0
05/17/2021,MORGAN,0,2,0,0,2,0,2608,105,102,10,2713,112,2,0
05/18/2021,MORGAN,0,3,0,0,3,0,2611,105,102,10,2716,112,3,0
05/19/2021,MORGAN,0,2,0,0,2,0,2613,105,102,10,2718,112,2,0
05/20/2021,MORGAN,0,4,0,1,4,1,2617,105,103,10,2722,113,4,1
05/21/2021,MORGAN,0,2,0,0,2,0,2619,105,103,10,2724,113,2,0
05/22/2021,MORGAN,0,5,0,0,5,0,2624,105,103,10,2729,113,5,0
05/23/2021,MORGAN,0,1,0,0,1,0,2625,105,103,10,2730,113,1,0
05/24/2021,MORGAN,0,3,0,0,3,0,2628,105,103,10,2733,113,3,0
05/26/2021,MORGAN,0,1,0,0,1,0,2629,105,103,10,2734,113,1,0
05/27/2021,MORGAN,0,2,0,0,2,0,2631,105,103,10,2736,113,2,0
05/28/2021,MORGAN,1,4,0,1,5,1,2635,106,104,10,2741,114,5,1
05/29/2021,MORGAN,0,1,0,0,1,0,2636,106,104,10,2742,114,1,0
05/30/2021,MORGAN,0,1,0,0,1,0,2637,106,104,10,2743,114,1,0
06/03/2021,MORGAN,0,1,0,0,1,0,2638,106,104,10,2744,114,1,0
06/05/2021,MORGAN,0,1,0,0,1,0,2639,106,104,10,2745,114,1,0
06/08/2021,MORGAN,0,1,0,0,1,0,2640,106,104,10,2746,114,1,0
06/11/2021,MORGAN,1,0,0,0,1,0,2640,107,104,10,2747,114,1,0
06/13/2021,MORGAN,0,2,0,0,2,0,2642,107,104,10,2749,114,2,0
06/15/2021,MORGAN,0,1,0,0,1,0,2643,107,104,10,2750,114,1,0
06/17/2021,MORGAN,0,3,0,0,3,0,2646,107,104,10,2753,114,3,0
06/19/2021,MORGAN,0,3,0,0,3,0,2649,107,104,10,2756,114,3,0
06/21/2021,MORGAN,0,1,0,0,1,0,2650,107,104,10,2757,114,1,0
06/22/2021,MORGAN,0,1,0,0,1,0,2651,107,104,10,2758,114,1,0
06/23/2021,MORGAN,0,1,0,0,1,0,2652,107,104,10,2759,114,1,0
06/24/2021,MORGAN,0,3,0,0,3,0,2655,107,104,10,2762,114,3,0
06/25/2021,MORGAN,0,1,0,0,1,0,2656,107,104,10,2763,114,1,0
06/26/2021,MORGAN,0,3,0,0,3,0,2659,107,104,10,2766,114,3,0
06/27/2021,MORGAN,0,1,0,0,1,0,2660,107,104,10,2767,114,1,0
06/28/2021,MORGAN,2,1,0,0,3,0,2661,109,104,10,2770,114,3,0
06/29/2021,MORGAN,0,3,0,0,3,0,2664,109,104,10,2773,114,3,0
06/30/2021,MORGAN,0,3,0,0,3,0,2667,109,104,10,2776,114,3,0
07/01/2021,MORGAN,0,1,0,0,1,0,2668,109,104,10,2777,114,1,0
07/05/2021,MORGAN,0,1,0,0,1,0,2669,109,104,10,2778,114,1,0
07/07/2021,MORGAN,0,1,0,0,1,0,2670,109,104,10,2779,114,1,0
07/08/2021,MORGAN,0,1,0,0,1,0,2671,109,104,10,2780,114,1,0
07/09/2021,MORGAN,0,1,0,0,1,0,2672,109,104,10,2781,114,1,0
07/10/2021,MORGAN,0,1,0,0,1,0,2673,109,104,10,2782,114,1,0
07/12/2021,MORGAN,0,1,0,0,1,0,2674,109,104,10,2783,114,1,0
07/13/2021,MORGAN,0,1,0,0,1,0,2675,109,104,10,2784,114,1,0
07/14/2021,MORGAN,0,2,0,0,2,0,2677,109,104,10,2786,114,2,0
07/15/2021,MORGAN,0,2,0,0,2,0,2679,109,104,10,2788,114,2,0
07/20/2021,MORGAN,0,1,0,0,1,0,2680,109,104,10,2789,114,1,0
07/21/2021,MORGAN,0,2,0,0,2,0,2682,109,104,10,2791,114,2,0
07/23/2021,MORGAN,0,2,0,0,2,0,2684,109,104,10,2793,114,2,0
07/24/2021,MORGAN,0,2,0,0,2,0,2686,109,104,10,2795,114,2,0
07/26/2021,MORGAN,0,1,0,0,1,0,2687,109,104,10,2796,114,1,0
07/30/2021,MORGAN,0,1,0,0,1,0,2688,109,104,10,2797,114,1,0
07/31/2021,MORGAN,0,3,0,0,3,0,2691,109,104,10,2800,114,3,0
08/02/2021,MORGAN,0,2,0,0,2,0,2693,109,104,10,2802,114,2,0
08/03/2021,MORGAN,0,1,0,0,1,0,2694,109,104,10,2803,114,1,0
08/04/2021,MORGAN,0,1,0,0,1,0,2695,109,104,10,2804,114,1,0
08/05/2021,MORGAN,0,1,0,0,1,0,2696,109,104,10,2805,114,1,0
08/06/2021,MORGAN,0,1,0,0,1,0,2697,109,104,10,2806,114,1,0
08/07/2021,MORGAN,0,3,0,0,3,0,2700,109,104,10,2809,114,3,0
08/10/2021,MORGAN,0,1,0,0,1,0,2701,109,104,10,2810,114,1,0
08/11/2021,MORGAN,2,8,0,0,10,0,2709,111,104,10,2820,114,10,0
08/12/2021,MORGAN,0,3,0,0,3,0,2712,111,104,10,2823,114,3,0
08/13/2021,MORGAN,0,3,0,1,3,1,2715,111,105,10,2826,115,3,1
08/14/2021,MORGAN,0,5,0,0,5,0,2720,111,105,10,2831,115,5,0
08/15/2021,MORGAN,0,1,0,0,1,0,2721,111,105,10,2832,115,1,0
08/16/2021,MORGAN,0,2,0,0,2,0,2723,111,105,10,2834,115,2,0
08/17/2021,MORGAN,0,13,0,0,13,0,2736,111,105,10,2847,115,13,0
08/18/2021,MORGAN,0,3,0,0,3,0,2739,111,105,10,2850,115,3,0
08/19/2021,MORGAN,0,4,0,0,4,0,2743,111,105,10,2854,115,4,0
08/20/2021,MORGAN,0,6,0,0,6,0,2749,111,105,10,2860,115,6,0
08/21/2021,MORGAN,0,4,0,0,4,0,2753,111,105,10,2864,115,4,0
08/22/2021,MORGAN,0,5,0,0,5,0,2758,111,105,10,2869,115,5,0
08/23/2021,MORGAN,0,6,0,0,6,0,2764,111,105,10,2875,115,6,0
08/24/2021,MORGAN,0,4,0,0,4,0,2768,111,105,10,2879,115,4,0
08/25/2021,MORGAN,0,5,0,0,5,0,2773,111,105,10,2884,115,5,0
08/26/2021,MORGAN,1,2,0,0,3,0,2775,112,105,10,2887,115,3,0
08/27/2021,MORGAN,0,8,0,0,8,0,2783,112,105,10,2895,115,8,0
08/28/2021,MORGAN,0,11,0,0,11,0,2794,112,105,10,2906,115,11,0
08/29/2021,MORGAN,0,11,0,1,11,1,2805,112,106,10,2917,116,11,1
08/30/2021,MORGAN,0,3,0,0,3,0,2808,112,106,10,2920,116,3,0
08/31/2021,MORGAN,0,9,0,0,9,0,2817,112,106,10,2929,116,9,0
09/01/2021,MORGAN,2,11,0,0,13,0,2828,114,106,10,2942,116,13,0
09/02/2021,MORGAN,2,8,0,0,10,0,2836,116,106,10,2952,116,10,0
09/03/2021,MORGAN,0,4,0,0,4,0,2840,116,106,10,2956,116,4,0
09/04/2021,MORGAN,0,8,0,0,8,0,2848,116,106,10,2964,116,8,0
09/05/2021,MORGAN,0,11,0,0,11,0,2859,116,106,10,2975,116,11,0
09/06/2021,MORGAN,0,6,0,0,6,0,2865,116,106,10,2981,116,6,0
09/07/2021,MORGAN,0,8,0,0,8,0,2873,116,106,10,2989,116,8,0
09/08/2021,MORGAN,0,6,0,0,6,0,2879,116,106,10,2995,116,6,0
09/09/2021,MORGAN,2,17,0,0,19,0,2896,118,106,10,3014,116,19,0
09/10/2021,MORGAN,1,13,0,0,14,0,2909,119,106,10,3028,116,14,0
09/11/2021,MORGAN,0,13,0,0,13,0,2922,119,106,10,3041,116,13,0
09/12/2021,MORGAN,0,3,0,0,3,0,2925,119,106,10,3044,116,3,0
09/13/2021,MORGAN,0,11,0,1,11,1,2936,119,107,10,3055,117,11,1
09/14/2021,MORGAN,0,10,0,0,10,0,2946,119,107,10,3065,117,10,0
09/15/2021,MORGAN,0,9,0,0,9,0,2955,119,107,10,3074,117,9,0
09/16/2021,MORGAN,0,9,0,0,9,0,2964,119,107,10,3083,117,9,0
09/17/2021,MORGAN,1,7,1,0,8,1,2971,120,107,11,3091,118,8,1
09/18/2021,MORGAN,0,6,0,0,6,0,2977,120,107,11,3097,118,6,0
09/19/2021,MORGAN,0,4,0,0,4,0,2981,120,107,11,3101,118,4,0
09/20/2021,MORGAN,0,3,0,0,3,0,2984,120,107,11,3104,118,3,0
09/21/2021,MORGAN,1,7,0,0,8,0,2991,121,107,11,3112,118,8,0
09/22/2021,MORGAN,1,3,0,0,4,0,2994,122,107,11,3116,118,4,0
09/23/2021,MORGAN,0,5,0,0,5,0,2999,122,107,11,3121,118,5,0
09/24/2021,MORGAN,0,4,0,0,4,0,3003,122,107,11,3125,118,4,0
09/25/2021,MORGAN,0,5,0,0,5,0,3008,122,107,11,3130,118,5,0
09/26/2021,MORGAN,0,9,0,0,9,0,3017,122,107,11,3139,118,9,0
09/27/2021,MORGAN,0,4,0,0,4,0,3021,122,107,11,3143,118,4,0
09/28/2021,MORGAN,1,5,0,0,6,0,3026,123,107,11,3149,118,6,0
09/29/2021,MORGAN,0,4,0,0,4,0,3030,123,107,11,3153,118,4,0
09/30/2021,MORGAN,0,12,0,1,12,1,3042,123,108,11,3165,119,12,1
10/01/2021,MORGAN,0,7,0,0,7,0,3049,123,108,11,3172,119,7,0
10/02/2021,MORGAN,0,4,0,0,4,0,3053,123,108,11,3176,119,4,0
10/03/2021,MORGAN,0,5,0,0,5,0,3058,123,108,11,3181,119,5,0
10/04/2021,MORGAN,0,8,0,0,8,0,3066,123,108,11,3189,119,8,0
10/05/2021,MORGAN,1,6,0,0,7,0,3072,124,108,11,3196,119,7,0
10/06/2021,MORGAN,0,9,0,0,9,0,3081,124,108,11,3205,119,9,0
10/07/2021,MORGAN,2,9,0,0,11,0,3090,126,108,11,3216,119,11,0
10/08/2021,MORGAN,0,14,0,0,14,0,3104,126,108,11,3230,119,14,0
10/09/2021,MORGAN,1,11,0,0,12,0,3115,127,108,11,3242,119,12,0
10/10/2021,MORGAN,0,9,0,1,9,1,3124,127,109,11,3251,120,9,1
10/11/2021,MORGAN,1,8,0,0,9,0,3132,128,109,11,3260,120,9,0
10/12/2021,MORGAN,1,8,0,0,9,0,3140,129,109,11,3269,120,9,0
10/13/2021,MORGAN,0,10,0,0,10,0,3150,129,109,11,3279,120,10,0
10/14/2021,MORGAN,1,11,0,0,12,0,3161,130,109,11,3291,120,12,0
10/15/2021,MORGAN,0,12,0,0,12,0,3173,130,109,11,3303,120,12,0
10/16/2021,MORGAN,0,16,0,0,16,0,3189,130,109,11,3319,120,16,0
10/17/2021,MORGAN,0,14,0,1,14,1,3203,130,110,11,3333,121,14,1
10/18/2021,MORGAN,2,12,0,0,14,0,3215,132,110,11,3347,121,14,0
10/19/2021,MORGAN,0,9,0,0,9,0,3224,132,110,11,3356,121,9,0
10/20/2021,MORGAN,2,16,0,0,18,0,3240,134,110,11,3374,121,18,0
10/21/2021,MORGAN,1,22,0,0,23,0,3262,135,110,11,3397,121,23,0
10/22/2021,MORGAN,0,23,0,0,23,0,3285,135,110,11,3420,121,23,0
10/23/2021,MORGAN,1,9,1,0,10,1,3294,136,110,12,3430,122,10,1
10/24/2021,MORGAN,1,9,0,1,10,1,3303,137,111,12,3440,123,10,1
10/25/2021,MORGAN,2,9,0,1,11,1,3312,139,112,12,3451,124,11,1
10/26/2021,MORGAN,4,16,0,0,20,0,3328,143,112,12,3471,124,20,0
10/27/2021,MORGAN,2,12,0,0,14,0,3340,145,112,12,3485,124,14,0
10/28/2021,MORGAN,0,9,0,0,9,0,3349,145,112,12,3494,124,9,0
10/29/2021,MORGAN,5,20,0,1,25,1,3369,150,113,12,3519,125,25,1
10/30/2021,MORGAN,0,13,0,0,13,0,3382,150,113,12,3532,125,13,0
10/31/2021,MORGAN,0,15,0,0,15,0,3397,150,113,12,3547,125,15,0
11/01/2021,MORGAN,2,7,1,0,9,1,3404,152,113,13,3556,126,9,1
11/02/2021,MORGAN,3,15,1,0,18,1,3419,155,113,14,3574,127,18,1
11/03/2021,MORGAN,5,15,0,0,20,0,3434,160,113,14,3594,127,20,0
11/04/2021,MORGAN,0,18,0,0,18,0,3452,160,113,14,3612,127,18,0
11/05/2021,MORGAN,1,15,0,1,16,1,3467,161,114,14,3628,128,16,1
11/06/2021,MORGAN,1,16,0,0,17,0,3483,162,114,14,3645,128,17,0
11/07/2021,MORGAN,0,8,0,1,8,1,3491,162,115,14,3653,129,8,1
11/08/2021,MORGAN,2,16,0,2,18,2,3507,164,117,14,3671,131,18,2
11/09/2021,MORGAN,3,18,0,0,21,0,3525,167,117,14,3692,131,21,0
11/10/2021,MORGAN,0,22,0,1,22,1,3547,167,118,14,3714,132,22,1
11/11/2021,MORGAN,1,15,1,0,16,1,3562,168,118,15,3730,133,16,1
11/12/2021,MORGAN,1,20,0,0,21,0,3582,169,118,15,3751,133,21,0
11/13/2021,MORGAN,2,10,0,0,12,0,3592,171,118,15,3763,133,12,0
11/14/2021,MORGAN,0,6,0,0,6,0,3598,171,118,15,3769,133,6,0
11/15/2021,MORGAN,2,34,0,1,36,1,3632,173,119,15,3805,134,36,1
11/16/2021,MORGAN,1,18,0,1,19,1,3650,174,120,15,3824,135,19,1
11/17/2021,MORGAN,1,17,0,0,18,0,3667,175,120,15,3842,135,18,0
11/18/2021,MORGAN,7,20,1,0,27,1,3687,182,120,16,3869,136,27,1
11/19/2021,MORGAN,1,22,0,0,23,0,3709,183,120,16,3892,136,23,0
11/20/2021,MORGAN,0,9,0,0,9,0,3718,183,120,16,3901,136,9,0
11/21/2021,MORGAN,0,11,0,0,11,0,3729,183,120,16,3912,136,11,0
11/22/2021,MORGAN,1,11,0,1,12,1,3740,184,121,16,3924,137,12,1
11/23/2021,MORGAN,0,20,0,2,20,2,3760,184,123,16,3944,139,20,2
11/24/2021,MORGAN,4,9,0,1,13,1,3769,188,124,16,3957,140,13,1
11/25/2021,MORGAN,0,6,0,0,6,0,3775,188,124,16,3963,140,6,0
11/26/2021,MORGAN,0,8,0,1,8,1,3783,188,125,16,3971,141,8,1
11/27/2021,MORGAN,1,11,0,1,12,1,3794,189,126,16,3983,142,12,1
11/28/2021,MORGAN,0,16,0,0,16,0,3810,189,126,16,3999,142,16,0
11/29/2021,MORGAN,0,11,0,0,11,0,3821,189,126,16,4010,142,11,0
11/30/2021,MORGAN,0,11,0,0,11,0,3832,189,126,16,4021,142,11,0
12/01/2021,MORGAN,2,15,0,0,17,0,3847,191,126,16,4038,142,17,0
12/02/2021,MORGAN,1,12,0,0,13,0,3859,192,126,16,4051,142,13,0
12/03/2021,MORGAN,0,5,0,0,5,0,3864,192,126,16,4056,142,5,0
12/04/2021,MORGAN,0,2,0,0,2,0,3866,192,126,16,4058,142,2,0
12/05/2021,MORGAN,0,4,0,0,4,0,3870,192,126,16,4062,142,4,0
12/06/2021,MORGAN,1,31,1,0,32,1,3901,193,126,17,4094,143,32,1
12/07/2021,MORGAN,0,10,0,0,10,0,3911,193,126,17,4104,143,10,0
12/08/2021,MORGAN,0,15,0,0,15,0,3926,193,126,17,4119,143,15,0
12/09/2021,MORGAN,0,7,0,0,7,0,3933,193,126,17,4126,143,7,0
12/10/2021,MORGAN,0,9,0,0,9,0,3942,193,126,17,4135,143,9,0
12/11/2021,MORGAN,0,5,0,0,5,0,3947,193,126,17,4140,143,5,0
12/12/2021,MORGAN,0,6,0,0,6,0,3953,193,126,17,4146,143,6,0
12/13/2021,MORGAN,0,2,0,0,2,0,3955,193,126,17,4148,143,2,0
12/14/2021,MORGAN,0,7,0,0,7,0,3962,193,126,17,4155,143,7,0
12/15/2021,MORGAN,0,8,0,0,8,0,3970,193,126,17,4163,143,8,0
12/16/2021,MORGAN,0,12,0,2,12,2,3982,193,128,17,4175,145,12,2
12/17/2021,MORGAN,1,10,0,1,11,1,3992,194,129,17,4186,146,11,1
12/18/2021,MORGAN,0,3,0,0,3,0,3995,194,129,17,4189,146,3,0
12/19/2021,MORGAN,1,3,1,0,4,1,3998,195,129,18,4193,147,4,1
12/20/2021,MORGAN,0,1,0,0,1,0,3999,195,129,18,4194,147,1,0
12/21/2021,MORGAN,0,2,0,0,2,0,4001,195,129,18,4196,147,2,0
12/22/2021,MORGAN,0,4,0,0,4,0,4005,195,129,18,4200,147,4,0
12/23/2021,MORGAN,0,10,0,0,10,0,4015,195,129,18,4210,147,10,0
12/24/2021,MORGAN,0,2,0,0,2,0,4017,195,129,18,4212,147,2,0
12/25/2021,MORGAN,0,7,0,0,7,0,4024,195,129,18,4219,147,7,0
12/26/2021,MORGAN,0,10,0,0,10,0,4034,195,129,18,4229,147,10,0
12/27/2021,MORGAN,0,5,0,0,5,0,4039,195,129,18,4234,147,5,0
12/28/2021,MORGAN,1,9,0,0,10,0,4048,196,129,18,4244,147,10,0
12/29/2021,MORGAN,3,22,0,0,25,0,4070,199,129,18,4269,147,25,0
12/30/2021,MORGAN,0,12,0,0,12,0,4082,199,129,18,4281,147,12,0
12/31/2021,MORGAN,0,20,0,0,20,0,4102,199,129,18,4301,147,20,0
01/01/2022,MORGAN,0,18,0,0,18,0,4120,199,129,18,4319,147,18,0
01/02/2022,MORGAN,0,11,0,0,11,0,4131,199,129,18,4330,147,11,0
01/03/2022,MORGAN,0,19,0,0,19,0,4150,199,129,18,4349,147,19,0
01/04/2022,MORGAN,1,21,0,0,22,0,4171,200,129,18,4371,147,22,0
01/05/2022,MORGAN,1,23,0,0,24,0,4194,201,129,18,4395,147,24,0
01/06/2022,MORGAN,3,21,0,0,24,0,4215,204,129,18,4419,147,24,0
01/07/2022,MORGAN,4,26,0,0,30,0,4241,208,129,18,4449,147,30,0
01/08/2022,MORGAN,2,43,0,0,45,0,4284,210,129,18,4494,147,45,0
01/09/2022,MORGAN,1,23,0,2,24,2,4307,211,131,18,4518,149,24,2
01/10/2022,MORGAN,1,24,0,0,25,0,4331,212,131,18,4543,149,25,0
01/11/2022,MORGAN,6,26,0,0,32,0,4357,218,131,18,4575,149,32,0
01/12/2022,MORGAN,4,100,0,0,104,0,4457,222,131,18,4679,149,104,0
01/13/2022,MORGAN,6,25,0,0,31,0,4482,228,131,18,4710,149,31,0
01/14/2022,MORGAN,4,55,0,0,59,0,4537,232,131,18,4769,149,59,0
01/15/2022,MORGAN,2,40,0,0,42,0,4577,234,131,18,4811,149,42,0
01/16/2022,MORGAN,3,31,0,0,34,0,4608,237,131,18,4845,149,34,0
01/17/2022,MORGAN,8,5,0,0,13,0,4613,245,131,18,4858,149,13,0
01/18/2022,MORGAN,8,50,0,0,58,0,4663,253,131,18,4916,149,58,0
01/19/2022,MORGAN,7,54,0,0,61,0,4717,260,131,18,4977,149,61,0
01/20/2022,MORGAN,2,14,0,0,16,0,4731,262,131,18,4993,149,16,0
01/21/2022,MORGAN,2,33,0,1,35,1,4764,264,132,18,5028,150,35,1
01/22/2022,MORGAN,4,36,0,0,40,0,4800,268,132,18,5068,150,40,0
01/23/2022,MORGAN,0,16,0,0,16,0,4816,268,132,18,5084,150,16,0
01/24/2022,MORGAN,7,20,0,0,27,0,4836,275,132,18,5111,150,27,0
01/25/2022,MORGAN,5,26,0,0,31,0,4862,280,132,18,5142,150,31,0
01/26/2022,MORGAN,3,64,0,1,67,1,4926,283,133,18,5209,151,67,1
01/27/2022,MORGAN,6,17,0,0,23,0,4943,289,133,18,5232,151,23,0
01/28/2022,MORGAN,1,48,0,1,49,1,4991,290,134,18,5281,152,49,1
01/29/2022,MORGAN,2,14,0,0,16,0,5005,292,134,18,5297,152,16,0
01/30/2022,MORGAN,1,13,0,0,14,0,5018,293,134,18,5311,152,14,0
01/31/2022,MORGAN,6,16,0,0,22,0,5034,299,134,18,5333,152,22,0
02/01/2022,MORGAN,6,23,0,0,29,0,5057,305,134,18,5362,152,29,0
02/02/2022,MORGAN,2,8,0,0,10,0,5065,307,134,18,5372,152,10,0
02/03/2022,MORGAN,4,14,0,0,18,0,5079,311,134,18,5390,152,18,0
02/04/2022,MORGAN,0,13,0,0,13,0,5092,311,134,18,5403,152,13,0
02/05/2022,MORGAN,1,9,0,0,10,0,5101,312,134,18,5413,152,10,0
02/06/2022,MORGAN,0,5,0,0,5,0,5106,312,134,18,5418,152,5,0
02/07/2022,MORGAN,3,4,0,0,7,0,5110,315,134,18,5425,152,7,0
02/08/2022,MORGAN,1,4,0,0,5,0,5114,316,134,18,5430,152,5,0
02/09/2022,MORGAN,1,16,0,0,17,0,5130,317,134,18,5447,152,17,0
02/10/2022,MORGAN,1,5,0,0,6,0,5135,318,134,18,5453,152,6,0
02/11/2022,MORGAN,0,10,0,0,10,0,5145,318,134,18,5463,152,10,0
02/12/2022,MORGAN,0,10,0,0,10,0,5155,318,134,18,5473,152,10,0
02/13/2022,MORGAN,0,3,0,0,3,0,5158,318,134,18,5476,152,3,0
02/14/2022,MORGAN,1,5,0,0,6,0,5163,319,134,18,5482,152,6,0
02/15/2022,MORGAN,0,5,0,0,5,0,5168,319,134,18,5487,152,5,0
02/16/2022,MORGAN,1,7,0,0,8,0,5175,320,134,18,5495,152,8,0
02/17/2022,MORGAN,0,5,0,0,5,0,5180,320,134,18,5500,152,5,0
02/18/2022,MORGAN,0,5,0,0,5,0,5185,320,134,18,5505,152,5,0
02/19/2022,MORGAN,1,1,0,0,2,0,5186,321,134,18,5507,152,2,0
02/20/2022,MORGAN,0,4,0,0,4,0,5190,321,134,18,5511,152,4,0
02/21/2022,MORGAN,0,2,0,0,2,0,5192,321,134,18,5513,152,2,0
02/22/2022,MORGAN,1,2,0,0,3,0,5194,322,134,18,5516,152,3,0
02/23/2022,MORGAN,0,1,0,0,1,0,5195,322,134,18,5517,152,1,0
02/25/2022,MORGAN,0,1,0,0,1,0,5196,322,134,18,5518,152,1,0
02/27/2022,MORGAN,0,1,0,0,1,0,5197,322,134,18,5519,152,1,0
02/28/2022,MORGAN,1,2,1,0,3,1,5199,323,134,19,5522,153,3,1
03/01/2022,MORGAN,0,1,0,0,1,0,5200,323,134,19,5523,153,1,0
03/04/2022,MORGAN,0,1,0,0,1,0,5201,323,134,19,5524,153,1,0
03/08/2022,MORGAN,0,1,0,0,1,0,5202,323,134,19,5525,153,1,0
03/10/2022,MORGAN,1,0,0,0,1,0,5202,324,134,19,5526,153,1,0
03/14/2022,MORGAN,0,2,0,0,2,0,5204,324,134,19,5528,153,2,0
03/16/2022,MORGAN,0,2,0,0,2,0,5206,324,134,19,5530,153,2,0
03/17/2022,MORGAN,1,2,0,0,3,0,5208,325,134,19,5533,153,3,0
03/18/2022,MORGAN,0,1,0,0,1,0,5209,325,134,19,5534,153,1,0
03/24/2020,OTERO,0,1,0,0,1,0,1,0,0,0,1,0,-5533,-153
03/26/2020,OTERO,0,1,0,0,1,0,2,0,0,0,2,0,1,0
03/27/2020,OTERO,0,1,0,0,1,0,3,0,0,0,3,0,1,0
04/05/2020,OTERO,0,1,0,0,1,0,4,0,0,0,4,0,1,0
04/08/2020,OTERO,0,1,0,0,1,0,5,0,0,0,5,0,1,0
04/16/2020,OTERO,0,1,0,0,1,0,6,0,0,0,6,0,1,0
04/19/2020,OTERO,0,1,0,0,1,0,7,0,0,0,7,0,1,0
04/23/2020,OTERO,1,0,1,0,1,1,7,1,0,1,8,1,1,1
04/29/2020,OTERO,0,2,0,0,2,0,9,1,0,1,10,1,2,0
05/12/2020,OTERO,0,1,0,0,1,0,10,1,0,1,11,1,1,0
05/19/2020,OTERO,0,2,0,0,2,0,12,1,0,1,13,1,2,0
05/20/2020,OTERO,0,1,0,0,1,0,13,1,0,1,14,1,1,0
05/24/2020,OTERO,0,1,0,0,1,0,14,1,0,1,15,1,1,0
05/27/2020,OTERO,0,3,0,0,3,0,17,1,0,1,18,1,3,0
05/30/2020,OTERO,0,1,0,0,1,0,18,1,0,1,19,1,1,0
06/02/2020,OTERO,0,1,0,0,1,0,19,1,0,1,20,1,1,0
06/03/2020,OTERO,0,1,0,0,1,0,20,1,0,1,21,1,1,0
06/07/2020,OTERO,0,1,0,0,1,0,21,1,0,1,22,1,1,0
07/15/2020,OTERO,0,2,0,0,2,0,23,1,0,1,24,1,2,0
07/17/2020,OTERO,0,1,0,0,1,0,24,1,0,1,25,1,1,0
07/20/2020,OTERO,0,1,0,1,1,1,25,1,1,1,26,2,1,1
07/21/2020,OTERO,0,6,0,1,6,1,31,1,2,1,32,3,6,1
07/22/2020,OTERO,0,2,0,2,2,2,33,1,4,1,34,5,2,2
07/23/2020,OTERO,0,2,0,0,2,0,35,1,4,1,36,5,2,0
07/24/2020,OTERO,0,1,0,0,1,0,36,1,4,1,37,5,1,0
07/25/2020,OTERO,0,4,0,0,4,0,40,1,4,1,41,5,4,0
07/27/2020,OTERO,0,2,0,0,2,0,42,1,4,1,43,5,2,0
07/28/2020,OTERO,0,2,0,0,2,0,44,1,4,1,45,5,2,0
07/29/2020,OTERO,0,8,0,0,8,0,52,1,4,1,53,5,8,0
07/30/2020,OTERO,0,2,0,0,2,0,54,1,4,1,55,5,2,0
07/31/2020,OTERO,1,3,1,0,4,1,57,2,4,2,59,6,4,1
08/02/2020,OTERO,0,5,0,0,5,0,62,2,4,2,64,6,5,0
08/03/2020,OTERO,0,1,0,0,1,0,63,2,4,2,65,6,1,0
08/05/2020,OTERO,3,3,0,0,6,0,66,5,4,2,71,6,6,0
08/06/2020,OTERO,0,1,0,0,1,0,67,5,4,2,72,6,1,0
08/07/2020,OTERO,0,1,0,0,1,0,68,5,4,2,73,6,1,0
08/08/2020,OTERO,0,1,0,0,1,0,69,5,4,2,74,6,1,0
08/10/2020,OTERO,0,2,0,0,2,0,71,5,4,2,76,6,2,0
08/11/2020,OTERO,1,1,0,0,2,0,72,6,4,2,78,6,2,0
08/18/2020,OTERO,1,0,0,0,1,0,72,7,4,2,79,6,1,0
08/20/2020,OTERO,0,1,0,0,1,0,73,7,4,2,80,6,1,0
08/23/2020,OTERO,0,1,0,0,1,0,74,7,4,2,81,6,1,0
08/27/2020,OTERO,0,1,0,0,1,0,75,7,4,2,82,6,1,0
09/09/2020,OTERO,0,1,0,0,1,0,76,7,4,2,83,6,1,0
09/10/2020,OTERO,2,0,0,0,2,0,76,9,4,2,85,6,2,0
09/12/2020,OTERO,0,1,0,0,1,0,77,9,4,2,86,6,1,0
09/16/2020,OTERO,1,0,0,0,1,0,77,10,4,2,87,6,1,0
09/17/2020,OTERO,0,2,0,0,2,0,79,10,4,2,89,6,2,0
09/18/2020,OTERO,0,3,0,0,3,0,82,10,4,2,92,6,3,0
09/22/2020,OTERO,0,1,0,0,1,0,83,10,4,2,93,6,1,0
09/23/2020,OTERO,0,1,0,0,1,0,84,10,4,2,94,6,1,0
09/24/2020,OTERO,0,2,0,0,2,0,86,10,4,2,96,6,2,0
09/25/2020,OTERO,1,1,0,0,2,0,87,11,4,2,98,6,2,0
09/28/2020,OTERO,1,0,0,0,1,0,87,12,4,2,99,6,1,0
09/30/2020,OTERO,0,1,0,0,1,0,88,12,4,2,100,6,1,0
10/01/2020,OTERO,3,0,0,0,3,0,88,15,4,2,103,6,3,0
10/02/2020,OTERO,2,1,0,0,3,0,89,17,4,2,106,6,3,0
10/03/2020,OTERO,0,1,0,0,1,0,90,17,4,2,107,6,1,0
10/04/2020,OTERO,0,1,0,0,1,0,91,17,4,2,108,6,1,0
10/08/2020,OTERO,0,2,0,0,2,0,93,17,4,2,110,6,2,0
10/09/2020,OTERO,0,1,0,0,1,0,94,17,4,2,111,6,1,0
10/12/2020,OTERO,1,2,0,0,3,0,96,18,4,2,114,6,3,0
10/14/2020,OTERO,1,0,0,0,1,0,96,19,4,2,115,6,1,0
10/16/2020,OTERO,0,1,0,0,1,0,97,19,4,2,116,6,1,0
10/18/2020,OTERO,0,4,0,0,4,0,101,19,4,2,120,6,4,0
10/21/2020,OTERO,0,2,0,0,2,0,103,19,4,2,122,6,2,0
10/23/2020,OTERO,0,2,0,0,2,0,105,19,4,2,124,6,2,0
10/24/2020,OTERO,0,7,0,1,7,1,112,19,5,2,131,7,7,1
10/25/2020,OTERO,0,6,0,0,6,0,118,19,5,2,137,7,6,0
10/26/2020,OTERO,0,1,0,0,1,0,119,19,5,2,138,7,1,0
10/27/2020,OTERO,2,7,0,0,9,0,126,21,5,2,147,7,9,0
10/28/2020,OTERO,0,10,0,0,10,0,136,21,5,2,157,7,10,0
10/29/2020,OTERO,0,10,0,0,10,0,146,21,5,2,167,7,10,0
10/30/2020,OTERO,0,9,0,0,9,0,155,21,5,2,176,7,9,0
10/31/2020,OTERO,0,6,0,0,6,0,161,21,5,2,182,7,6,0
11/01/2020,OTERO,1,0,0,0,1,0,161,22,5,2,183,7,1,0
11/02/2020,OTERO,2,2,0,1,4,1,163,24,6,2,187,8,4,1
11/03/2020,OTERO,2,12,0,0,14,0,175,26,6,2,201,8,14,0
11/04/2020,OTERO,0,2,0,0,2,0,177,26,6,2,203,8,2,0
11/05/2020,OTERO,0,7,0,0,7,0,184,26,6,2,210,8,7,0
11/06/2020,OTERO,1,7,0,0,8,0,191,27,6,2,218,8,8,0
11/07/2020,OTERO,0,7,0,1,7,1,198,27,7,2,225,9,7,1
11/08/2020,OTERO,0,3,0,0,3,0,201,27,7,2,228,9,3,0
11/09/2020,OTERO,2,1,0,1,3,1,202,29,8,2,231,10,3,1
11/10/2020,OTERO,0,5,0,0,5,0,207,29,8,2,236,10,5,0
11/11/2020,OTERO,1,21,0,0,22,0,228,30,8,2,258,10,22,0
11/12/2020,OTERO,1,13,0,0,14,0,241,31,8,2,272,10,14,0
11/13/2020,OTERO,2,21,0,1,23,1,262,33,9,2,295,11,23,1
11/14/2020,OTERO,0,15,0,0,15,0,277,33,9,2,310,11,15,0
11/15/2020,OTERO,0,5,0,0,5,0,282,33,9,2,315,11,5,0
11/16/2020,OTERO,1,15,0,1,16,1,297,34,10,2,331,12,16,1
11/17/2020,OTERO,0,9,0,0,9,0,306,34,10,2,340,12,9,0
11/18/2020,OTERO,4,31,0,0,35,0,337,38,10,2,375,12,35,0
11/19/2020,OTERO,0,13,0,1,13,1,350,38,11,2,388,13,13,1
11/20/2020,OTERO,1,25,0,0,26,0,375,39,11,2,414,13,26,0
11/21/2020,OTERO,1,19,0,0,20,0,394,40,11,2,434,13,20,0
11/22/2020,OTERO,1,6,0,1,7,1,400,41,12,2,441,14,7,1
11/23/2020,OTERO,5,33,1,0,38,1,433,46,12,3,479,15,38,1
11/24/2020,OTERO,1,17,0,0,18,0,450,47,12,3,497,15,18,0
11/25/2020,OTERO,3,29,0,0,32,0,479,50,12,3,529,15,32,0
11/26/2020,OTERO,0,42,0,1,42,1,521,50,13,3,571,16,42,1
11/27/2020,OTERO,5,48,0,1,53,1,569,55,14,3,624,17,53,1
11/28/2020,OTERO,1,41,0,0,42,0,610,56,14,3,666,17,42,0
11/29/2020,OTERO,2,37,0,0,39,0,647,58,14,3,705,17,39,0
11/30/2020,OTERO,3,43,0,3,46,3,690,61,17,3,751,20,46,3
12/01/2020,OTERO,1,59,0,4,60,4,749,62,21,3,811,24,60,4
12/02/2020,OTERO,1,73,0,3,74,3,822,63,24,3,885,27,74,3
12/03/2020,OTERO,4,76,1,1,80,2,898,67,25,4,965,29,80,2
12/04/2020,OTERO,5,27,0,0,32,0,925,72,25,4,997,29,32,0
12/05/2020,OTERO,4,31,0,1,35,1,956,76,26,4,1032,30,35,1
12/06/2020,OTERO,1,60,0,9,61,9,1016,77,35,4,1093,39,61,9
12/07/2020,OTERO,0,18,0,1,18,1,1034,77,36,4,1111,40,18,1
12/08/2020,OTERO,3,37,0,2,40,2,1071,80,38,4,1151,42,40,2
12/09/2020,OTERO,0,74,0,0,74,0,1145,80,38,4,1225,42,74,0
12/10/2020,OTERO,1,57,0,1,58,1,1202,81,39,4,1283,43,58,1
12/11/2020,OTERO,4,48,0,4,52,4,1250,85,43,4,1335,47,52,4
12/12/2020,OTERO,2,30,0,0,32,0,1280,87,43,4,1367,47,32,0
12/13/2020,OTERO,0,16,0,1,16,1,1296,87,44,4,1383,48,16,1
12/14/2020,OTERO,0,25,0,1,25,1,1321,87,45,4,1408,49,25,1
12/15/2020,OTERO,0,23,0,0,23,0,1344,87,45,4,1431,49,23,0
12/16/2020,OTERO,3,34,0,0,37,0,1378,90,45,4,1468,49,37,0
12/17/2020,OTERO,1,25,0,0,26,0,1403,91,45,4,1494,49,26,0
12/18/2020,OTERO,2,12,0,2,14,2,1415,93,47,4,1508,51,14,2
12/19/2020,OTERO,0,23,0,0,23,0,1438,93,47,4,1531,51,23,0
12/20/2020,OTERO,0,12,0,0,12,0,1450,93,47,4,1543,51,12,0
12/21/2020,OTERO,2,7,0,0,9,0,1457,95,47,4,1552,51,9,0
12/22/2020,OTERO,0,8,0,1,8,1,1465,95,48,4,1560,52,8,1
12/23/2020,OTERO,0,20,0,0,20,0,1485,95,48,4,1580,52,20,0
12/24/2020,OTERO,0,17,0,0,17,0,1502,95,48,4,1597,52,17,0
12/25/2020,OTERO,0,1,0,0,1,0,1503,95,48,4,1598,52,1,0
12/26/2020,OTERO,1,9,0,2,10,2,1512,96,50,4,1608,54,10,2
12/27/2020,OTERO,1,3,0,0,4,0,1515,97,50,4,1612,54,4,0
12/28/2020,OTERO,0,1,0,1,1,1,1516,97,51,4,1613,55,1,1
12/29/2020,OTERO,1,4,0,1,5,1,1520,98,52,4,1618,56,5,1
12/30/2020,OTERO,0,17,0,0,17,0,1537,98,52,4,1635,56,17,0
12/31/2020,OTERO,2,22,0,0,24,0,1559,100,52,4,1659,56,24,0
01/01/2021,OTERO,0,3,0,0,3,0,1562,100,52,4,1662,56,3,0
01/02/2021,OTERO,0,9,0,0,9,0,1571,100,52,4,1671,56,9,0
01/03/2021,OTERO,0,10,0,0,10,0,1581,100,52,4,1681,56,10,0
01/04/2021,OTERO,0,6,0,1,6,1,1587,100,53,4,1687,57,6,1
01/05/2021,OTERO,1,5,0,0,6,0,1592,101,53,4,1693,57,6,0
01/06/2021,OTERO,0,19,0,1,19,1,1611,101,54,4,1712,58,19,1
01/07/2021,OTERO,1,6,0,0,7,0,1617,102,54,4,1719,58,7,0
01/08/2021,OTERO,0,6,0,0,6,0,1623,102,54,4,1725,58,6,0
01/09/2021,OTERO,0,12,0,0,12,0,1635,102,54,4,1737,58,12,0
01/10/2021,OTERO,0,3,0,0,3,0,1638,102,54,4,1740,58,3,0
01/11/2021,OTERO,2,5,0,0,7,0,1643,104,54,4,1747,58,7,0
01/12/2021,OTERO,0,1,0,0,1,0,1644,104,54,4,1748,58,1,0
01/13/2021,OTERO,1,10,0,0,11,0,1654,105,54,4,1759,58,11,0
01/14/2021,OTERO,0,9,0,0,9,0,1663,105,54,4,1768,58,9,0
01/15/2021,OTERO,3,1,0,0,4,0,1664,108,54,4,1772,58,4,0
01/16/2021,OTERO,0,1,0,0,1,0,1665,108,54,4,1773,58,1,0
01/17/2021,OTERO,0,1,0,0,1,0,1666,108,54,4,1774,58,1,0
01/18/2021,OTERO,0,1,0,0,1,0,1667,108,54,4,1775,58,1,0
01/19/2021,OTERO,0,2,0,0,2,0,1669,108,54,4,1777,58,2,0
01/20/2021,OTERO,0,3,0,1,3,1,1672,108,55,4,1780,59,3,1
01/21/2021,OTERO,0,2,0,0,2,0,1674,108,55,4,1782,59,2,0
01/22/2021,OTERO,1,7,0,1,8,1,1681,109,56,4,1790,60,8,1
01/23/2021,OTERO,0,1,0,0,1,0,1682,109,56,4,1791,60,1,0
01/24/2021,OTERO,0,1,0,0,1,0,1683,109,56,4,1792,60,1,0
01/25/2021,OTERO,0,3,0,0,3,0,1686,109,56,4,1795,60,3,0
01/26/2021,OTERO,0,1,0,0,1,0,1687,109,56,4,1796,60,1,0
01/27/2021,OTERO,0,3,0,0,3,0,1690,109,56,4,1799,60,3,0
01/28/2021,OTERO,1,0,0,0,1,0,1690,110,56,4,1800,60,1,0
01/29/2021,OTERO,0,1,0,0,1,0,1691,110,56,4,1801,60,1,0
01/30/2021,OTERO,0,1,0,0,1,0,1692,110,56,4,1802,60,1,0
02/01/2021,OTERO,0,1,0,0,1,0,1693,110,56,4,1803,60,1,0
02/02/2021,OTERO,0,1,0,0,1,0,1694,110,56,4,1804,60,1,0
02/04/2021,OTERO,2,4,0,0,6,0,1698,112,56,4,1810,60,6,0
02/05/2021,OTERO,2,0,0,0,2,0,1698,114,56,4,1812,60,2,0
02/07/2021,OTERO,0,2,0,0,2,0,1700,114,56,4,1814,60,2,0
02/09/2021,OTERO,0,1,0,0,1,0,1701,114,56,4,1815,60,1,0
02/10/2021,OTERO,0,1,0,0,1,0,1702,114,56,4,1816,60,1,0
02/11/2021,OTERO,2,9,0,0,11,0,1711,116,56,4,1827,60,11,0
02/12/2021,OTERO,1,0,0,0,1,0,1711,117,56,4,1828,60,1,0
02/13/2021,OTERO,0,1,0,0,1,0,1712,117,56,4,1829,60,1,0
02/14/2021,OTERO,0,1,0,0,1,0,1713,117,56,4,1830,60,1,0
02/16/2021,OTERO,0,4,0,0,4,0,1717,117,56,4,1834,60,4,0
02/17/2021,OTERO,1,3,0,0,4,0,1720,118,56,4,1838,60,4,0
02/18/2021,OTERO,0,12,0,0,12,0,1732,118,56,4,1850,60,12,0
02/19/2021,OTERO,1,1,0,0,2,0,1733,119,56,4,1852,60,2,0
02/20/2021,OTERO,0,3,0,0,3,0,1736,119,56,4,1855,60,3,0
02/22/2021,OTERO,1,1,0,0,2,0,1737,120,56,4,1857,60,2,0
02/23/2021,OTERO,0,1,0,0,1,0,1738,120,56,4,1858,60,1,0
02/24/2021,OTERO,0,5,0,0,5,0,1743,120,56,4,1863,60,5,0
02/25/2021,OTERO,1,3,0,0,4,0,1746,121,56,4,1867,60,4,0
02/26/2021,OTERO,0,1,0,0,1,0,1747,121,56,4,1868,60,1,0
02/27/2021,OTERO,1,2,0,0,3,0,1749,122,56,4,1871,60,3,0
03/03/2021,OTERO,1,0,1,0,1,1,1749,123,56,5,1872,61,1,1
03/06/2021,OTERO,0,1,0,0,1,0,1750,123,56,5,1873,61,1,0
03/08/2021,OTERO,1,0,0,0,1,0,1750,124,56,5,1874,61,1,0
03/09/2021,OTERO,0,1,0,0,1,0,1751,124,56,5,1875,61,1,0
03/11/2021,OTERO,0,1,0,0,1,0,1752,124,56,5,1876,61,1,0
03/12/2021,OTERO,0,1,0,0,1,0,1753,124,56,5,1877,61,1,0
03/13/2021,OTERO,0,1,0,0,1,0,1754,124,56,5,1878,61,1,0
03/14/2021,OTERO,0,1,0,0,1,0,1755,124,56,5,1879,61,1,0
03/15/2021,OTERO,0,1,0,0,1,0,1756,124,56,5,1880,61,1,0
03/22/2021,OTERO,0,1,0,0,1,0,1757,124,56,5,1881,61,1,0
03/23/2021,OTERO,0,2,0,0,2,0,1759,124,56,5,1883,61,2,0
03/25/2021,OTERO,0,2,0,0,2,0,1761,124,56,5,1885,61,2,0
03/27/2021,OTERO,0,1,0,0,1,0,1762,124,56,5,1886,61,1,0
03/29/2021,OTERO,2,0,0,0,2,0,1762,126,56,5,1888,61,2,0
03/30/2021,OTERO,0,1,0,0,1,0,1763,126,56,5,1889,61,1,0
03/31/2021,OTERO,0,2,0,0,2,0,1765,126,56,5,1891,61,2,0
04/02/2021,OTERO,0,1,0,0,1,0,1766,126,56,5,1892,61,1,0
04/03/2021,OTERO,0,5,0,0,5,0,1771,126,56,5,1897,61,5,0
04/06/2021,OTERO,1,3,0,0,4,0,1774,127,56,5,1901,61,4,0
04/08/2021,OTERO,0,3,0,0,3,0,1777,127,56,5,1904,61,3,0
04/09/2021,OTERO,0,2,0,0,2,0,1779,127,56,5,1906,61,2,0
04/10/2021,OTERO,0,3,0,0,3,0,1782,127,56,5,1909,61,3,0
04/11/2021,OTERO,0,1,0,0,1,0,1783,127,56,5,1910,61,1,0
04/12/2021,OTERO,1,2,0,0,3,0,1785,128,56,5,1913,61,3,0
04/13/2021,OTERO,0,1,0,0,1,0,1786,128,56,5,1914,61,1,0
04/14/2021,OTERO,0,3,0,0,3,0,1789,128,56,5,1917,61,3,0
04/15/2021,OTERO,1,3,0,0,4,0,1792,129,56,5,1921,61,4,0
04/16/2021,OTERO,1,2,0,0,3,0,1794,130,56,5,1924,61,3,0
04/17/2021,OTERO,2,1,0,0,3,0,1795,132,56,5,1927,61,3,0
04/18/2021,OTERO,1,0,0,0,1,0,1795,133,56,5,1928,61,1,0
04/19/2021,OTERO,0,2,0,0,2,0,1797,133,56,5,1930,61,2,0
04/20/2021,OTERO,2,2,0,0,4,0,1799,135,56,5,1934,61,4,0
04/21/2021,OTERO,3,3,0,1,6,1,1802,138,57,5,1940,62,6,1
04/22/2021,OTERO,0,1,0,0,1,0,1803,138,57,5,1941,62,1,0
04/24/2021,OTERO,1,4,0,1,5,1,1807,139,58,5,1946,63,5,1
04/25/2021,OTERO,0,1,0,0,1,0,1808,139,58,5,1947,63,1,0
04/26/2021,OTERO,1,1,0,0,2,0,1809,140,58,5,1949,63,2,0
04/27/2021,OTERO,1,6,0,0,7,0,1815,141,58,5,1956,63,7,0
04/28/2021,OTERO,0,5,0,0,5,0,1820,141,58,5,1961,63,5,0
04/29/2021,OTERO,2,13,0,0,15,0,1833,143,58,5,1976,63,15,0
04/30/2021,OTERO,0,1,0,0,1,0,1834,143,58,5,1977,63,1,0
05/01/2021,OTERO,1,5,0,0,6,0,1839,144,58,5,1983,63,6,0
05/02/2021,OTERO,0,1,0,0,1,0,1840,144,58,5,1984,63,1,0
05/03/2021,OTERO,1,8,0,2,9,2,1848,145,60,5,1993,65,9,2
05/04/2021,OTERO,2,4,0,0,6,0,1852,147,60,5,1999,65,6,0
05/05/2021,OTERO,3,1,0,0,4,0,1853,150,60,5,2003,65,4,0
05/06/2021,OTERO,3,2,0,0,5,0,1855,153,60,5,2008,65,5,0
05/07/2021,OTERO,0,4,0,0,4,0,1859,153,60,5,2012,65,4,0
05/08/2021,OTERO,0,1,0,0,1,0,1860,153,60,5,2013,65,1,0
05/09/2021,OTERO,0,1,0,0,1,0,1861,153,60,5,2014,65,1,0
05/10/2021,OTERO,1,0,0,0,1,0,1861,154,60,5,2015,65,1,0
05/11/2021,OTERO,2,4,0,0,6,0,1865,156,60,5,2021,65,6,0
05/12/2021,OTERO,1,3,0,0,4,0,1868,157,60,5,2025,65,4,0
05/13/2021,OTERO,0,1,0,0,1,0,1869,157,60,5,2026,65,1,0
05/14/2021,OTERO,1,2,0,0,3,0,1871,158,60,5,2029,65,3,0
05/15/2021,OTERO,0,3,0,0,3,0,1874,158,60,5,2032,65,3,0
05/16/2021,OTERO,0,1,0,0,1,0,1875,158,60,5,2033,65,1,0
05/18/2021,OTERO,1,3,0,0,4,0,1878,159,60,5,2037,65,4,0
05/20/2021,OTERO,3,3,0,0,6,0,1881,162,60,5,2043,65,6,0
05/21/2021,OTERO,2,1,0,0,3,0,1882,164,60,5,2046,65,3,0
05/22/2021,OTERO,0,1,0,0,1,0,1883,164,60,5,2047,65,1,0
05/24/2021,OTERO,4,0,0,0,4,0,1883,168,60,5,2051,65,4,0
05/26/2021,OTERO,2,2,0,0,4,0,1885,170,60,5,2055,65,4,0
05/27/2021,OTERO,0,4,0,0,4,0,1889,170,60,5,2059,65,4,0
05/31/2021,OTERO,0,1,0,0,1,0,1890,170,60,5,2060,65,1,0
06/01/2021,OTERO,0,3,0,0,3,0,1893,170,60,5,2063,65,3,0
06/02/2021,OTERO,1,3,0,0,4,0,1896,171,60,5,2067,65,4,0
06/03/2021,OTERO,0,4,0,0,4,0,1900,171,60,5,2071,65,4,0
06/08/2021,OTERO,1,0,0,0,1,0,1900,172,60,5,2072,65,1,0
06/09/2021,OTERO,1,1,0,0,2,0,1901,173,60,5,2074,65,2,0
06/10/2021,OTERO,0,1,0,0,1,0,1902,173,60,5,2075,65,1,0
06/11/2021,OTERO,0,1,0,0,1,0,1903,173,60,5,2076,65,1,0
06/12/2021,OTERO,0,1,0,0,1,0,1904,173,60,5,2077,65,1,0
06/16/2021,OTERO,0,2,0,0,2,0,1906,173,60,5,2079,65,2,0
06/18/2021,OTERO,0,1,0,0,1,0,1907,173,60,5,2080,65,1,0
06/19/2021,OTERO,0,1,0,1,1,1,1908,173,61,5,2081,66,1,1
06/20/2021,OTERO,0,2,0,0,2,0,1910,173,61,5,2083,66,2,0
06/21/2021,OTERO,0,1,0,0,1,0,1911,173,61,5,2084,66,1,0
06/22/2021,OTERO,0,1,0,0,1,0,1912,173,61,5,2085,66,1,0
06/24/2021,OTERO,0,1,0,0,1,0,1913,173,61,5,2086,66,1,0
06/25/2021,OTERO,0,1,0,0,1,0,1914,173,61,5,2087,66,1,0
06/30/2021,OTERO,0,2,0,0,2,0,1916,173,61,5,2089,66,2,0
07/03/2021,OTERO,0,1,0,0,1,0,1917,173,61,5,2090,66,1,0
07/06/2021,OTERO,1,1,0,0,2,0,1918,174,61,5,2092,66,2,0
07/14/2021,OTERO,0,1,0,0,1,0,1919,174,61,5,2093,66,1,0
07/15/2021,OTERO,2,1,0,0,3,0,1920,176,61,5,2096,66,3,0
07/24/2021,OTERO,0,2,0,0,2,0,1922,176,61,5,2098,66,2,0
07/25/2021,OTERO,0,1,0,0,1,0,1923,176,61,5,2099,66,1,0
07/27/2021,OTERO,2,1,0,1,3,1,1924,178,62,5,2102,67,3,1
07/28/2021,OTERO,0,1,0,0,1,0,1925,178,62,5,2103,67,1,0
07/29/2021,OTERO,0,2,0,1,2,1,1927,178,63,5,2105,68,2,1
07/30/2021,OTERO,0,1,0,0,1,0,1928,178,63,5,2106,68,1,0
07/31/2021,OTERO,0,1,0,0,1,0,1929,178,63,5,2107,68,1,0
08/02/2021,OTERO,1,1,0,0,2,0,1930,179,63,5,2109,68,2,0
08/03/2021,OTERO,0,1,0,0,1,0,1931,179,63,5,2110,68,1,0
08/04/2021,OTERO,1,2,0,0,3,0,1933,180,63,5,2113,68,3,0
08/05/2021,OTERO,0,1,0,0,1,0,1934,180,63,5,2114,68,1,0
08/10/2021,OTERO,0,1,0,0,1,0,1935,180,63,5,2115,68,1,0
08/11/2021,OTERO,0,3,0,1,3,1,1938,180,64,5,2118,69,3,1
08/12/2021,OTERO,1,2,0,1,3,1,1940,181,65,5,2121,70,3,1
08/13/2021,OTERO,0,3,0,0,3,0,1943,181,65,5,2124,70,3,0
08/14/2021,OTERO,0,1,0,0,1,0,1944,181,65,5,2125,70,1,0
08/15/2021,OTERO,0,2,0,0,2,0,1946,181,65,5,2127,70,2,0
08/16/2021,OTERO,0,1,0,1,1,1,1947,181,66,5,2128,71,1,1
08/17/2021,OTERO,0,1,0,0,1,0,1948,181,66,5,2129,71,1,0
08/19/2021,OTERO,0,2,0,0,2,0,1950,181,66,5,2131,71,2,0
08/20/2021,OTERO,2,2,0,0,4,0,1952,183,66,5,2135,71,4,0
08/21/2021,OTERO,0,2,0,0,2,0,1954,183,66,5,2137,71,2,0
08/23/2021,OTERO,4,4,0,0,8,0,1958,187,66,5,2145,71,8,0
08/24/2021,OTERO,6,1,0,0,7,0,1959,193,66,5,2152,71,7,0
08/25/2021,OTERO,1,2,0,0,3,0,1961,194,66,5,2155,71,3,0
08/26/2021,OTERO,0,1,0,0,1,0,1962,194,66,5,2156,71,1,0
08/27/2021,OTERO,3,2,0,0,5,0,1964,197,66,5,2161,71,5,0
08/29/2021,OTERO,1,1,0,0,2,0,1965,198,66,5,2163,71,2,0
08/30/2021,OTERO,6,7,0,0,13,0,1972,204,66,5,2176,71,13,0
08/31/2021,OTERO,7,4,0,0,11,0,1976,211,66,5,2187,71,11,0
09/01/2021,OTERO,2,4,0,0,6,0,1980,213,66,5,2193,71,6,0
09/02/2021,OTERO,5,13,0,1,18,1,1993,218,67,5,2211,72,18,1
09/03/2021,OTERO,3,3,0,0,6,0,1996,221,67,5,2217,72,6,0
09/04/2021,OTERO,1,1,0,0,2,0,1997,222,67,5,2219,72,2,0
09/05/2021,OTERO,0,2,0,0,2,0,1999,222,67,5,2221,72,2,0
09/06/2021,OTERO,2,4,0,0,6,0,2003,224,67,5,2227,72,6,0
09/07/2021,OTERO,8,4,0,1,12,1,2007,232,68,5,2239,73,12,1
09/08/2021,OTERO,2,17,0,0,19,0,2024,234,68,5,2258,73,19,0
09/09/2021,OTERO,0,13,0,0,13,0,2037,234,68,5,2271,73,13,0
09/10/2021,OTERO,1,8,0,0,9,0,2045,235,68,5,2280,73,9,0
09/11/2021,OTERO,0,6,0,0,6,0,2051,235,68,5,2286,73,6,0
09/12/2021,OTERO,0,9,0,1,9,1,2060,235,69,5,2295,74,9,1
09/13/2021,OTERO,3,15,0,0,18,0,2075,238,69,5,2313,74,18,0
09/14/2021,OTERO,1,3,0,0,4,0,2078,239,69,5,2317,74,4,0
09/15/2021,OTERO,5,0,0,0,5,0,2078,244,69,5,2322,74,5,0
09/16/2021,OTERO,4,15,0,1,19,1,2093,248,70,5,2341,75,19,1
09/17/2021,OTERO,4,3,0,0,7,0,2096,252,70,5,2348,75,7,0
09/18/2021,OTERO,1,7,0,0,8,0,2103,253,70,5,2356,75,8,0
09/19/2021,OTERO,0,2,0,0,2,0,2105,253,70,5,2358,75,2,0
09/20/2021,OTERO,7,7,0,1,14,1,2112,260,71,5,2372,76,14,1
09/21/2021,OTERO,3,8,0,0,11,0,2120,263,71,5,2383,76,11,0
09/22/2021,OTERO,1,2,0,1,3,1,2122,264,72,5,2386,77,3,1
09/23/2021,OTERO,4,7,0,0,11,0,2129,268,72,5,2397,77,11,0
09/24/2021,OTERO,2,6,0,1,8,1,2135,270,73,5,2405,78,8,1
09/25/2021,OTERO,0,2,0,0,2,0,2137,270,73,5,2407,78,2,0
09/27/2021,OTERO,14,4,0,0,18,0,2141,284,73,5,2425,78,18,0
09/28/2021,OTERO,4,1,0,0,5,0,2142,288,73,5,2430,78,5,0
09/29/2021,OTERO,3,5,0,0,8,0,2147,291,73,5,2438,78,8,0
09/30/2021,OTERO,5,4,0,0,9,0,2151,296,73,5,2447,78,9,0
10/01/2021,OTERO,5,2,0,1,7,1,2153,301,74,5,2454,79,7,1
10/02/2021,OTERO,0,3,0,0,3,0,2156,301,74,5,2457,79,3,0
10/03/2021,OTERO,1,1,0,0,2,0,2157,302,74,5,2459,79,2,0
10/04/2021,OTERO,2,1,0,0,3,0,2158,304,74,5,2462,79,3,0
10/05/2021,OTERO,5,1,0,0,6,0,2159,309,74,5,2468,79,6,0
10/06/2021,OTERO,7,7,1,2,14,3,2166,316,76,6,2482,82,14,3
10/07/2021,OTERO,4,23,0,0,27,0,2189,320,76,6,2509,82,27,0
10/08/2021,OTERO,8,4,0,0,12,0,2193,328,76,6,2521,82,12,0
10/09/2021,OTERO,0,3,0,0,3,0,2196,328,76,6,2524,82,3,0
10/10/2021,OTERO,0,4,0,1,4,1,2200,328,77,6,2528,83,4,1
10/11/2021,OTERO,7,6,0,0,13,0,2206,335,77,6,2541,83,13,0
10/12/2021,OTERO,10,2,1,0,12,1,2208,345,77,7,2553,84,12,1
10/13/2021,OTERO,4,7,0,0,11,0,2215,349,77,7,2564,84,11,0
10/14/2021,OTERO,2,18,0,0,20,0,2233,351,77,7,2584,84,20,0
10/15/2021,OTERO,2,4,0,0,6,0,2237,353,77,7,2590,84,6,0
10/16/2021,OTERO,0,5,0,1,5,1,2242,353,78,7,2595,85,5,1
10/17/2021,OTERO,0,2,0,1,2,1,2244,353,79,7,2597,86,2,1
10/18/2021,OTERO,7,0,0,0,7,0,2244,360,79,7,2604,86,7,0
10/19/2021,OTERO,5,4,0,0,9,0,2248,365,79,7,2613,86,9,0
10/20/2021,OTERO,6,15,0,0,21,0,2263,371,79,7,2634,86,21,0
10/21/2021,OTERO,2,7,0,0,9,0,2270,373,79,7,2643,86,9,0
10/22/2021,OTERO,6,5,0,0,11,0,2275,379,79,7,2654,86,11,0
10/23/2021,OTERO,0,4,0,0,4,0,2279,379,79,7,2658,86,4,0
10/24/2021,OTERO,1,0,0,0,1,0,2279,380,79,7,2659,86,1,0
10/25/2021,OTERO,19,1,0,0,20,0,2280,399,79,7,2679,86,20,0
10/26/2021,OTERO,9,2,0,1,11,1,2282,408,80,7,2690,87,11,1
10/27/2021,OTERO,7,2,0,0,9,0,2284,415,80,7,2699,87,9,0
10/28/2021,OTERO,9,9,0,0,18,0,2293,424,80,7,2717,87,18,0
10/29/2021,OTERO,6,6,0,0,12,0,2299,430,80,7,2729,87,12,0
10/30/2021,OTERO,0,2,0,0,2,0,2301,430,80,7,2731,87,2,0
10/31/2021,OTERO,0,3,0,0,3,0,2304,430,80,7,2734,87,3,0
11/01/2021,OTERO,9,5,0,0,14,0,2309,439,80,7,2748,87,14,0
11/02/2021,OTERO,9,3,0,0,12,0,2312,448,80,7,2760,87,12,0
11/03/2021,OTERO,10,2,1,0,12,1,2314,458,80,8,2772,88,12,1
11/04/2021,OTERO,11,23,0,2,34,2,2337,469,82,8,2806,90,34,2
11/05/2021,OTERO,7,3,0,0,10,0,2340,476,82,8,2816,90,10,0
11/06/2021,OTERO,2,13,0,0,15,0,2353,478,82,8,2831,90,15,0
11/07/2021,OTERO,0,2,0,0,2,0,2355,478,82,8,2833,90,2,0
11/08/2021,OTERO,23,10,0,2,33,2,2365,501,84,8,2866,92,33,2
11/09/2021,OTERO,18,5,1,0,23,1,2370,519,84,9,2889,93,23,1
11/10/2021,OTERO,14,8,1,0,22,1,2378,533,84,10,2911,94,22,1
11/11/2021,OTERO,14,15,0,0,29,0,2393,547,84,10,2940,94,29,0
11/12/2021,OTERO,9,13,1,2,22,3,2406,556,86,11,2962,97,22,3
11/13/2021,OTERO,0,11,0,0,11,0,2417,556,86,11,2973,97,11,0
11/14/2021,OTERO,0,4,0,0,4,0,2421,556,86,11,2977,97,4,0
11/15/2021,OTERO,18,18,2,2,36,4,2439,574,88,13,3013,101,36,4
11/16/2021,OTERO,13,4,1,0,17,1,2443,587,88,14,3030,102,17,1
11/17/2021,OTERO,8,8,1,0,16,1,2451,595,88,15,3046,103,16,1
11/18/2021,OTERO,18,14,1,3,32,4,2465,613,91,16,3078,107,32,4
11/19/2021,OTERO,8,7,0,0,15,0,2472,621,91,16,3093,107,15,0
11/20/2021,OTERO,0,3,0,0,3,0,2475,621,91,16,3096,107,3,0
11/21/2021,OTERO,1,6,0,0,7,0,2481,622,91,16,3103,107,7,0
11/22/2021,OTERO,25,7,0,0,32,0,2488,647,91,16,3135,107,32,0
11/23/2021,OTERO,12,7,0,0,19,0,2495,659,91,16,3154,107,19,0
11/24/2021,OTERO,8,10,1,0,18,1,2505,667,91,17,3172,108,18,1
11/25/2021,OTERO,0,1,0,1,1,1,2506,667,92,17,3173,109,1,1
11/26/2021,OTERO,0,5,0,2,5,2,2511,667,94,17,3178,111,5,2
11/27/2021,OTERO,0,7,0,1,7,1,2518,667,95,17,3185,112,7,1
11/28/2021,OTERO,0,4,0,0,4,0,2522,667,95,17,3189,112,4,0
11/29/2021,OTERO,15,5,1,0,20,1,2527,682,95,18,3209,113,20,1
11/30/2021,OTERO,9,4,0,0,13,0,2531,691,95,18,3222,113,13,0
12/01/2021,OTERO,9,8,0,0,17,0,2539,700,95,18,3239,113,17,0
12/02/2021,OTERO,0,3,0,0,3,0,2542,700,95,18,3242,113,3,0
12/03/2021,OTERO,4,10,0,1,14,1,2552,704,96,18,3256,114,14,1
12/04/2021,OTERO,0,2,0,0,2,0,2554,704,96,18,3258,114,2,0
12/05/2021,OTERO,0,1,0,0,1,0,2555,704,96,18,3259,114,1,0
12/06/2021,OTERO,2,6,1,2,8,3,2561,706,98,19,3267,117,8,3
12/07/2021,OTERO,4,4,0,0,8,0,2565,710,98,19,3275,117,8,0
12/08/2021,OTERO,2,7,0,0,9,0,2572,712,98,19,3284,117,9,0
12/09/2021,OTERO,2,6,0,0,8,0,2578,714,98,19,3292,117,8,0
12/10/2021,OTERO,0,2,0,0,2,0,2580,714,98,19,3294,117,2,0
12/11/2021,OTERO,0,3,0,0,3,0,2583,714,98,19,3297,117,3,0
12/12/2021,OTERO,0,2,0,0,2,0,2585,714,98,19,3299,117,2,0
12/13/2021,OTERO,2,0,0,0,2,0,2585,716,98,19,3301,117,2,0
12/14/2021,OTERO,3,0,0,0,3,0,2585,719,98,19,3304,117,3,0
12/15/2021,OTERO,2,2,0,0,4,0,2587,721,98,19,3308,117,4,0
12/16/2021,OTERO,0,3,0,0,3,0,2590,721,98,19,3311,117,3,0
12/17/2021,OTERO,1,0,0,0,1,0,2590,722,98,19,3312,117,1,0
12/18/2021,OTERO,0,2,0,0,2,0,2592,722,98,19,3314,117,2,0
12/19/2021,OTERO,0,1,0,0,1,0,2593,722,98,19,3315,117,1,0
12/20/2021,OTERO,3,2,0,0,5,0,2595,725,98,19,3320,117,5,0
12/21/2021,OTERO,0,1,0,0,1,0,2596,725,98,19,3321,117,1,0
12/22/2021,OTERO,2,5,0,1,7,1,2601,727,99,19,3328,118,7,1
12/23/2021,OTERO,0,3,0,0,3,0,2604,727,99,19,3331,118,3,0
12/24/2021,OTERO,0,6,0,0,6,0,2610,727,99,19,3337,118,6,0
12/25/2021,OTERO,0,3,0,0,3,0,2613,727,99,19,3340,118,3,0
12/26/2021,OTERO,1,2,0,0,3,0,2615,728,99,19,3343,118,3,0
12/27/2021,OTERO,1,2,0,0,3,0,2617,729,99,19,3346,118,3,0
12/28/2021,OTERO,3,5,1,0,8,1,2622,732,99,20,3354,119,8,1
12/29/2021,OTERO,5,6,0,0,11,0,2628,737,99,20,3365,119,11,0
12/30/2021,OTERO,4,10,0,0,14,0,2638,741,99,20,3379,119,14,0
12/31/2021,OTERO,0,1,0,0,1,0,2639,741,99,20,3380,119,1,0
01/01/2022,OTERO,0,7,0,0,7,0,2646,741,99,20,3387,119,7,0
01/02/2022,OTERO,0,4,0,0,4,0,2650,741,99,20,3391,119,4,0
01/03/2022,OTERO,16,4,0,0,20,0,2654,757,99,20,3411,119,20,0
01/04/2022,OTERO,17,1,0,0,18,0,2655,774,99,20,3429,119,18,0
01/05/2022,OTERO,9,12,0,0,21,0,2667,783,99,20,3450,119,21,0
01/06/2022,OTERO,8,11,0,0,19,0,2678,791,99,20,3469,119,19,0
01/07/2022,OTERO,3,6,0,0,9,0,2684,794,99,20,3478,119,9,0
01/08/2022,OTERO,0,8,0,0,8,0,2692,794,99,20,3486,119,8,0
01/09/2022,OTERO,0,12,0,0,12,0,2704,794,99,20,3498,119,12,0
01/10/2022,OTERO,20,8,0,0,28,0,2712,814,99,20,3526,119,28,0
01/11/2022,OTERO,10,12,0,0,22,0,2724,824,99,20,3548,119,22,0
01/12/2022,OTERO,3,10,0,0,13,0,2734,827,99,20,3561,119,13,0
01/13/2022,OTERO,0,21,0,0,21,0,2755,827,99,20,3582,119,21,0
01/14/2022,OTERO,5,53,0,2,58,2,2808,832,101,20,3640,121,58,2
01/15/2022,OTERO,1,4,0,0,5,0,2812,833,101,20,3645,121,5,0
01/16/2022,OTERO,0,13,0,0,13,0,2825,833,101,20,3658,121,13,0
01/17/2022,OTERO,10,17,0,0,27,0,2842,843,101,20,3685,121,27,0
01/18/2022,OTERO,23,6,0,0,29,0,2848,866,101,20,3714,121,29,0
01/19/2022,OTERO,16,18,0,1,34,1,2866,882,102,20,3748,122,34,1
01/20/2022,OTERO,16,38,0,0,54,0,2904,898,102,20,3802,122,54,0
01/21/2022,OTERO,1,11,0,0,12,0,2915,899,102,20,3814,122,12,0
01/22/2022,OTERO,1,32,0,1,33,1,2947,900,103,20,3847,123,33,1
01/23/2022,OTERO,1,9,0,0,10,0,2956,901,103,20,3857,123,10,0
01/24/2022,OTERO,8,14,0,2,22,2,2970,909,105,20,3879,125,22,2
01/25/2022,OTERO,11,7,0,0,18,0,2977,920,105,20,3897,125,18,0
01/26/2022,OTERO,31,26,0,0,57,0,3003,951,105,20,3954,125,57,0
01/27/2022,OTERO,13,18,0,0,31,0,3021,964,105,20,3985,125,31,0
01/28/2022,OTERO,4,14,0,0,18,0,3035,968,105,20,4003,125,18,0
01/29/2022,OTERO,1,15,0,0,16,0,3050,969,105,20,4019,125,16,0
01/30/2022,OTERO,2,9,1,0,11,1,3059,971,105,21,4030,126,11,1
01/31/2022,OTERO,10,9,0,0,19,0,3068,981,105,21,4049,126,19,0
02/01/2022,OTERO,18,3,0,0,21,0,3071,999,105,21,4070,126,21,0
02/02/2022,OTERO,10,9,0,0,19,0,3080,1009,105,21,4089,126,19,0
02/03/2022,OTERO,7,13,0,0,20,0,3093,1016,105,21,4109,126,20,0
02/04/2022,OTERO,2,8,0,0,10,0,3101,1018,105,21,4119,126,10,0
02/05/2022,OTERO,1,5,0,0,6,0,3106,1019,105,21,4125,126,6,0
02/06/2022,OTERO,0,5,0,0,5,0,3111,1019,105,21,4130,126,5,0
02/07/2022,OTERO,8,6,0,0,14,0,3117,1027,105,21,4144,126,14,0
02/08/2022,OTERO,5,3,0,0,8,0,3120,1032,105,21,4152,126,8,0
02/09/2022,OTERO,1,2,0,0,3,0,3122,1033,105,21,4155,126,3,0
02/10/2022,OTERO,1,8,0,0,9,0,3130,1034,105,21,4164,126,9,0
02/11/2022,OTERO,0,1,0,0,1,0,3131,1034,105,21,4165,126,1,0
02/12/2022,OTERO,0,3,0,0,3,0,3134,1034,105,21,4168,126,3,0
02/14/2022,OTERO,4,1,0,0,5,0,3135,1038,105,21,4173,126,5,0
02/15/2022,OTERO,1,0,0,0,1,0,3135,1039,105,21,4174,126,1,0
02/16/2022,OTERO,1,4,0,0,5,0,3139,1040,105,21,4179,126,5,0
02/17/2022,OTERO,2,10,0,0,12,0,3149,1042,105,21,4191,126,12,0
02/18/2022,OTERO,6,2,0,0,8,0,3151,1048,105,21,4199,126,8,0
02/19/2022,OTERO,0,1,0,0,1,0,3152,1048,105,21,4200,126,1,0
02/20/2022,OTERO,0,2,0,0,2,0,3154,1048,105,21,4202,126,2,0
02/21/2022,OTERO,4,1,0,0,5,0,3155,1052,105,21,4207,126,5,0
02/22/2022,OTERO,5,1,0,0,6,0,3156,1057,105,21,4213,126,6,0
02/23/2022,OTERO,0,3,0,0,3,0,3159,1057,105,21,4216,126,3,0
02/24/2022,OTERO,0,2,0,0,2,0,3161,1057,105,21,4218,126,2,0
02/25/2022,OTERO,0,4,0,0,4,0,3165,1057,105,21,4222,126,4,0
02/27/2022,OTERO,0,1,0,0,1,0,3166,1057,105,21,4223,126,1,0
02/28/2022,OTERO,1,1,0,0,2,0,3167,1058,105,21,4225,126,2,0
03/01/2022,OTERO,0,2,0,0,2,0,3169,1058,105,21,4227,126,2,0
03/02/2022,OTERO,0,1,0,0,1,0,3170,1058,105,21,4228,126,1,0
03/03/2022,OTERO,0,4,0,0,4,0,3174,1058,105,21,4232,126,4,0
03/04/2022,OTERO,0,1,0,0,1,0,3175,1058,105,21,4233,126,1,0
03/06/2022,OTERO,0,1,0,0,1,0,3176,1058,105,21,4234,126,1,0
03/07/2022,OTERO,0,1,0,0,1,0,3177,1058,105,21,4235,126,1,0
03/08/2022,OTERO,0,1,0,0,1,0,3178,1058,105,21,4236,126,1,0
03/12/2022,OTERO,0,1,0,0,1,0,3179,1058,105,21,4237,126,1,0
03/16/2022,OTERO,1,0,1,0,1,1,3179,1059,105,22,4238,127,1,1
04/03/2020,OURAY,0,2,0,1,2,1,2,0,1,0,2,1,-4236,-126
04/06/2020,OURAY,0,1,0,0,1,0,3,0,1,0,3,1,1,0
04/08/2020,OURAY,0,1,0,0,1,0,4,0,1,0,4,1,1,0
04/16/2020,OURAY,0,1,0,0,1,0,5,0,1,0,5,1,1,0
05/07/2020,OURAY,0,1,0,0,1,0,6,0,1,0,6,1,1,0
05/10/2020,OURAY,0,1,0,0,1,0,7,0,1,0,7,1,1,0
05/14/2020,OURAY,0,1,0,0,1,0,8,0,1,0,8,1,1,0
05/22/2020,OURAY,1,0,0,0,1,0,8,1,1,0,9,1,1,0
06/17/2020,OURAY,0,1,0,0,1,0,9,1,1,0,10,1,1,0
06/19/2020,OURAY,0,1,0,0,1,0,10,1,1,0,11,1,1,0
06/29/2020,OURAY,0,1,0,0,1,0,11,1,1,0,12,1,1,0
07/03/2020,OURAY,0,1,0,0,1,0,12,1,1,0,13,1,1,0
07/20/2020,OURAY,0,1,0,0,1,0,13,1,1,0,14,1,1,0
08/06/2020,OURAY,0,1,0,0,1,0,14,1,1,0,15,1,1,0
08/21/2020,OURAY,0,1,0,0,1,0,15,1,1,0,16,1,1,0
08/22/2020,OURAY,3,1,0,0,4,0,16,4,1,0,20,1,4,0
08/23/2020,OURAY,1,1,0,0,2,0,17,5,1,0,22,1,2,0
08/25/2020,OURAY,0,1,0,0,1,0,18,5,1,0,23,1,1,0
08/29/2020,OURAY,0,1,0,0,1,0,19,5,1,0,24,1,1,0
08/30/2020,OURAY,1,0,0,0,1,0,19,6,1,0,25,1,1,0
09/03/2020,OURAY,0,2,0,0,2,0,21,6,1,0,27,1,2,0
09/29/2020,OURAY,0,1,0,0,1,0,22,6,1,0,28,1,1,0
09/30/2020,OURAY,0,2,0,0,2,0,24,6,1,0,30,1,2,0
10/05/2020,OURAY,0,1,0,0,1,0,25,6,1,0,31,1,1,0
10/09/2020,OURAY,0,1,0,0,1,0,26,6,1,0,32,1,1,0
10/10/2020,OURAY,0,2,0,0,2,0,28,6,1,0,34,1,2,0
10/18/2020,OURAY,0,1,0,1,1,1,29,6,2,0,35,2,1,1
10/20/2020,OURAY,0,1,0,0,1,0,30,6,2,0,36,2,1,0
10/22/2020,OURAY,0,2,0,0,2,0,32,6,2,0,38,2,2,0
10/24/2020,OURAY,0,1,0,0,1,0,33,6,2,0,39,2,1,0
10/25/2020,OURAY,0,1,0,0,1,0,34,6,2,0,40,2,1,0
10/28/2020,OURAY,0,1,0,0,1,0,35,6,2,0,41,2,1,0
10/29/2020,OURAY,0,1,0,0,1,0,36,6,2,0,42,2,1,0
10/31/2020,OURAY,0,1,0,0,1,0,37,6,2,0,43,2,1,0
11/01/2020,OURAY,0,3,0,0,3,0,40,6,2,0,46,2,3,0
11/02/2020,OURAY,0,1,0,0,1,0,41,6,2,0,47,2,1,0
11/04/2020,OURAY,0,4,0,0,4,0,45,6,2,0,51,2,4,0
11/05/2020,OURAY,0,2,0,0,2,0,47,6,2,0,53,2,2,0
11/07/2020,OURAY,0,1,0,0,1,0,48,6,2,0,54,2,1,0
11/08/2020,OURAY,0,3,0,0,3,0,51,6,2,0,57,2,3,0
11/09/2020,OURAY,2,2,0,0,4,0,53,8,2,0,61,2,4,0
11/10/2020,OURAY,0,4,0,0,4,0,57,8,2,0,65,2,4,0
11/11/2020,OURAY,0,5,0,0,5,0,62,8,2,0,70,2,5,0
11/12/2020,OURAY,0,10,0,0,10,0,72,8,2,0,80,2,10,0
11/13/2020,OURAY,0,10,0,0,10,0,82,8,2,0,90,2,10,0
11/14/2020,OURAY,0,8,0,0,8,0,90,8,2,0,98,2,8,0
11/15/2020,OURAY,0,1,0,0,1,0,91,8,2,0,99,2,1,0
11/16/2020,OURAY,0,2,0,0,2,0,93,8,2,0,101,2,2,0
11/19/2020,OURAY,0,2,0,0,2,0,95,8,2,0,103,2,2,0
11/20/2020,OURAY,1,2,0,0,3,0,97,9,2,0,106,2,3,0
11/21/2020,OURAY,0,2,0,0,2,0,99,9,2,0,108,2,2,0
11/22/2020,OURAY,0,2,0,0,2,0,101,9,2,0,110,2,2,0
11/23/2020,OURAY,2,1,0,0,3,0,102,11,2,0,113,2,3,0
11/24/2020,OURAY,0,1,0,0,1,0,103,11,2,0,114,2,1,0
11/25/2020,OURAY,0,1,0,0,1,0,104,11,2,0,115,2,1,0
11/30/2020,OURAY,0,1,0,0,1,0,105,11,2,0,116,2,1,0
12/02/2020,OURAY,0,1,0,0,1,0,106,11,2,0,117,2,1,0
12/03/2020,OURAY,1,4,0,0,5,0,110,12,2,0,122,2,5,0
12/06/2020,OURAY,0,2,0,0,2,0,112,12,2,0,124,2,2,0
12/07/2020,OURAY,0,4,0,0,4,0,116,12,2,0,128,2,4,0
12/08/2020,OURAY,0,1,0,0,1,0,117,12,2,0,129,2,1,0
12/09/2020,OURAY,0,1,0,1,1,1,118,12,3,0,130,3,1,1
12/10/2020,OURAY,0,1,0,0,1,0,119,12,3,0,131,3,1,0
12/12/2020,OURAY,0,2,0,0,2,0,121,12,3,0,133,3,2,0
12/13/2020,OURAY,0,1,0,0,1,0,122,12,3,0,134,3,1,0
12/14/2020,OURAY,0,1,0,0,1,0,123,12,3,0,135,3,1,0
12/15/2020,OURAY,0,1,0,0,1,0,124,12,3,0,136,3,1,0
12/16/2020,OURAY,0,1,0,0,1,0,125,12,3,0,137,3,1,0
12/17/2020,OURAY,0,2,0,0,2,0,127,12,3,0,139,3,2,0
12/18/2020,OURAY,0,2,0,0,2,0,129,12,3,0,141,3,2,0
12/19/2020,OURAY,0,6,0,0,6,0,135,12,3,0,147,3,6,0
12/21/2020,OURAY,0,1,0,0,1,0,136,12,3,0,148,3,1,0
12/23/2020,OURAY,0,3,0,0,3,0,139,12,3,0,151,3,3,0
12/24/2020,OURAY,0,1,0,0,1,0,140,12,3,0,152,3,1,0
12/25/2020,OURAY,0,1,0,0,1,0,141,12,3,0,153,3,1,0
12/26/2020,OURAY,0,4,0,0,4,0,145,12,3,0,157,3,4,0
12/27/2020,OURAY,0,1,0,0,1,0,146,12,3,0,158,3,1,0
12/29/2020,OURAY,1,0,0,0,1,0,146,13,3,0,159,3,1,0
01/06/2021,OURAY,0,5,0,0,5,0,151,13,3,0,164,3,5,0
01/08/2021,OURAY,1,7,0,0,8,0,158,14,3,0,172,3,8,0
01/10/2021,OURAY,0,2,0,0,2,0,160,14,3,0,174,3,2,0
01/12/2021,OURAY,0,1,0,0,1,0,161,14,3,0,175,3,1,0
01/13/2021,OURAY,0,4,0,0,4,0,165,14,3,0,179,3,4,0
01/14/2021,OURAY,1,2,0,0,3,0,167,15,3,0,182,3,3,0
01/15/2021,OURAY,1,0,0,0,1,0,167,16,3,0,183,3,1,0
01/16/2021,OURAY,1,0,0,0,1,0,167,17,3,0,184,3,1,0
01/17/2021,OURAY,0,1,0,0,1,0,168,17,3,0,185,3,1,0
01/21/2021,OURAY,0,3,0,0,3,0,171,17,3,0,188,3,3,0
01/22/2021,OURAY,0,3,0,0,3,0,174,17,3,0,191,3,3,0
01/23/2021,OURAY,0,1,0,0,1,0,175,17,3,0,192,3,1,0
01/24/2021,OURAY,0,6,0,0,6,0,181,17,3,0,198,3,6,0
01/25/2021,OURAY,1,1,0,0,2,0,182,18,3,0,200,3,2,0
01/27/2021,OURAY,0,3,0,0,3,0,185,18,3,0,203,3,3,0
01/28/2021,OURAY,2,6,0,0,8,0,191,20,3,0,211,3,8,0
01/29/2021,OURAY,0,2,0,0,2,0,193,20,3,0,213,3,2,0
01/30/2021,OURAY,0,3,0,0,3,0,196,20,3,0,216,3,3,0
01/31/2021,OURAY,0,1,0,0,1,0,197,20,3,0,217,3,1,0
02/02/2021,OURAY,2,0,0,0,2,0,197,22,3,0,219,3,2,0
02/03/2021,OURAY,0,2,0,0,2,0,199,22,3,0,221,3,2,0
02/04/2021,OURAY,0,3,0,0,3,0,202,22,3,0,224,3,3,0
02/05/2021,OURAY,0,3,0,0,3,0,205,22,3,0,227,3,3,0
02/06/2021,OURAY,0,3,0,0,3,0,208,22,3,0,230,3,3,0
02/08/2021,OURAY,0,1,0,0,1,0,209,22,3,0,231,3,1,0
02/09/2021,OURAY,0,2,0,0,2,0,211,22,3,0,233,3,2,0
02/10/2021,OURAY,0,3,0,0,3,0,214,22,3,0,236,3,3,0
02/11/2021,OURAY,0,6,0,0,6,0,220,22,3,0,242,3,6,0
02/13/2021,OURAY,0,1,0,0,1,0,221,22,3,0,243,3,1,0
02/17/2021,OURAY,1,1,0,0,2,0,222,23,3,0,245,3,2,0
02/18/2021,OURAY,0,2,0,0,2,0,224,23,3,0,247,3,2,0
02/19/2021,OURAY,1,0,0,0,1,0,224,24,3,0,248,3,1,0
02/20/2021,OURAY,0,4,0,0,4,0,228,24,3,0,252,3,4,0
02/22/2021,OURAY,0,1,0,0,1,0,229,24,3,0,253,3,1,0
02/23/2021,OURAY,1,2,0,0,3,0,231,25,3,0,256,3,3,0
02/24/2021,OURAY,1,1,0,0,2,0,232,26,3,0,258,3,2,0
02/25/2021,OURAY,0,1,0,0,1,0,233,26,3,0,259,3,1,0
02/26/2021,OURAY,0,1,0,0,1,0,234,26,3,0,260,3,1,0
02/27/2021,OURAY,0,1,0,0,1,0,235,26,3,0,261,3,1,0
03/04/2021,OURAY,0,1,0,0,1,0,236,26,3,0,262,3,1,0
03/05/2021,OURAY,0,2,0,0,2,0,238,26,3,0,264,3,2,0
03/06/2021,OURAY,1,0,0,0,1,0,238,27,3,0,265,3,1,0
03/13/2021,OURAY,0,1,0,0,1,0,239,27,3,0,266,3,1,0
03/15/2021,OURAY,1,0,0,0,1,0,239,28,3,0,267,3,1,0
03/16/2021,OURAY,0,1,0,0,1,0,240,28,3,0,268,3,1,0
03/17/2021,OURAY,0,1,0,0,1,0,241,28,3,0,269,3,1,0
03/19/2021,OURAY,0,1,0,0,1,0,242,28,3,0,270,3,1,0
03/20/2021,OURAY,0,1,0,0,1,0,243,28,3,0,271,3,1,0
03/21/2021,OURAY,1,0,0,0,1,0,243,29,3,0,272,3,1,0
03/22/2021,OURAY,1,0,0,0,1,0,243,30,3,0,273,3,1,0
03/24/2021,OURAY,0,1,0,0,1,0,244,30,3,0,274,3,1,0
03/26/2021,OURAY,0,1,0,0,1,0,245,30,3,0,275,3,1,0
03/27/2021,OURAY,0,1,0,0,1,0,246,30,3,0,276,3,1,0
03/28/2021,OURAY,0,1,0,0,1,0,247,30,3,0,277,3,1,0
04/04/2021,OURAY,0,1,0,0,1,0,248,30,3,0,278,3,1,0
04/07/2021,OURAY,0,1,0,0,1,0,249,30,3,0,279,3,1,0
04/21/2021,OURAY,0,1,0,0,1,0,250,30,3,0,280,3,1,0
04/22/2021,OURAY,0,1,0,0,1,0,251,30,3,0,281,3,1,0
04/24/2021,OURAY,0,1,0,0,1,0,252,30,3,0,282,3,1,0
04/26/2021,OURAY,1,0,0,0,1,0,252,31,3,0,283,3,1,0
04/28/2021,OURAY,0,2,0,0,2,0,254,31,3,0,285,3,2,0
05/04/2021,OURAY,1,0,0,0,1,0,254,32,3,0,286,3,1,0
05/24/2021,OURAY,0,1,0,0,1,0,255,32,3,0,287,3,1,0
05/25/2021,OURAY,0,1,0,0,1,0,256,32,3,0,288,3,1,0
05/27/2021,OURAY,0,2,0,0,2,0,258,32,3,0,290,3,2,0
06/04/2021,OURAY,0,1,0,0,1,0,259,32,3,0,291,3,1,0
06/14/2021,OURAY,0,1,0,0,1,0,260,32,3,0,292,3,1,0
06/17/2021,OURAY,0,1,0,0,1,0,261,32,3,0,293,3,1,0
06/26/2021,OURAY,2,1,0,0,3,0,262,34,3,0,296,3,3,0
06/27/2021,OURAY,0,1,0,0,1,0,263,34,3,0,297,3,1,0
07/01/2021,OURAY,0,1,0,0,1,0,264,34,3,0,298,3,1,0
07/02/2021,OURAY,0,1,0,0,1,0,265,34,3,0,299,3,1,0
07/06/2021,OURAY,0,4,0,0,4,0,269,34,3,0,303,3,4,0
07/08/2021,OURAY,0,3,0,1,3,1,272,34,4,0,306,4,3,1
07/09/2021,OURAY,0,1,0,0,1,0,273,34,4,0,307,4,1,0
07/12/2021,OURAY,0,1,0,0,1,0,274,34,4,0,308,4,1,0
07/14/2021,OURAY,0,2,0,0,2,0,276,34,4,0,310,4,2,0
07/19/2021,OURAY,0,1,0,1,1,1,277,34,5,0,311,5,1,1
07/21/2021,OURAY,0,1,0,0,1,0,278,34,5,0,312,5,1,0
07/23/2021,OURAY,0,1,0,0,1,0,279,34,5,0,313,5,1,0
07/28/2021,OURAY,0,1,0,0,1,0,280,34,5,0,314,5,1,0
07/31/2021,OURAY,1,0,0,0,1,0,280,35,5,0,315,5,1,0
08/03/2021,OURAY,0,4,0,0,4,0,284,35,5,0,319,5,4,0
08/05/2021,OURAY,0,1,0,0,1,0,285,35,5,0,320,5,1,0
08/09/2021,OURAY,2,1,0,0,3,0,286,37,5,0,323,5,3,0
08/10/2021,OURAY,0,2,0,0,2,0,288,37,5,0,325,5,2,0
08/11/2021,OURAY,0,2,0,0,2,0,290,37,5,0,327,5,2,0
08/12/2021,OURAY,0,1,0,0,1,0,291,37,5,0,328,5,1,0
08/13/2021,OURAY,0,1,0,0,1,0,292,37,5,0,329,5,1,0
08/16/2021,OURAY,0,3,0,0,3,0,295,37,5,0,332,5,3,0
08/17/2021,OURAY,0,2,0,0,2,0,297,37,5,0,334,5,2,0
08/18/2021,OURAY,0,4,0,0,4,0,301,37,5,0,338,5,4,0
08/19/2021,OURAY,0,4,0,0,4,0,305,37,5,0,342,5,4,0
08/21/2021,OURAY,0,2,0,0,2,0,307,37,5,0,344,5,2,0
08/23/2021,OURAY,0,3,0,0,3,0,310,37,5,0,347,5,3,0
08/25/2021,OURAY,1,0,0,0,1,0,310,38,5,0,348,5,1,0
08/26/2021,OURAY,0,4,0,0,4,0,314,38,5,0,352,5,4,0
08/27/2021,OURAY,0,1,0,0,1,0,315,38,5,0,353,5,1,0
08/30/2021,OURAY,0,1,0,0,1,0,316,38,5,0,354,5,1,0
08/31/2021,OURAY,0,3,0,0,3,0,319,38,5,0,357,5,3,0
09/01/2021,OURAY,0,1,0,0,1,0,320,38,5,0,358,5,1,0
09/02/2021,OURAY,1,3,0,0,4,0,323,39,5,0,362,5,4,0
09/03/2021,OURAY,1,1,0,0,2,0,324,40,5,0,364,5,2,0
09/07/2021,OURAY,2,0,0,0,2,0,324,42,5,0,366,5,2,0
09/08/2021,OURAY,0,1,0,0,1,0,325,42,5,0,367,5,1,0
09/09/2021,OURAY,1,1,0,0,2,0,326,43,5,0,369,5,2,0
09/10/2021,OURAY,0,1,0,0,1,0,327,43,5,0,370,5,1,0
09/13/2021,OURAY,1,0,0,0,1,0,327,44,5,0,371,5,1,0
09/15/2021,OURAY,2,2,0,0,4,0,329,46,5,0,375,5,4,0
09/16/2021,OURAY,0,2,0,0,2,0,331,46,5,0,377,5,2,0
09/17/2021,OURAY,1,0,0,0,1,0,331,47,5,0,378,5,1,0
09/22/2021,OURAY,0,1,0,0,1,0,332,47,5,0,379,5,1,0
09/23/2021,OURAY,0,1,0,0,1,0,333,47,5,0,380,5,1,0
09/24/2021,OURAY,0,2,0,0,2,0,335,47,5,0,382,5,2,0
09/27/2021,OURAY,1,2,0,0,3,0,337,48,5,0,385,5,3,0
09/28/2021,OURAY,2,3,0,0,5,0,340,50,5,0,390,5,5,0
09/29/2021,OURAY,1,0,0,0,1,0,340,51,5,0,391,5,1,0
09/30/2021,OURAY,2,5,0,0,7,0,345,53,5,0,398,5,7,0
10/04/2021,OURAY,3,1,0,0,4,0,346,56,5,0,402,5,4,0
10/05/2021,OURAY,3,1,0,0,4,0,347,59,5,0,406,5,4,0
10/06/2021,OURAY,2,0,0,0,2,0,347,61,5,0,408,5,2,0
10/07/2021,OURAY,2,2,0,0,4,0,349,63,5,0,412,5,4,0
10/08/2021,OURAY,1,2,0,0,3,0,351,64,5,0,415,5,3,0
10/10/2021,OURAY,0,1,0,0,1,0,352,64,5,0,416,5,1,0
10/12/2021,OURAY,3,4,0,0,7,0,356,67,5,0,423,5,7,0
10/13/2021,OURAY,2,1,0,0,3,0,357,69,5,0,426,5,3,0
10/14/2021,OURAY,1,0,0,0,1,0,357,70,5,0,427,5,1,0
10/17/2021,OURAY,0,1,0,0,1,0,358,70,5,0,428,5,1,0
10/18/2021,OURAY,3,0,0,0,3,0,358,73,5,0,431,5,3,0
10/19/2021,OURAY,5,0,0,0,5,0,358,78,5,0,436,5,5,0
10/20/2021,OURAY,3,1,0,0,4,0,359,81,5,0,440,5,4,0
10/21/2021,OURAY,7,3,0,1,10,1,362,88,6,0,450,6,10,1
10/25/2021,OURAY,4,3,0,0,7,0,365,92,6,0,457,6,7,0
10/26/2021,OURAY,3,2,0,0,5,0,367,95,6,0,462,6,5,0
10/27/2021,OURAY,2,2,0,0,4,0,369,97,6,0,466,6,4,0
10/28/2021,OURAY,2,2,0,0,4,0,371,99,6,0,470,6,4,0
10/31/2021,OURAY,0,1,0,0,1,0,372,99,6,0,471,6,1,0
11/01/2021,OURAY,3,3,0,0,6,0,375,102,6,0,477,6,6,0
11/02/2021,OURAY,3,1,0,0,4,0,376,105,6,0,481,6,4,0
11/03/2021,OURAY,2,1,0,0,3,0,377,107,6,0,484,6,3,0
11/04/2021,OURAY,1,1,0,0,2,0,378,108,6,0,486,6,2,0
11/05/2021,OURAY,1,2,0,0,3,0,380,109,6,0,489,6,3,0
11/08/2021,OURAY,0,1,0,0,1,0,381,109,6,0,490,6,1,0
11/09/2021,OURAY,3,0,0,0,3,0,381,112,6,0,493,6,3,0
11/10/2021,OURAY,1,2,0,0,3,0,383,113,6,0,496,6,3,0
11/11/2021,OURAY,0,1,0,0,1,0,384,113,6,0,497,6,1,0
11/12/2021,OURAY,0,1,0,0,1,0,385,113,6,0,498,6,1,0
11/13/2021,OURAY,0,1,0,0,1,0,386,113,6,0,499,6,1,0
11/15/2021,OURAY,3,1,0,0,4,0,387,116,6,0,503,6,4,0
11/16/2021,OURAY,1,0,0,0,1,0,387,117,6,0,504,6,1,0
11/18/2021,OURAY,1,3,0,0,4,0,390,118,6,0,508,6,4,0
11/20/2021,OURAY,0,1,0,0,1,0,391,118,6,0,509,6,1,0
11/22/2021,OURAY,3,2,0,0,5,0,393,121,6,0,514,6,5,0
11/23/2021,OURAY,1,0,0,0,1,0,393,122,6,0,515,6,1,0
11/26/2021,OURAY,0,1,0,0,1,0,394,122,6,0,516,6,1,0
11/28/2021,OURAY,0,1,0,0,1,0,395,122,6,0,517,6,1,0
11/29/2021,OURAY,2,0,0,0,2,0,395,124,6,0,519,6,2,0
11/30/2021,OURAY,0,1,0,0,1,0,396,124,6,0,520,6,1,0
12/01/2021,OURAY,1,0,0,0,1,0,396,125,6,0,521,6,1,0
12/04/2021,OURAY,0,1,0,0,1,0,397,125,6,0,522,6,1,0
12/06/2021,OURAY,7,2,0,0,9,0,399,132,6,0,531,6,9,0
12/08/2021,OURAY,1,2,0,0,3,0,401,133,6,0,534,6,3,0
12/09/2021,OURAY,0,1,0,0,1,0,402,133,6,0,535,6,1,0
12/13/2021,OURAY,7,1,0,0,8,0,403,140,6,0,543,6,8,0
12/15/2021,OURAY,0,1,0,0,1,0,404,140,6,0,544,6,1,0
12/16/2021,OURAY,0,1,0,0,1,0,405,140,6,0,545,6,1,0
12/17/2021,OURAY,1,0,0,0,1,0,405,141,6,0,546,6,1,0
12/20/2021,OURAY,0,3,0,0,3,0,408,141,6,0,549,6,3,0
12/21/2021,OURAY,0,1,0,0,1,0,409,141,6,0,550,6,1,0
12/22/2021,OURAY,1,1,0,0,2,0,410,142,6,0,552,6,2,0
12/23/2021,OURAY,1,5,0,0,6,0,415,143,6,0,558,6,6,0
12/26/2021,OURAY,1,0,0,0,1,0,415,144,6,0,559,6,1,0
12/27/2021,OURAY,13,4,0,0,17,0,419,157,6,0,576,6,17,0
12/28/2021,OURAY,15,1,0,0,16,0,420,172,6,0,592,6,16,0
12/29/2021,OURAY,9,6,0,0,15,0,426,181,6,0,607,6,15,0
12/30/2021,OURAY,10,6,0,0,16,0,432,191,6,0,623,6,16,0
12/31/2021,OURAY,0,2,0,0,2,0,434,191,6,0,625,6,2,0
01/01/2022,OURAY,0,2,0,0,2,0,436,191,6,0,627,6,2,0
01/02/2022,OURAY,1,2,0,0,3,0,438,192,6,0,630,6,3,0
01/03/2022,OURAY,27,4,0,0,31,0,442,219,6,0,661,6,31,0
01/04/2022,OURAY,10,2,0,0,12,0,444,229,6,0,673,6,12,0
01/05/2022,OURAY,1,3,0,0,4,0,447,230,6,0,677,6,4,0
01/06/2022,OURAY,4,6,0,0,10,0,453,234,6,0,687,6,10,0
01/07/2022,OURAY,0,3,0,0,3,0,456,234,6,0,690,6,3,0
01/08/2022,OURAY,0,1,0,0,1,0,457,234,6,0,691,6,1,0
01/10/2022,OURAY,12,6,0,0,18,0,463,246,6,0,709,6,18,0
01/11/2022,OURAY,7,5,0,0,12,0,468,253,6,0,721,6,12,0
01/12/2022,OURAY,2,2,0,0,4,0,470,255,6,0,725,6,4,0
01/13/2022,OURAY,10,3,0,0,13,0,473,265,6,0,738,6,13,0
01/14/2022,OURAY,0,4,0,0,4,0,477,265,6,0,742,6,4,0
01/15/2022,OURAY,0,7,0,0,7,0,484,265,6,0,749,6,7,0
01/16/2022,OURAY,1,0,0,0,1,0,484,266,6,0,750,6,1,0
01/17/2022,OURAY,0,4,0,0,4,0,488,266,6,0,754,6,4,0
01/18/2022,OURAY,5,6,0,0,11,0,494,271,6,0,765,6,11,0
01/19/2022,OURAY,6,1,0,0,7,0,495,277,6,0,772,6,7,0
01/20/2022,OURAY,6,4,0,0,10,0,499,283,6,0,782,6,10,0
01/21/2022,OURAY,1,3,0,0,4,0,502,284,6,0,786,6,4,0
01/22/2022,OURAY,0,3,0,0,3,0,505,284,6,0,789,6,3,0
01/24/2022,OURAY,7,1,0,0,8,0,506,291,6,0,797,6,8,0
01/25/2022,OURAY,1,2,0,0,3,0,508,292,6,0,800,6,3,0
01/26/2022,OURAY,2,0,0,0,2,0,508,294,6,0,802,6,2,0
01/27/2022,OURAY,3,2,0,0,5,0,510,297,6,0,807,6,5,0
01/28/2022,OURAY,1,1,0,0,2,0,511,298,6,0,809,6,2,0
01/29/2022,OURAY,0,2,0,0,2,0,513,298,6,0,811,6,2,0
01/30/2022,OURAY,0,1,0,0,1,0,514,298,6,0,812,6,1,0
01/31/2022,OURAY,6,0,0,0,6,0,514,304,6,0,818,6,6,0
02/01/2022,OURAY,4,1,0,0,5,0,515,308,6,0,823,6,5,0
02/02/2022,OURAY,1,0,0,0,1,0,515,309,6,0,824,6,1,0
02/03/2022,OURAY,1,1,0,0,2,0,516,310,6,0,826,6,2,0
02/06/2022,OURAY,0,1,0,0,1,0,517,310,6,0,827,6,1,0
02/07/2022,OURAY,2,1,0,0,3,0,518,312,6,0,830,6,3,0
02/08/2022,OURAY,1,0,0,0,1,0,518,313,6,0,831,6,1,0
02/09/2022,OURAY,0,1,0,0,1,0,519,313,6,0,832,6,1,0
02/10/2022,OURAY,2,2,0,0,4,0,521,315,6,0,836,6,4,0
02/12/2022,OURAY,0,1,0,0,1,0,522,315,6,0,837,6,1,0
02/15/2022,OURAY,1,1,0,0,2,0,523,316,6,0,839,6,2,0
02/22/2022,OURAY,1,0,0,0,1,0,523,317,6,0,840,6,1,0
02/24/2022,OURAY,0,1,0,0,1,0,524,317,6,0,841,6,1,0
02/28/2022,OURAY,0,1,0,0,1,0,525,317,6,0,842,6,1,0
03/01/2022,OURAY,0,1,0,0,1,0,526,317,6,0,843,6,1,0
03/19/2020,PARK,0,1,0,0,1,0,1,0,0,0,1,0,-842,-6
03/28/2020,PARK,1,1,0,0,2,0,2,1,0,0,3,0,2,0
04/02/2020,PARK,0,2,0,0,2,0,4,1,0,0,5,0,2,0
04/04/2020,PARK,0,1,0,0,1,0,5,1,0,0,6,0,1,0
04/23/2020,PARK,0,1,0,0,1,0,6,1,0,0,7,0,1,0
04/27/2020,PARK,0,4,0,0,4,0,10,1,0,0,11,0,4,0
04/30/2020,PARK,1,1,0,0,2,0,11,2,0,0,13,0,2,0
05/01/2020,PARK,0,1,0,0,1,0,12,2,0,0,14,0,1,0
05/05/2020,PARK,0,1,0,0,1,0,13,2,0,0,15,0,1,0
05/10/2020,PARK,1,0,0,0,1,0,13,3,0,0,16,0,1,0
05/17/2020,PARK,1,0,0,0,1,0,13,4,0,0,17,0,1,0
05/18/2020,PARK,1,2,0,0,3,0,15,5,0,0,20,0,3,0
05/20/2020,PARK,0,1,0,0,1,0,16,5,0,0,21,0,1,0
05/22/2020,PARK,0,2,0,0,2,0,18,5,0,0,23,0,2,0
05/25/2020,PARK,0,1,0,0,1,0,19,5,0,0,24,0,1,0
06/03/2020,PARK,0,1,0,0,1,0,20,5,0,0,25,0,1,0
06/17/2020,PARK,0,1,0,0,1,0,21,5,0,0,26,0,1,0
06/20/2020,PARK,0,1,0,0,1,0,22,5,0,0,27,0,1,0
06/21/2020,PARK,0,1,0,0,1,0,23,5,0,0,28,0,1,0
06/22/2020,PARK,2,0,0,0,2,0,23,7,0,0,30,0,2,0
07/07/2020,PARK,0,4,0,0,4,0,27,7,0,0,34,0,4,0
07/09/2020,PARK,0,1,0,1,1,1,28,7,1,0,35,1,1,1
07/13/2020,PARK,0,1,0,0,1,0,29,7,1,0,36,1,1,0
07/17/2020,PARK,0,1,0,0,1,0,30,7,1,0,37,1,1,0
07/18/2020,PARK,0,1,0,0,1,0,31,7,1,0,38,1,1,0
07/21/2020,PARK,0,1,0,0,1,0,32,7,1,0,39,1,1,0
07/22/2020,PARK,0,1,0,0,1,0,33,7,1,0,40,1,1,0
07/24/2020,PARK,2,1,0,0,3,0,34,9,1,0,43,1,3,0
07/25/2020,PARK,0,1,0,0,1,0,35,9,1,0,44,1,1,0
08/02/2020,PARK,0,1,0,0,1,0,36,9,1,0,45,1,1,0
08/13/2020,PARK,0,1,0,0,1,0,37,9,1,0,46,1,1,0
08/20/2020,PARK,0,1,0,0,1,0,38,9,1,0,47,1,1,0
09/03/2020,PARK,0,1,0,0,1,0,39,9,1,0,48,1,1,0
09/04/2020,PARK,0,2,0,0,2,0,41,9,1,0,50,1,2,0
09/16/2020,PARK,1,1,0,0,2,0,42,10,1,0,52,1,2,0
09/17/2020,PARK,1,0,0,0,1,0,42,11,1,0,53,1,1,0
09/18/2020,PARK,0,1,0,0,1,0,43,11,1,0,54,1,1,0
09/19/2020,PARK,0,1,0,0,1,0,44,11,1,0,55,1,1,0
09/21/2020,PARK,0,3,0,0,3,0,47,11,1,0,58,1,3,0
09/22/2020,PARK,1,0,0,0,1,0,47,12,1,0,59,1,1,0
09/23/2020,PARK,1,0,0,0,1,0,47,13,1,0,60,1,1,0
09/25/2020,PARK,0,1,0,0,1,0,48,13,1,0,61,1,1,0
09/26/2020,PARK,1,1,0,0,2,0,49,14,1,0,63,1,2,0
10/08/2020,PARK,1,3,0,0,4,0,52,15,1,0,67,1,4,0
10/09/2020,PARK,0,1,0,0,1,0,53,15,1,0,68,1,1,0
10/13/2020,PARK,0,2,0,0,2,0,55,15,1,0,70,1,2,0
10/14/2020,PARK,0,4,0,0,4,0,59,15,1,0,74,1,4,0
10/15/2020,PARK,2,1,0,0,3,0,60,17,1,0,77,1,3,0
10/16/2020,PARK,0,7,0,0,7,0,67,17,1,0,84,1,7,0
10/17/2020,PARK,1,3,0,0,4,0,70,18,1,0,88,1,4,0
10/20/2020,PARK,0,2,0,0,2,0,72,18,1,0,90,1,2,0
10/21/2020,PARK,0,2,0,0,2,0,74,18,1,0,92,1,2,0
10/22/2020,PARK,0,4,0,0,4,0,78,18,1,0,96,1,4,0
10/26/2020,PARK,0,2,0,0,2,0,80,18,1,0,98,1,2,0
10/28/2020,PARK,0,6,0,1,6,1,86,18,2,0,104,2,6,1
10/29/2020,PARK,0,3,0,0,3,0,89,18,2,0,107,2,3,0
10/30/2020,PARK,1,2,0,0,3,0,91,19,2,0,110,2,3,0
10/31/2020,PARK,0,1,0,0,1,0,92,19,2,0,111,2,1,0
11/01/2020,PARK,0,1,0,0,1,0,93,19,2,0,112,2,1,0
11/02/2020,PARK,2,2,0,0,4,0,95,21,2,0,116,2,4,0
11/03/2020,PARK,0,4,0,1,4,1,99,21,3,0,120,3,4,1
11/04/2020,PARK,0,2,0,0,2,0,101,21,3,0,122,3,2,0
11/05/2020,PARK,0,4,0,0,4,0,105,21,3,0,126,3,4,0
11/06/2020,PARK,1,4,0,0,5,0,109,22,3,0,131,3,5,0
11/07/2020,PARK,0,4,0,0,4,0,113,22,3,0,135,3,4,0
11/08/2020,PARK,1,5,0,1,6,1,118,23,4,0,141,4,6,1
11/09/2020,PARK,0,1,0,0,1,0,119,23,4,0,142,4,1,0
11/10/2020,PARK,0,1,0,0,1,0,120,23,4,0,143,4,1,0
11/11/2020,PARK,0,7,0,0,7,0,127,23,4,0,150,4,7,0
11/12/2020,PARK,0,10,0,0,10,0,137,23,4,0,160,4,10,0
11/13/2020,PARK,0,6,0,0,6,0,143,23,4,0,166,4,6,0
11/14/2020,PARK,0,4,0,0,4,0,147,23,4,0,170,4,4,0
11/15/2020,PARK,0,4,0,0,4,0,151,23,4,0,174,4,4,0
11/16/2020,PARK,0,2,0,0,2,0,153,23,4,0,176,4,2,0
11/17/2020,PARK,0,6,0,0,6,0,159,23,4,0,182,4,6,0
11/18/2020,PARK,0,4,0,0,4,0,163,23,4,0,186,4,4,0
11/19/2020,PARK,1,6,0,0,7,0,169,24,4,0,193,4,7,0
11/20/2020,PARK,1,7,0,0,8,0,176,25,4,0,201,4,8,0
11/21/2020,PARK,0,3,0,0,3,0,179,25,4,0,204,4,3,0
11/22/2020,PARK,0,2,0,0,2,0,181,25,4,0,206,4,2,0
11/23/2020,PARK,1,2,0,0,3,0,183,26,4,0,209,4,3,0
11/24/2020,PARK,0,4,0,0,4,0,187,26,4,0,213,4,4,0
11/25/2020,PARK,0,5,0,0,5,0,192,26,4,0,218,4,5,0
11/26/2020,PARK,0,14,0,0,14,0,206,26,4,0,232,4,14,0
11/27/2020,PARK,0,2,0,0,2,0,208,26,4,0,234,4,2,0
11/28/2020,PARK,2,3,0,0,5,0,211,28,4,0,239,4,5,0
11/29/2020,PARK,0,4,0,0,4,0,215,28,4,0,243,4,4,0
11/30/2020,PARK,0,3,0,0,3,0,218,28,4,0,246,4,3,0
12/01/2020,PARK,0,2,0,0,2,0,220,28,4,0,248,4,2,0
12/02/2020,PARK,0,17,0,0,17,0,237,28,4,0,265,4,17,0
12/03/2020,PARK,1,11,0,0,12,0,248,29,4,0,277,4,12,0
12/04/2020,PARK,0,3,0,0,3,0,251,29,4,0,280,4,3,0
12/05/2020,PARK,0,4,0,0,4,0,255,29,4,0,284,4,4,0
12/06/2020,PARK,0,2,0,0,2,0,257,29,4,0,286,4,2,0
12/07/2020,PARK,0,2,0,0,2,0,259,29,4,0,288,4,2,0
12/08/2020,PARK,0,6,0,0,6,0,265,29,4,0,294,4,6,0
12/09/2020,PARK,0,2,0,0,2,0,267,29,4,0,296,4,2,0
12/10/2020,PARK,0,11,0,0,11,0,278,29,4,0,307,4,11,0
12/11/2020,PARK,2,3,0,0,5,0,281,31,4,0,312,4,5,0
12/12/2020,PARK,0,8,0,0,8,0,289,31,4,0,320,4,8,0
12/14/2020,PARK,0,3,0,0,3,0,292,31,4,0,323,4,3,0
12/15/2020,PARK,0,3,0,0,3,0,295,31,4,0,326,4,3,0
12/16/2020,PARK,0,15,0,1,15,1,310,31,5,0,341,5,15,1
12/17/2020,PARK,0,5,0,0,5,0,315,31,5,0,346,5,5,0
12/18/2020,PARK,0,4,0,0,4,0,319,31,5,0,350,5,4,0
12/19/2020,PARK,0,8,0,0,8,0,327,31,5,0,358,5,8,0
12/20/2020,PARK,0,1,0,0,1,0,328,31,5,0,359,5,1,0
12/21/2020,PARK,0,1,0,0,1,0,329,31,5,0,360,5,1,0
12/22/2020,PARK,0,4,0,0,4,0,333,31,5,0,364,5,4,0
12/23/2020,PARK,0,14,0,0,14,0,347,31,5,0,378,5,14,0
12/24/2020,PARK,1,2,0,0,3,0,349,32,5,0,381,5,3,0
12/25/2020,PARK,0,2,0,0,2,0,351,32,5,0,383,5,2,0
12/26/2020,PARK,0,5,0,0,5,0,356,32,5,0,388,5,5,0
12/27/2020,PARK,0,1,0,0,1,0,357,32,5,0,389,5,1,0
12/28/2020,PARK,0,3,0,0,3,0,360,32,5,0,392,5,3,0
12/29/2020,PARK,0,3,0,0,3,0,363,32,5,0,395,5,3,0
12/30/2020,PARK,1,1,0,0,2,0,364,33,5,0,397,5,2,0
01/01/2021,PARK,0,4,0,0,4,0,368,33,5,0,401,5,4,0
01/02/2021,PARK,1,4,0,0,5,0,372,34,5,0,406,5,5,0
01/03/2021,PARK,0,4,0,0,4,0,376,34,5,0,410,5,4,0
01/04/2021,PARK,0,2,0,0,2,0,378,34,5,0,412,5,2,0
01/05/2021,PARK,0,10,0,0,10,0,388,34,5,0,422,5,10,0
01/06/2021,PARK,0,7,0,0,7,0,395,34,5,0,429,5,7,0
01/07/2021,PARK,0,8,0,0,8,0,403,34,5,0,437,5,8,0
01/08/2021,PARK,0,5,0,0,5,0,408,34,5,0,442,5,5,0
01/09/2021,PARK,3,4,0,0,7,0,412,37,5,0,449,5,7,0
01/10/2021,PARK,0,4,0,0,4,0,416,37,5,0,453,5,4,0
01/11/2021,PARK,0,1,0,0,1,0,417,37,5,0,454,5,1,0
01/12/2021,PARK,0,3,0,0,3,0,420,37,5,0,457,5,3,0
01/13/2021,PARK,2,0,0,0,2,0,420,39,5,0,459,5,2,0
01/14/2021,PARK,0,9,0,0,9,0,429,39,5,0,468,5,9,0
01/15/2021,PARK,0,1,0,0,1,0,430,39,5,0,469,5,1,0
01/16/2021,PARK,0,1,0,0,1,0,431,39,5,0,470,5,1,0
01/17/2021,PARK,0,3,0,0,3,0,434,39,5,0,473,5,3,0
01/18/2021,PARK,0,1,0,0,1,0,435,39,5,0,474,5,1,0
01/19/2021,PARK,0,1,0,0,1,0,436,39,5,0,475,5,1,0
01/21/2021,PARK,0,6,0,0,6,0,442,39,5,0,481,5,6,0
01/22/2021,PARK,0,2,0,0,2,0,444,39,5,0,483,5,2,0
01/23/2021,PARK,0,2,0,0,2,0,446,39,5,0,485,5,2,0
01/25/2021,PARK,0,1,0,0,1,0,447,39,5,0,486,5,1,0
01/26/2021,PARK,0,4,0,0,4,0,451,39,5,0,490,5,4,0
01/27/2021,PARK,0,2,0,0,2,0,453,39,5,0,492,5,2,0
01/28/2021,PARK,0,6,0,0,6,0,459,39,5,0,498,5,6,0
01/29/2021,PARK,2,0,0,0,2,0,459,41,5,0,500,5,2,0
01/30/2021,PARK,0,1,0,0,1,0,460,41,5,0,501,5,1,0
01/31/2021,PARK,0,4,0,0,4,0,464,41,5,0,505,5,4,0
02/01/2021,PARK,0,3,0,0,3,0,467,41,5,0,508,5,3,0
02/02/2021,PARK,1,2,0,0,3,0,469,42,5,0,511,5,3,0
02/03/2021,PARK,0,6,0,0,6,0,475,42,5,0,517,5,6,0
02/04/2021,PARK,0,2,0,0,2,0,477,42,5,0,519,5,2,0
02/05/2021,PARK,0,5,0,0,5,0,482,42,5,0,524,5,5,0
02/07/2021,PARK,0,2,0,0,2,0,484,42,5,0,526,5,2,0
02/09/2021,PARK,0,4,0,0,4,0,488,42,5,0,530,5,4,0
02/10/2021,PARK,1,2,0,0,3,0,490,43,5,0,533,5,3,0
02/11/2021,PARK,0,5,0,0,5,0,495,43,5,0,538,5,5,0
02/12/2021,PARK,0,4,0,0,4,0,499,43,5,0,542,5,4,0
02/13/2021,PARK,1,1,0,0,2,0,500,44,5,0,544,5,2,0
02/14/2021,PARK,0,1,0,0,1,0,501,44,5,0,545,5,1,0
02/18/2021,PARK,3,3,0,0,6,0,504,47,5,0,551,5,6,0
02/19/2021,PARK,0,3,0,0,3,0,507,47,5,0,554,5,3,0
02/20/2021,PARK,0,2,0,0,2,0,509,47,5,0,556,5,2,0
02/24/2021,PARK,3,2,0,0,5,0,511,50,5,0,561,5,5,0
02/25/2021,PARK,0,1,0,0,1,0,512,50,5,0,562,5,1,0
02/26/2021,PARK,0,1,0,0,1,0,513,50,5,0,563,5,1,0
02/27/2021,PARK,1,3,0,0,4,0,516,51,5,0,567,5,4,0
03/02/2021,PARK,0,2,0,0,2,0,518,51,5,0,569,5,2,0
03/03/2021,PARK,1,3,0,0,4,0,521,52,5,0,573,5,4,0
03/04/2021,PARK,0,1,0,0,1,0,522,52,5,0,574,5,1,0
03/05/2021,PARK,0,2,0,0,2,0,524,52,5,0,576,5,2,0
03/06/2021,PARK,0,3,0,0,3,0,527,52,5,0,579,5,3,0
03/09/2021,PARK,0,3,0,0,3,0,530,52,5,0,582,5,3,0
03/10/2021,PARK,0,3,0,0,3,0,533,52,5,0,585,5,3,0
03/11/2021,PARK,0,1,0,0,1,0,534,52,5,0,586,5,1,0
03/12/2021,PARK,0,1,0,0,1,0,535,52,5,0,587,5,1,0
03/13/2021,PARK,0,1,0,0,1,0,536,52,5,0,588,5,1,0
03/15/2021,PARK,1,0,0,0,1,0,536,53,5,0,589,5,1,0
03/17/2021,PARK,0,3,0,0,3,0,539,53,5,0,592,5,3,0
03/18/2021,PARK,0,2,0,0,2,0,541,53,5,0,594,5,2,0
03/19/2021,PARK,0,1,0,0,1,0,542,53,5,0,595,5,1,0
03/20/2021,PARK,1,8,0,0,9,0,550,54,5,0,604,5,9,0
03/21/2021,PARK,0,2,0,0,2,0,552,54,5,0,606,5,2,0
03/22/2021,PARK,1,0,0,0,1,0,552,55,5,0,607,5,1,0
03/23/2021,PARK,0,3,0,0,3,0,555,55,5,0,610,5,3,0
03/24/2021,PARK,1,3,0,0,4,0,558,56,5,0,614,5,4,0
03/25/2021,PARK,1,3,0,0,4,0,561,57,5,0,618,5,4,0
03/26/2021,PARK,1,1,0,0,2,0,562,58,5,0,620,5,2,0
03/29/2021,PARK,0,1,0,0,1,0,563,58,5,0,621,5,1,0
03/30/2021,PARK,0,1,0,0,1,0,564,58,5,0,622,5,1,0
03/31/2021,PARK,0,2,0,0,2,0,566,58,5,0,624,5,2,0
04/01/2021,PARK,1,2,0,0,3,0,568,59,5,0,627,5,3,0
04/02/2021,PARK,1,0,0,0,1,0,568,60,5,0,628,5,1,0
04/03/2021,PARK,0,1,0,0,1,0,569,60,5,0,629,5,1,0
04/05/2021,PARK,0,1,0,0,1,0,570,60,5,0,630,5,1,0
04/06/2021,PARK,0,9,0,0,9,0,579,60,5,0,639,5,9,0
04/07/2021,PARK,1,0,0,0,1,0,579,61,5,0,640,5,1,0
04/08/2021,PARK,6,2,0,0,8,0,581,67,5,0,648,5,8,0
04/09/2021,PARK,0,2,0,0,2,0,583,67,5,0,650,5,2,0
04/10/2021,PARK,2,3,0,0,5,0,586,69,5,0,655,5,5,0
04/12/2021,PARK,1,4,0,0,5,0,590,70,5,0,660,5,5,0
04/13/2021,PARK,0,8,0,0,8,0,598,70,5,0,668,5,8,0
04/14/2021,PARK,2,3,0,0,5,0,601,72,5,0,673,5,5,0
04/15/2021,PARK,0,5,0,0,5,0,606,72,5,0,678,5,5,0
04/16/2021,PARK,3,0,0,0,3,0,606,75,5,0,681,5,3,0
04/17/2021,PARK,1,3,0,0,4,0,609,76,5,0,685,5,4,0
04/18/2021,PARK,0,1,0,0,1,0,610,76,5,0,686,5,1,0
04/19/2021,PARK,2,3,0,0,5,0,613,78,5,0,691,5,5,0
04/20/2021,PARK,0,10,0,0,10,0,623,78,5,0,701,5,10,0
04/21/2021,PARK,0,8,0,0,8,0,631,78,5,0,709,5,8,0
04/22/2021,PARK,0,7,0,0,7,0,638,78,5,0,716,5,7,0
04/23/2021,PARK,0,4,0,0,4,0,642,78,5,0,720,5,4,0
04/24/2021,PARK,4,9,0,0,13,0,651,82,5,0,733,5,13,0
04/25/2021,PARK,1,1,0,0,2,0,652,83,5,0,735,5,2,0
04/26/2021,PARK,0,1,0,0,1,0,653,83,5,0,736,5,1,0
04/27/2021,PARK,0,10,0,0,10,0,663,83,5,0,746,5,10,0
04/29/2021,PARK,2,0,0,0,2,0,663,85,5,0,748,5,2,0
04/30/2021,PARK,1,3,0,0,4,0,666,86,5,0,752,5,4,0
05/01/2021,PARK,0,1,0,0,1,0,667,86,5,0,753,5,1,0
05/03/2021,PARK,0,2,0,0,2,0,669,86,5,0,755,5,2,0
05/05/2021,PARK,0,1,0,0,1,0,670,86,5,0,756,5,1,0
05/06/2021,PARK,2,3,0,0,5,0,673,88,5,0,761,5,5,0
05/07/2021,PARK,0,5,0,0,5,0,678,88,5,0,766,5,5,0
05/09/2021,PARK,0,1,0,0,1,0,679,88,5,0,767,5,1,0
05/10/2021,PARK,2,0,0,0,2,0,679,90,5,0,769,5,2,0
05/11/2021,PARK,0,3,0,0,3,0,682,90,5,0,772,5,3,0
05/12/2021,PARK,0,4,0,0,4,0,686,90,5,0,776,5,4,0
05/13/2021,PARK,0,3,0,0,3,0,689,90,5,0,779,5,3,0
05/14/2021,PARK,0,2,0,0,2,0,691,90,5,0,781,5,2,0
05/15/2021,PARK,0,2,0,0,2,0,693,90,5,0,783,5,2,0
05/16/2021,PARK,1,1,0,0,2,0,694,91,5,0,785,5,2,0
05/18/2021,PARK,4,2,0,0,6,0,696,95,5,0,791,5,6,0
05/19/2021,PARK,1,3,0,0,4,0,699,96,5,0,795,5,4,0
05/20/2021,PARK,1,4,0,0,5,0,703,97,5,0,800,5,5,0
05/21/2021,PARK,1,3,0,0,4,0,706,98,5,0,804,5,4,0
05/24/2021,PARK,2,0,0,0,2,0,706,100,5,0,806,5,2,0
05/25/2021,PARK,3,5,0,0,8,0,711,103,5,0,814,5,8,0
05/26/2021,PARK,0,1,0,0,1,0,712,103,5,0,815,5,1,0
05/27/2021,PARK,0,2,0,0,2,0,714,103,5,0,817,5,2,0
05/28/2021,PARK,0,3,0,0,3,0,717,103,5,0,820,5,3,0
05/30/2021,PARK,0,2,0,0,2,0,719,103,5,0,822,5,2,0
05/31/2021,PARK,1,4,0,0,5,0,723,104,5,0,827,5,5,0
06/01/2021,PARK,0,3,0,0,3,0,726,104,5,0,830,5,3,0
06/02/2021,PARK,0,1,0,0,1,0,727,104,5,0,831,5,1,0
06/03/2021,PARK,5,1,0,0,6,0,728,109,5,0,837,5,6,0
06/04/2021,PARK,0,1,0,0,1,0,729,109,5,0,838,5,1,0
06/05/2021,PARK,0,2,0,0,2,0,731,109,5,0,840,5,2,0
06/07/2021,PARK,0,2,0,0,2,0,733,109,5,0,842,5,2,0
06/11/2021,PARK,0,1,0,0,1,0,734,109,5,0,843,5,1,0
06/15/2021,PARK,0,1,0,0,1,0,735,109,5,0,844,5,1,0
06/23/2021,PARK,0,2,0,0,2,0,737,109,5,0,846,5,2,0
06/24/2021,PARK,0,1,0,0,1,0,738,109,5,0,847,5,1,0
07/01/2021,PARK,0,1,0,0,1,0,739,109,5,0,848,5,1,0
07/02/2021,PARK,0,1,0,0,1,0,740,109,5,0,849,5,1,0
07/06/2021,PARK,2,0,0,0,2,0,740,111,5,0,851,5,2,0
07/07/2021,PARK,0,1,0,0,1,0,741,111,5,0,852,5,1,0
07/08/2021,PARK,0,1,0,0,1,0,742,111,5,0,853,5,1,0
07/09/2021,PARK,1,1,0,0,2,0,743,112,5,0,855,5,2,0
07/10/2021,PARK,0,1,0,0,1,0,744,112,5,0,856,5,1,0
07/11/2021,PARK,0,3,0,0,3,0,747,112,5,0,859,5,3,0
07/12/2021,PARK,2,1,0,0,3,0,748,114,5,0,862,5,3,0
07/14/2021,PARK,0,1,0,0,1,0,749,114,5,0,863,5,1,0
07/15/2021,PARK,1,0,0,0,1,0,749,115,5,0,864,5,1,0
07/16/2021,PARK,1,1,0,0,2,0,750,116,5,0,866,5,2,0
07/20/2021,PARK,2,1,0,0,3,0,751,118,5,0,869,5,3,0
07/21/2021,PARK,0,2,0,0,2,0,753,118,5,0,871,5,2,0
07/22/2021,PARK,4,3,0,0,7,0,756,122,5,0,878,5,7,0
07/23/2021,PARK,0,2,0,0,2,0,758,122,5,0,880,5,2,0
07/24/2021,PARK,0,1,0,0,1,0,759,122,5,0,881,5,1,0
07/26/2021,PARK,1,3,0,0,4,0,762,123,5,0,885,5,4,0
07/27/2021,PARK,0,1,0,0,1,0,763,123,5,0,886,5,1,0
07/28/2021,PARK,0,1,0,0,1,0,764,123,5,0,887,5,1,0
07/29/2021,PARK,0,2,0,0,2,0,766,123,5,0,889,5,2,0
07/30/2021,PARK,0,6,0,0,6,0,772,123,5,0,895,5,6,0
07/31/2021,PARK,0,4,0,0,4,0,776,123,5,0,899,5,4,0
08/01/2021,PARK,0,1,0,0,1,0,777,123,5,0,900,5,1,0
08/02/2021,PARK,1,2,0,0,3,0,779,124,5,0,903,5,3,0
08/03/2021,PARK,3,2,0,0,5,0,781,127,5,0,908,5,5,0
08/04/2021,PARK,0,6,0,1,6,1,787,127,6,0,914,6,6,1
08/05/2021,PARK,0,3,0,0,3,0,790,127,6,0,917,6,3,0
08/06/2021,PARK,0,2,0,0,2,0,792,127,6,0,919,6,2,0
08/07/2021,PARK,1,5,0,0,6,0,797,128,6,0,925,6,6,0
08/08/2021,PARK,2,3,0,0,5,0,800,130,6,0,930,6,5,0
08/09/2021,PARK,0,2,0,0,2,0,802,130,6,0,932,6,2,0
08/10/2021,PARK,0,5,0,0,5,0,807,130,6,0,937,6,5,0
08/11/2021,PARK,0,7,0,0,7,0,814,130,6,0,944,6,7,0
08/12/2021,PARK,1,2,0,0,3,0,816,131,6,0,947,6,3,0
08/13/2021,PARK,0,4,0,0,4,0,820,131,6,0,951,6,4,0
08/14/2021,PARK,0,2,0,0,2,0,822,131,6,0,953,6,2,0
08/15/2021,PARK,0,3,0,0,3,0,825,131,6,0,956,6,3,0
08/16/2021,PARK,0,2,0,0,2,0,827,131,6,0,958,6,2,0
08/17/2021,PARK,1,8,0,0,9,0,835,132,6,0,967,6,9,0
08/18/2021,PARK,0,1,0,0,1,0,836,132,6,0,968,6,1,0
08/19/2021,PARK,0,3,0,0,3,0,839,132,6,0,971,6,3,0
08/20/2021,PARK,0,1,0,0,1,0,840,132,6,0,972,6,1,0
08/21/2021,PARK,1,2,0,0,3,0,842,133,6,0,975,6,3,0
08/22/2021,PARK,0,4,0,0,4,0,846,133,6,0,979,6,4,0
08/23/2021,PARK,1,2,0,0,3,0,848,134,6,0,982,6,3,0
08/24/2021,PARK,1,2,0,0,3,0,850,135,6,0,985,6,3,0
08/25/2021,PARK,6,9,0,0,15,0,859,141,6,0,1000,6,15,0
08/26/2021,PARK,1,6,0,0,7,0,865,142,6,0,1007,6,7,0
08/27/2021,PARK,2,2,0,0,4,0,867,144,6,0,1011,6,4,0
08/28/2021,PARK,2,11,0,0,13,0,878,146,6,0,1024,6,13,0
08/29/2021,PARK,1,5,0,0,6,0,883,147,6,0,1030,6,6,0
08/30/2021,PARK,0,5,0,1,5,1,888,147,7,0,1035,7,5,1
08/31/2021,PARK,2,13,0,0,15,0,901,149,7,0,1050,7,15,0
09/01/2021,PARK,2,4,0,0,6,0,905,151,7,0,1056,7,6,0
09/02/2021,PARK,1,2,0,0,3,0,907,152,7,0,1059,7,3,0
09/03/2021,PARK,0,2,0,0,2,0,909,152,7,0,1061,7,2,0
09/04/2021,PARK,0,8,0,0,8,0,917,152,7,0,1069,7,8,0
09/05/2021,PARK,0,4,0,0,4,0,921,152,7,0,1073,7,4,0
09/07/2021,PARK,5,5,0,0,10,0,926,157,7,0,1083,7,10,0
09/08/2021,PARK,2,2,0,0,4,0,928,159,7,0,1087,7,4,0
09/09/2021,PARK,0,8,0,0,8,0,936,159,7,0,1095,7,8,0
09/10/2021,PARK,1,1,0,0,2,0,937,160,7,0,1097,7,2,0
09/11/2021,PARK,0,6,0,0,6,0,943,160,7,0,1103,7,6,0
09/12/2021,PARK,0,3,0,0,3,0,946,160,7,0,1106,7,3,0
09/13/2021,PARK,0,2,0,0,2,0,948,160,7,0,1108,7,2,0
09/14/2021,PARK,0,9,0,0,9,0,957,160,7,0,1117,7,9,0
09/15/2021,PARK,0,7,0,2,7,2,964,160,9,0,1124,9,7,2
09/16/2021,PARK,2,3,0,0,5,0,967,162,9,0,1129,9,5,0
09/17/2021,PARK,0,9,0,0,9,0,976,162,9,0,1138,9,9,0
09/18/2021,PARK,0,9,0,0,9,0,985,162,9,0,1147,9,9,0
09/19/2021,PARK,0,2,0,0,2,0,987,162,9,0,1149,9,2,0
09/20/2021,PARK,1,4,0,0,5,0,991,163,9,0,1154,9,5,0
09/21/2021,PARK,3,8,0,0,11,0,999,166,9,0,1165,9,11,0
09/22/2021,PARK,2,5,0,0,7,0,1004,168,9,0,1172,9,7,0
09/23/2021,PARK,1,3,0,0,4,0,1007,169,9,0,1176,9,4,0
09/24/2021,PARK,1,4,0,0,5,0,1011,170,9,0,1181,9,5,0
09/25/2021,PARK,0,4,0,0,4,0,1015,170,9,0,1185,9,4,0
09/26/2021,PARK,0,2,0,0,2,0,1017,170,9,0,1187,9,2,0
09/27/2021,PARK,2,10,0,0,12,0,1027,172,9,0,1199,9,12,0
09/28/2021,PARK,0,3,0,0,3,0,1030,172,9,0,1202,9,3,0
09/29/2021,PARK,1,3,0,0,4,0,1033,173,9,0,1206,9,4,0
09/30/2021,PARK,1,13,0,0,14,0,1046,174,9,0,1220,9,14,0
10/01/2021,PARK,1,6,0,0,7,0,1052,175,9,0,1227,9,7,0
10/02/2021,PARK,0,2,0,0,2,0,1054,175,9,0,1229,9,2,0
10/03/2021,PARK,0,4,0,0,4,0,1058,175,9,0,1233,9,4,0
10/04/2021,PARK,9,5,0,0,14,0,1063,184,9,0,1247,9,14,0
10/05/2021,PARK,3,12,0,0,15,0,1075,187,9,0,1262,9,15,0
10/06/2021,PARK,1,6,0,0,7,0,1081,188,9,0,1269,9,7,0
10/07/2021,PARK,0,7,0,0,7,0,1088,188,9,0,1276,9,7,0
10/08/2021,PARK,1,8,0,0,9,0,1096,189,9,0,1285,9,9,0
10/09/2021,PARK,1,10,0,0,11,0,1106,190,9,0,1296,9,11,0
10/10/2021,PARK,0,7,0,0,7,0,1113,190,9,0,1303,9,7,0
10/11/2021,PARK,6,3,0,0,9,0,1116,196,9,0,1312,9,9,0
10/12/2021,PARK,4,5,0,0,9,0,1121,200,9,0,1321,9,9,0
10/13/2021,PARK,1,10,0,0,11,0,1131,201,9,0,1332,9,11,0
10/14/2021,PARK,1,4,0,0,5,0,1135,202,9,0,1337,9,5,0
10/15/2021,PARK,0,3,0,0,3,0,1138,202,9,0,1340,9,3,0
10/16/2021,PARK,0,10,0,0,10,0,1148,202,9,0,1350,9,10,0
10/18/2021,PARK,4,1,0,0,5,0,1149,206,9,0,1355,9,5,0
10/19/2021,PARK,10,9,1,0,19,1,1158,216,9,1,1374,10,19,1
10/20/2021,PARK,6,7,0,1,13,1,1165,222,10,1,1387,11,13,1
10/21/2021,PARK,3,11,0,0,14,0,1176,225,10,1,1401,11,14,0
10/22/2021,PARK,2,4,0,0,6,0,1180,227,10,1,1407,11,6,0
10/23/2021,PARK,2,10,0,0,12,0,1190,229,10,1,1419,11,12,0
10/24/2021,PARK,1,6,0,0,7,0,1196,230,10,1,1426,11,7,0
10/25/2021,PARK,5,2,0,0,7,0,1198,235,10,1,1433,11,7,0
10/26/2021,PARK,3,17,0,0,20,0,1215,238,10,1,1453,11,20,0
10/27/2021,PARK,9,2,0,0,11,0,1217,247,10,1,1464,11,11,0
10/28/2021,PARK,5,9,0,0,14,0,1226,252,10,1,1478,11,14,0
10/29/2021,PARK,3,5,0,0,8,0,1231,255,10,1,1486,11,8,0
10/30/2021,PARK,1,12,0,0,13,0,1243,256,10,1,1499,11,13,0
10/31/2021,PARK,0,7,0,0,7,0,1250,256,10,1,1506,11,7,0
11/01/2021,PARK,0,1,0,0,1,0,1251,256,10,1,1507,11,1,0
11/02/2021,PARK,3,8,0,0,11,0,1259,259,10,1,1518,11,11,0
11/03/2021,PARK,3,4,0,0,7,0,1263,262,10,1,1525,11,7,0
11/04/2021,PARK,0,5,0,0,5,0,1268,262,10,1,1530,11,5,0
11/05/2021,PARK,1,6,0,0,7,0,1274,263,10,1,1537,11,7,0
11/06/2021,PARK,3,5,0,0,8,0,1279,266,10,1,1545,11,8,0
11/07/2021,PARK,0,5,0,0,5,0,1284,266,10,1,1550,11,5,0
11/08/2021,PARK,1,0,0,0,1,0,1284,267,10,1,1551,11,1,0
11/09/2021,PARK,2,11,0,0,13,0,1295,269,10,1,1564,11,13,0
11/10/2021,PARK,3,5,0,0,8,0,1300,272,10,1,1572,11,8,0
11/11/2021,PARK,6,10,0,0,16,0,1310,278,10,1,1588,11,16,0
11/12/2021,PARK,0,3,0,0,3,0,1313,278,10,1,1591,11,3,0
11/13/2021,PARK,2,12,0,1,14,1,1325,280,11,1,1605,12,14,1
11/14/2021,PARK,0,5,0,0,5,0,1330,280,11,1,1610,12,5,0
11/15/2021,PARK,0,3,0,0,3,0,1333,280,11,1,1613,12,3,0
11/16/2021,PARK,4,12,0,0,16,0,1345,284,11,1,1629,12,16,0
11/17/2021,PARK,0,3,0,0,3,0,1348,284,11,1,1632,12,3,0
11/18/2021,PARK,2,8,0,0,10,0,1356,286,11,1,1642,12,10,0
11/19/2021,PARK,0,3,0,0,3,0,1359,286,11,1,1645,12,3,0
11/20/2021,PARK,2,2,0,0,4,0,1361,288,11,1,1649,12,4,0
11/21/2021,PARK,0,1,0,1,1,1,1362,288,12,1,1650,13,1,1
11/22/2021,PARK,2,14,0,0,16,0,1376,290,12,1,1666,13,16,0
11/23/2021,PARK,6,10,0,0,16,0,1386,296,12,1,1682,13,16,0
11/24/2021,PARK,1,5,0,0,6,0,1391,297,12,1,1688,13,6,0
11/25/2021,PARK,0,3,0,0,3,0,1394,297,12,1,1691,13,3,0
11/26/2021,PARK,0,3,0,0,3,0,1397,297,12,1,1694,13,3,0
11/27/2021,PARK,0,9,0,0,9,0,1406,297,12,1,1703,13,9,0
11/28/2021,PARK,0,3,0,0,3,0,1409,297,12,1,1706,13,3,0
11/29/2021,PARK,4,4,0,0,8,0,1413,301,12,1,1714,13,8,0
11/30/2021,PARK,3,10,0,0,13,0,1423,304,12,1,1727,13,13,0
12/01/2021,PARK,4,11,0,0,15,0,1434,308,12,1,1742,13,15,0
12/02/2021,PARK,1,10,0,1,11,1,1444,309,13,1,1753,14,11,1
12/03/2021,PARK,3,2,0,0,5,0,1446,312,13,1,1758,14,5,0
12/04/2021,PARK,1,6,0,0,7,0,1452,313,13,1,1765,14,7,0
12/05/2021,PARK,0,4,0,0,4,0,1456,313,13,1,1769,14,4,0
12/06/2021,PARK,0,4,0,0,4,0,1460,313,13,1,1773,14,4,0
12/07/2021,PARK,0,13,0,0,13,0,1473,313,13,1,1786,14,13,0
12/08/2021,PARK,2,3,0,0,5,0,1476,315,13,1,1791,14,5,0
12/09/2021,PARK,2,7,0,0,9,0,1483,317,13,1,1800,14,9,0
12/10/2021,PARK,1,0,0,0,1,0,1483,318,13,1,1801,14,1,0
12/11/2021,PARK,3,9,0,0,12,0,1492,321,13,1,1813,14,12,0
12/12/2021,PARK,0,2,0,0,2,0,1494,321,13,1,1815,14,2,0
12/13/2021,PARK,2,2,0,0,4,0,1496,323,13,1,1819,14,4,0
12/14/2021,PARK,3,2,0,0,5,0,1498,326,13,1,1824,14,5,0
12/15/2021,PARK,0,2,0,0,2,0,1500,326,13,1,1826,14,2,0
12/16/2021,PARK,1,5,1,0,6,1,1505,327,13,2,1832,15,6,1
12/17/2021,PARK,1,3,0,0,4,0,1508,328,13,2,1836,15,4,0
12/18/2021,PARK,1,10,0,1,11,1,1518,329,14,2,1847,16,11,1
12/20/2021,PARK,0,6,0,0,6,0,1524,329,14,2,1853,16,6,0
12/21/2021,PARK,3,17,0,0,20,0,1541,332,14,2,1873,16,20,0
12/22/2021,PARK,1,5,0,0,6,0,1546,333,14,2,1879,16,6,0
12/23/2021,PARK,3,13,0,0,16,0,1559,336,14,2,1895,16,16,0
12/24/2021,PARK,0,6,0,0,6,0,1565,336,14,2,1901,16,6,0
12/25/2021,PARK,0,13,0,0,13,0,1578,336,14,2,1914,16,13,0
12/26/2021,PARK,0,3,0,0,3,0,1581,336,14,2,1917,16,3,0
12/27/2021,PARK,6,10,0,0,16,0,1591,342,14,2,1933,16,16,0
12/28/2021,PARK,2,12,0,0,14,0,1603,344,14,2,1947,16,14,0
12/29/2021,PARK,6,21,0,0,27,0,1624,350,14,2,1974,16,27,0
12/30/2021,PARK,2,18,0,0,20,0,1642,352,14,2,1994,16,20,0
12/31/2021,PARK,1,16,0,0,17,0,1658,353,14,2,2011,16,17,0
01/01/2022,PARK,1,33,0,0,34,0,1691,354,14,2,2045,16,34,0
01/02/2022,PARK,7,7,0,0,14,0,1698,361,14,2,2059,16,14,0
01/03/2022,PARK,6,5,0,0,11,0,1703,367,14,2,2070,16,11,0
01/04/2022,PARK,10,68,0,0,78,0,1771,377,14,2,2148,16,78,0
01/05/2022,PARK,5,21,0,1,26,1,1792,382,15,2,2174,17,26,1
01/06/2022,PARK,11,17,0,0,28,0,1809,393,15,2,2202,17,28,0
01/07/2022,PARK,4,11,0,0,15,0,1820,397,15,2,2217,17,15,0
01/08/2022,PARK,1,32,0,0,33,0,1852,398,15,2,2250,17,33,0
01/09/2022,PARK,3,10,0,0,13,0,1862,401,15,2,2263,17,13,0
01/10/2022,PARK,5,13,0,0,18,0,1875,406,15,2,2281,17,18,0
01/11/2022,PARK,9,49,0,0,58,0,1924,415,15,2,2339,17,58,0
01/12/2022,PARK,6,12,0,1,18,1,1936,421,16,2,2357,18,18,1
01/13/2022,PARK,8,14,0,0,22,0,1950,429,16,2,2379,18,22,0
01/14/2022,PARK,11,21,0,0,32,0,1971,440,16,2,2411,18,32,0
01/15/2022,PARK,1,24,0,0,25,0,1995,441,16,2,2436,18,25,0
01/16/2022,PARK,0,8,0,0,8,0,2003,441,16,2,2444,18,8,0
01/17/2022,PARK,1,12,0,0,13,0,2015,442,16,2,2457,18,13,0
01/18/2022,PARK,9,31,0,0,40,0,2046,451,16,2,2497,18,40,0
01/19/2022,PARK,9,16,0,0,25,0,2062,460,16,2,2522,18,25,0
01/20/2022,PARK,4,12,0,0,16,0,2074,464,16,2,2538,18,16,0
01/21/2022,PARK,6,15,0,0,21,0,2089,470,16,2,2559,18,21,0
01/22/2022,PARK,1,24,0,0,25,0,2113,471,16,2,2584,18,25,0
01/23/2022,PARK,2,7,0,0,9,0,2120,473,16,2,2593,18,9,0
01/24/2022,PARK,8,7,0,0,15,0,2127,481,16,2,2608,18,15,0
01/25/2022,PARK,5,12,0,1,17,1,2139,486,17,2,2625,19,17,1
01/26/2022,PARK,7,8,0,0,15,0,2147,493,17,2,2640,19,15,0
01/27/2022,PARK,5,10,0,0,15,0,2157,498,17,2,2655,19,15,0
01/28/2022,PARK,2,8,0,0,10,0,2165,500,17,2,2665,19,10,0
01/29/2022,PARK,0,7,0,0,7,0,2172,500,17,2,2672,19,7,0
01/30/2022,PARK,0,3,0,0,3,0,2175,500,17,2,2675,19,3,0
01/31/2022,PARK,4,6,0,0,10,0,2181,504,17,2,2685,19,10,0
02/01/2022,PARK,1,5,0,0,6,0,2186,505,17,2,2691,19,6,0
02/02/2022,PARK,1,8,0,0,9,0,2194,506,17,2,2700,19,9,0
02/03/2022,PARK,2,1,0,0,3,0,2195,508,17,2,2703,19,3,0
02/04/2022,PARK,3,3,0,0,6,0,2198,511,17,2,2709,19,6,0
02/05/2022,PARK,4,4,1,0,8,1,2202,515,17,3,2717,20,8,1
02/06/2022,PARK,0,2,0,0,2,0,2204,515,17,3,2719,20,2,0
02/07/2022,PARK,1,3,0,0,4,0,2207,516,17,3,2723,20,4,0
02/08/2022,PARK,0,2,0,0,2,0,2209,516,17,3,2725,20,2,0
02/09/2022,PARK,2,1,0,0,3,0,2210,518,17,3,2728,20,3,0
02/10/2022,PARK,0,9,0,0,9,0,2219,518,17,3,2737,20,9,0
02/11/2022,PARK,0,2,0,0,2,0,2221,518,17,3,2739,20,2,0
02/12/2022,PARK,1,1,0,0,2,0,2222,519,17,3,2741,20,2,0
02/14/2022,PARK,1,1,0,0,2,0,2223,520,17,3,2743,20,2,0
02/15/2022,PARK,0,1,0,0,1,0,2224,520,17,3,2744,20,1,0
02/16/2022,PARK,0,2,0,0,2,0,2226,520,17,3,2746,20,2,0
02/17/2022,PARK,0,1,0,0,1,0,2227,520,17,3,2747,20,1,0
02/18/2022,PARK,0,2,0,0,2,0,2229,520,17,3,2749,20,2,0
02/19/2022,PARK,0,2,0,0,2,0,2231,520,17,3,2751,20,2,0
02/20/2022,PARK,0,1,0,0,1,0,2232,520,17,3,2752,20,1,0
02/21/2022,PARK,0,2,0,0,2,0,2234,520,17,3,2754,20,2,0
02/23/2022,PARK,0,1,0,0,1,0,2235,520,17,3,2755,20,1,0
02/24/2022,PARK,0,3,0,0,3,0,2238,520,17,3,2758,20,3,0
02/26/2022,PARK,0,1,0,0,1,0,2239,520,17,3,2759,20,1,0
02/28/2022,PARK,0,2,0,0,2,0,2241,520,17,3,2761,20,2,0
03/02/2022,PARK,0,1,0,0,1,0,2242,520,17,3,2762,20,1,0
03/08/2022,PARK,1,1,0,0,2,0,2243,521,17,3,2764,20,2,0
03/10/2022,PARK,3,0,0,0,3,0,2243,524,17,3,2767,20,3,0
03/11/2022,PARK,1,0,0,0,1,0,2243,525,17,3,2768,20,1,0
03/14/2022,PARK,0,2,0,0,2,0,2245,525,17,3,2770,20,2,0
03/15/2022,PARK,1,0,0,0,1,0,2245,526,17,3,2771,20,1,0
03/17/2022,PARK,1,0,0,0,1,0,2245,527,17,3,2772,20,1,0
03/18/2022,PARK,0,2,0,0,2,0,2247,527,17,3,2774,20,2,0
03/19/2022,PARK,0,1,0,0,1,0,2248,527,17,3,2775,20,1,0
03/30/2020,PHILLIPS,0,1,0,0,1,0,1,0,0,0,1,0,-2774,-20
04/01/2020,PHILLIPS,0,1,0,0,1,0,2,0,0,0,2,0,1,0
04/03/2020,PHILLIPS,0,1,0,0,1,0,3,0,0,0,3,0,1,0
04/07/2020,PHILLIPS,1,0,0,0,1,0,3,1,0,0,4,0,1,0
04/16/2020,PHILLIPS,0,1,0,0,1,0,4,1,0,0,5,0,1,0
05/05/2020,PHILLIPS,0,1,0,0,1,0,5,1,0,0,6,0,1,0
05/06/2020,PHILLIPS,0,1,0,0,1,0,6,1,0,0,7,0,1,0
05/08/2020,PHILLIPS,0,1,0,0,1,0,7,1,0,0,8,0,1,0
05/10/2020,PHILLIPS,0,1,0,0,1,0,8,1,0,0,9,0,1,0
05/14/2020,PHILLIPS,0,1,0,0,1,0,9,1,0,0,10,0,1,0
05/22/2020,PHILLIPS,0,2,0,1,2,1,11,1,1,0,12,1,2,1
05/28/2020,PHILLIPS,0,1,0,0,1,0,12,1,1,0,13,1,1,0
05/31/2020,PHILLIPS,0,1,0,0,1,0,13,1,1,0,14,1,1,0
06/07/2020,PHILLIPS,0,1,0,0,1,0,14,1,1,0,15,1,1,0
06/27/2020,PHILLIPS,0,1,0,0,1,0,15,1,1,0,16,1,1,0
07/17/2020,PHILLIPS,1,0,0,0,1,0,15,2,1,0,17,1,1,0
07/22/2020,PHILLIPS,0,2,0,0,2,0,17,2,1,0,19,1,2,0
07/23/2020,PHILLIPS,0,1,0,0,1,0,18,2,1,0,20,1,1,0
09/01/2020,PHILLIPS,1,0,0,0,1,0,18,3,1,0,21,1,1,0
09/02/2020,PHILLIPS,0,1,0,0,1,0,19,3,1,0,22,1,1,0
09/03/2020,PHILLIPS,1,1,0,0,2,0,20,4,1,0,24,1,2,0
09/04/2020,PHILLIPS,4,0,0,0,4,0,20,8,1,0,28,1,4,0
09/08/2020,PHILLIPS,1,1,0,0,2,0,21,9,1,0,30,1,2,0
09/11/2020,PHILLIPS,1,1,0,0,2,0,22,10,1,0,32,1,2,0
09/14/2020,PHILLIPS,0,1,0,0,1,0,23,10,1,0,33,1,1,0
09/17/2020,PHILLIPS,1,0,0,0,1,0,23,11,1,0,34,1,1,0
10/07/2020,PHILLIPS,0,2,0,0,2,0,25,11,1,0,36,1,2,0
10/13/2020,PHILLIPS,0,2,0,0,2,0,27,11,1,0,38,1,2,0
10/14/2020,PHILLIPS,0,1,0,0,1,0,28,11,1,0,39,1,1,0
10/15/2020,PHILLIPS,0,1,0,0,1,0,29,11,1,0,40,1,1,0
10/16/2020,PHILLIPS,1,0,0,0,1,0,29,12,1,0,41,1,1,0
10/17/2020,PHILLIPS,0,1,0,0,1,0,30,12,1,0,42,1,1,0
10/18/2020,PHILLIPS,2,0,0,0,2,0,30,14,1,0,44,1,2,0
10/19/2020,PHILLIPS,0,2,0,0,2,0,32,14,1,0,46,1,2,0
10/20/2020,PHILLIPS,1,0,0,0,1,0,32,15,1,0,47,1,1,0
10/21/2020,PHILLIPS,0,3,0,0,3,0,35,15,1,0,50,1,3,0
10/22/2020,PHILLIPS,0,1,0,0,1,0,36,15,1,0,51,1,1,0
10/23/2020,PHILLIPS,1,3,0,0,4,0,39,16,1,0,55,1,4,0
10/26/2020,PHILLIPS,2,2,0,0,4,0,41,18,1,0,59,1,4,0
10/27/2020,PHILLIPS,1,1,0,0,2,0,42,19,1,0,61,1,2,0
10/28/2020,PHILLIPS,2,0,0,0,2,0,42,21,1,0,63,1,2,0
10/30/2020,PHILLIPS,1,0,0,0,1,0,42,22,1,0,64,1,1,0
10/31/2020,PHILLIPS,0,2,0,0,2,0,44,22,1,0,66,1,2,0
11/01/2020,PHILLIPS,1,4,0,2,5,2,48,23,3,0,71,3,5,2
11/02/2020,PHILLIPS,6,1,1,0,7,1,49,29,3,1,78,4,7,1
11/03/2020,PHILLIPS,2,1,0,0,3,0,50,31,3,1,81,4,3,0
11/04/2020,PHILLIPS,4,2,0,0,6,0,52,35,3,1,87,4,6,0
11/05/2020,PHILLIPS,3,3,0,0,6,0,55,38,3,1,93,4,6,0
11/06/2020,PHILLIPS,2,3,0,0,5,0,58,40,3,1,98,4,5,0
11/07/2020,PHILLIPS,0,1,0,0,1,0,59,40,3,1,99,4,1,0
11/08/2020,PHILLIPS,0,1,0,0,1,0,60,40,3,1,100,4,1,0
11/09/2020,PHILLIPS,1,0,0,0,1,0,60,41,3,1,101,4,1,0
11/10/2020,PHILLIPS,9,2,0,0,11,0,62,50,3,1,112,4,11,0
11/11/2020,PHILLIPS,7,6,1,0,13,1,68,57,3,2,125,5,13,1
11/12/2020,PHILLIPS,8,4,0,0,12,0,72,65,3,2,137,5,12,0
11/13/2020,PHILLIPS,3,0,1,0,3,1,72,68,3,3,140,6,3,1
11/14/2020,PHILLIPS,0,2,0,0,2,0,74,68,3,3,142,6,2,0
11/15/2020,PHILLIPS,11,3,0,0,14,0,77,79,3,3,156,6,14,0
11/16/2020,PHILLIPS,3,0,0,0,3,0,77,82,3,3,159,6,3,0
11/17/2020,PHILLIPS,8,1,1,0,9,1,78,90,3,4,168,7,9,1
11/18/2020,PHILLIPS,12,3,0,1,15,1,81,102,4,4,183,8,15,1
11/19/2020,PHILLIPS,4,4,0,0,8,0,85,106,4,4,191,8,8,0
11/20/2020,PHILLIPS,1,0,0,0,1,0,85,107,4,4,192,8,1,0
11/22/2020,PHILLIPS,5,7,0,0,12,0,92,112,4,4,204,8,12,0
11/23/2020,PHILLIPS,0,1,0,0,1,0,93,112,4,4,205,8,1,0
11/25/2020,PHILLIPS,8,0,0,0,8,0,93,120,4,4,213,8,8,0
11/26/2020,PHILLIPS,0,2,0,0,2,0,95,120,4,4,215,8,2,0
11/27/2020,PHILLIPS,5,4,0,0,9,0,99,125,4,4,224,8,9,0
11/28/2020,PHILLIPS,0,2,0,0,2,0,101,125,4,4,226,8,2,0
11/29/2020,PHILLIPS,0,1,0,0,1,0,102,125,4,4,227,8,1,0
11/30/2020,PHILLIPS,4,2,0,0,6,0,104,129,4,4,233,8,6,0
12/02/2020,PHILLIPS,1,2,0,0,3,0,106,130,4,4,236,8,3,0
12/03/2020,PHILLIPS,0,2,0,0,2,0,108,130,4,4,238,8,2,0
12/04/2020,PHILLIPS,0,2,0,0,2,0,110,130,4,4,240,8,2,0
12/08/2020,PHILLIPS,0,1,0,0,1,0,111,130,4,4,241,8,1,0
12/09/2020,PHILLIPS,1,0,0,0,1,0,111,131,4,4,242,8,1,0
12/10/2020,PHILLIPS,0,4,0,0,4,0,115,131,4,4,246,8,4,0
12/12/2020,PHILLIPS,0,1,0,0,1,0,116,131,4,4,247,8,1,0
12/14/2020,PHILLIPS,4,3,0,0,7,0,119,135,4,4,254,8,7,0
12/15/2020,PHILLIPS,0,1,0,0,1,0,120,135,4,4,255,8,1,0
12/16/2020,PHILLIPS,0,2,0,1,2,1,122,135,5,4,257,9,2,1
12/17/2020,PHILLIPS,1,1,0,0,2,0,123,136,5,4,259,9,2,0
12/19/2020,PHILLIPS,0,3,0,0,3,0,126,136,5,4,262,9,3,0
12/20/2020,PHILLIPS,0,2,0,0,2,0,128,136,5,4,264,9,2,0
12/21/2020,PHILLIPS,1,1,0,1,2,1,129,137,6,4,266,10,2,1
12/22/2020,PHILLIPS,2,3,1,0,5,1,132,139,6,5,271,11,5,1
12/23/2020,PHILLIPS,0,3,0,0,3,0,135,139,6,5,274,11,3,0
12/24/2020,PHILLIPS,1,1,0,0,2,0,136,140,6,5,276,11,2,0
12/25/2020,PHILLIPS,1,1,0,0,2,0,137,141,6,5,278,11,2,0
12/28/2020,PHILLIPS,23,0,0,0,23,0,137,164,6,5,301,11,23,0
12/29/2020,PHILLIPS,3,0,0,0,3,0,137,167,6,5,304,11,3,0
12/30/2020,PHILLIPS,1,1,0,0,2,0,138,168,6,5,306,11,2,0
12/31/2020,PHILLIPS,0,1,0,0,1,0,139,168,6,5,307,11,1,0
01/01/2021,PHILLIPS,0,2,0,1,2,1,141,168,7,5,309,12,2,1
01/02/2021,PHILLIPS,1,0,0,0,1,0,141,169,7,5,310,12,1,0
01/04/2021,PHILLIPS,6,1,0,0,7,0,142,175,7,5,317,12,7,0
01/05/2021,PHILLIPS,2,0,0,0,2,0,142,177,7,5,319,12,2,0
01/07/2021,PHILLIPS,1,1,0,0,2,0,143,178,7,5,321,12,2,0
01/08/2021,PHILLIPS,0,1,0,0,1,0,144,178,7,5,322,12,1,0
01/09/2021,PHILLIPS,2,1,0,0,3,0,145,180,7,5,325,12,3,0
01/11/2021,PHILLIPS,1,0,0,0,1,0,145,181,7,5,326,12,1,0
01/12/2021,PHILLIPS,4,0,0,0,4,0,145,185,7,5,330,12,4,0
01/13/2021,PHILLIPS,0,1,0,1,1,1,146,185,8,5,331,13,1,1
01/14/2021,PHILLIPS,1,0,0,0,1,0,146,186,8,5,332,13,1,0
01/15/2021,PHILLIPS,1,0,1,0,1,1,146,187,8,6,333,14,1,1
01/18/2021,PHILLIPS,1,0,0,0,1,0,146,188,8,6,334,14,1,0
01/19/2021,PHILLIPS,1,1,0,0,2,0,147,189,8,6,336,14,2,0
01/20/2021,PHILLIPS,2,1,0,0,3,0,148,191,8,6,339,14,3,0
01/21/2021,PHILLIPS,1,0,0,0,1,0,148,192,8,6,340,14,1,0
01/24/2021,PHILLIPS,1,0,0,0,1,0,148,193,8,6,341,14,1,0
01/25/2021,PHILLIPS,1,0,0,0,1,0,148,194,8,6,342,14,1,0
01/27/2021,PHILLIPS,2,0,0,0,2,0,148,196,8,6,344,14,2,0
02/02/2021,PHILLIPS,2,0,0,0,2,0,148,198,8,6,346,14,2,0
02/03/2021,PHILLIPS,1,1,0,0,2,0,149,199,8,6,348,14,2,0
02/08/2021,PHILLIPS,1,0,0,0,1,0,149,200,8,6,349,14,1,0
02/12/2021,PHILLIPS,0,1,0,0,1,0,150,200,8,6,350,14,1,0
02/15/2021,PHILLIPS,1,0,0,0,1,0,150,201,8,6,351,14,1,0
02/17/2021,PHILLIPS,0,1,0,0,1,0,151,201,8,6,352,14,1,0
02/18/2021,PHILLIPS,0,1,0,0,1,0,152,201,8,6,353,14,1,0
02/22/2021,PHILLIPS,1,0,0,0,1,0,152,202,8,6,354,14,1,0
02/24/2021,PHILLIPS,1,0,0,0,1,0,152,203,8,6,355,14,1,0
03/02/2021,PHILLIPS,1,0,0,0,1,0,152,204,8,6,356,14,1,0
03/03/2021,PHILLIPS,0,1,0,0,1,0,153,204,8,6,357,14,1,0
03/04/2021,PHILLIPS,0,1,0,0,1,0,154,204,8,6,358,14,1,0
03/08/2021,PHILLIPS,0,1,0,0,1,0,155,204,8,6,359,14,1,0
03/26/2021,PHILLIPS,0,1,0,0,1,0,156,204,8,6,360,14,1,0
03/31/2021,PHILLIPS,0,2,0,0,2,0,158,204,8,6,362,14,2,0
04/08/2021,PHILLIPS,0,1,0,0,1,0,159,204,8,6,363,14,1,0
04/12/2021,PHILLIPS,1,0,0,0,1,0,159,205,8,6,364,14,1,0
04/15/2021,PHILLIPS,1,0,0,0,1,0,159,206,8,6,365,14,1,0
04/16/2021,PHILLIPS,1,0,0,0,1,0,159,207,8,6,366,14,1,0
04/17/2021,PHILLIPS,0,2,0,0,2,0,161,207,8,6,368,14,2,0
04/19/2021,PHILLIPS,1,1,0,0,2,0,162,208,8,6,370,14,2,0
04/20/2021,PHILLIPS,0,1,0,0,1,0,163,208,8,6,371,14,1,0
04/22/2021,PHILLIPS,0,1,0,0,1,0,164,208,8,6,372,14,1,0
04/26/2021,PHILLIPS,0,5,0,0,5,0,169,208,8,6,377,14,5,0
04/27/2021,PHILLIPS,0,2,0,0,2,0,171,208,8,6,379,14,2,0
04/28/2021,PHILLIPS,0,4,0,0,4,0,175,208,8,6,383,14,4,0
05/03/2021,PHILLIPS,0,1,0,0,1,0,176,208,8,6,384,14,1,0
05/05/2021,PHILLIPS,0,1,0,0,1,0,177,208,8,6,385,14,1,0
05/06/2021,PHILLIPS,0,1,0,0,1,0,178,208,8,6,386,14,1,0
05/07/2021,PHILLIPS,0,1,0,0,1,0,179,208,8,6,387,14,1,0
05/10/2021,PHILLIPS,0,1,0,0,1,0,180,208,8,6,388,14,1,0
05/11/2021,PHILLIPS,1,0,0,0,1,0,180,209,8,6,389,14,1,0
05/12/2021,PHILLIPS,1,0,0,0,1,0,180,210,8,6,390,14,1,0
05/13/2021,PHILLIPS,1,0,0,0,1,0,180,211,8,6,391,14,1,0
05/16/2021,PHILLIPS,1,0,0,0,1,0,180,212,8,6,392,14,1,0
05/17/2021,PHILLIPS,1,0,0,0,1,0,180,213,8,6,393,14,1,0
05/20/2021,PHILLIPS,2,0,0,0,2,0,180,215,8,6,395,14,2,0
05/23/2021,PHILLIPS,0,1,0,0,1,0,181,215,8,6,396,14,1,0
05/26/2021,PHILLIPS,1,2,0,0,3,0,183,216,8,6,399,14,3,0
05/31/2021,PHILLIPS,0,1,0,0,1,0,184,216,8,6,400,14,1,0
06/01/2021,PHILLIPS,1,0,0,0,1,0,184,217,8,6,401,14,1,0
06/09/2021,PHILLIPS,0,1,0,0,1,0,185,217,8,6,402,14,1,0
06/28/2021,PHILLIPS,1,1,0,0,2,0,186,218,8,6,404,14,2,0
06/29/2021,PHILLIPS,1,0,0,0,1,0,186,219,8,6,405,14,1,0
07/28/2021,PHILLIPS,0,1,0,0,1,0,187,219,8,6,406,14,1,0
07/30/2021,PHILLIPS,1,0,0,0,1,0,187,220,8,6,407,14,1,0
08/04/2021,PHILLIPS,1,0,0,0,1,0,187,221,8,6,408,14,1,0
08/09/2021,PHILLIPS,0,1,0,1,1,1,188,221,9,6,409,15,1,1
08/14/2021,PHILLIPS,0,1,0,0,1,0,189,221,9,6,410,15,1,0
08/16/2021,PHILLIPS,0,1,0,0,1,0,190,221,9,6,411,15,1,0
08/17/2021,PHILLIPS,0,2,0,0,2,0,192,221,9,6,413,15,2,0
08/21/2021,PHILLIPS,0,1,0,0,1,0,193,221,9,6,414,15,1,0
08/23/2021,PHILLIPS,0,2,0,0,2,0,195,221,9,6,416,15,2,0
08/24/2021,PHILLIPS,0,3,0,0,3,0,198,221,9,6,419,15,3,0
08/26/2021,PHILLIPS,0,1,0,0,1,0,199,221,9,6,420,15,1,0
08/30/2021,PHILLIPS,0,3,0,0,3,0,202,221,9,6,423,15,3,0
08/31/2021,PHILLIPS,0,4,0,0,4,0,206,221,9,6,427,15,4,0
09/01/2021,PHILLIPS,0,2,0,0,2,0,208,221,9,6,429,15,2,0
09/06/2021,PHILLIPS,0,2,0,0,2,0,210,221,9,6,431,15,2,0
09/07/2021,PHILLIPS,0,5,0,0,5,0,215,221,9,6,436,15,5,0
09/08/2021,PHILLIPS,0,3,0,0,3,0,218,221,9,6,439,15,3,0
09/09/2021,PHILLIPS,0,1,0,0,1,0,219,221,9,6,440,15,1,0
09/10/2021,PHILLIPS,0,3,0,0,3,0,222,221,9,6,443,15,3,0
09/13/2021,PHILLIPS,0,7,0,0,7,0,229,221,9,6,450,15,7,0
09/14/2021,PHILLIPS,1,0,0,0,1,0,229,222,9,6,451,15,1,0
09/15/2021,PHILLIPS,0,4,0,0,4,0,233,222,9,6,455,15,4,0
09/17/2021,PHILLIPS,0,2,0,0,2,0,235,222,9,6,457,15,2,0
09/19/2021,PHILLIPS,0,2,0,0,2,0,237,222,9,6,459,15,2,0
09/20/2021,PHILLIPS,0,2,0,0,2,0,239,222,9,6,461,15,2,0
09/21/2021,PHILLIPS,0,3,0,0,3,0,242,222,9,6,464,15,3,0
09/22/2021,PHILLIPS,0,2,0,0,2,0,244,222,9,6,466,15,2,0
09/23/2021,PHILLIPS,0,1,0,0,1,0,245,222,9,6,467,15,1,0
09/27/2021,PHILLIPS,0,5,0,0,5,0,250,222,9,6,472,15,5,0
09/28/2021,PHILLIPS,0,2,0,0,2,0,252,222,9,6,474,15,2,0
09/29/2021,PHILLIPS,0,2,0,0,2,0,254,222,9,6,476,15,2,0
09/30/2021,PHILLIPS,0,1,0,0,1,0,255,222,9,6,477,15,1,0
10/01/2021,PHILLIPS,0,2,0,0,2,0,257,222,9,6,479,15,2,0
10/05/2021,PHILLIPS,0,3,0,0,3,0,260,222,9,6,482,15,3,0
10/06/2021,PHILLIPS,0,3,0,0,3,0,263,222,9,6,485,15,3,0
10/07/2021,PHILLIPS,0,2,0,0,2,0,265,222,9,6,487,15,2,0
10/08/2021,PHILLIPS,0,2,0,0,2,0,267,222,9,6,489,15,2,0
10/10/2021,PHILLIPS,0,2,0,0,2,0,269,222,9,6,491,15,2,0
10/11/2021,PHILLIPS,0,2,0,0,2,0,271,222,9,6,493,15,2,0
10/12/2021,PHILLIPS,0,3,0,0,3,0,274,222,9,6,496,15,3,0
10/13/2021,PHILLIPS,0,5,0,0,5,0,279,222,9,6,501,15,5,0
10/14/2021,PHILLIPS,0,2,0,0,2,0,281,222,9,6,503,15,2,0
10/15/2021,PHILLIPS,0,2,0,0,2,0,283,222,9,6,505,15,2,0
10/16/2021,PHILLIPS,0,1,0,0,1,0,284,222,9,6,506,15,1,0
10/17/2021,PHILLIPS,0,1,0,0,1,0,285,222,9,6,507,15,1,0
10/18/2021,PHILLIPS,1,2,0,0,3,0,287,223,9,6,510,15,3,0
10/19/2021,PHILLIPS,0,2,0,0,2,0,289,223,9,6,512,15,2,0
10/20/2021,PHILLIPS,0,7,0,0,7,0,296,223,9,6,519,15,7,0
10/21/2021,PHILLIPS,0,1,0,0,1,0,297,223,9,6,520,15,1,0
10/22/2021,PHILLIPS,0,1,0,0,1,0,298,223,9,6,521,15,1,0
10/23/2021,PHILLIPS,0,1,0,0,1,0,299,223,9,6,522,15,1,0
10/24/2021,PHILLIPS,0,2,0,0,2,0,301,223,9,6,524,15,2,0
10/25/2021,PHILLIPS,0,4,0,0,4,0,305,223,9,6,528,15,4,0
10/27/2021,PHILLIPS,0,1,0,0,1,0,306,223,9,6,529,15,1,0
10/28/2021,PHILLIPS,0,1,0,0,1,0,307,223,9,6,530,15,1,0
10/29/2021,PHILLIPS,0,1,0,0,1,0,308,223,9,6,531,15,1,0
11/01/2021,PHILLIPS,0,4,0,0,4,0,312,223,9,6,535,15,4,0
11/02/2021,PHILLIPS,0,1,0,0,1,0,313,223,9,6,536,15,1,0
11/03/2021,PHILLIPS,0,2,0,0,2,0,315,223,9,6,538,15,2,0
11/04/2021,PHILLIPS,0,2,0,0,2,0,317,223,9,6,540,15,2,0
11/05/2021,PHILLIPS,1,1,1,0,2,1,318,224,9,7,542,16,2,1
11/06/2021,PHILLIPS,0,1,0,0,1,0,319,224,9,7,543,16,1,0
11/08/2021,PHILLIPS,0,3,0,0,3,0,322,224,9,7,546,16,3,0
11/09/2021,PHILLIPS,0,5,0,0,5,0,327,224,9,7,551,16,5,0
11/10/2021,PHILLIPS,3,0,0,0,3,0,327,227,9,7,554,16,3,0
11/11/2021,PHILLIPS,0,4,0,0,4,0,331,227,9,7,558,16,4,0
11/12/2021,PHILLIPS,0,1,0,0,1,0,332,227,9,7,559,16,1,0
11/15/2021,PHILLIPS,0,3,0,0,3,0,335,227,9,7,562,16,3,0
11/16/2021,PHILLIPS,0,1,0,0,1,0,336,227,9,7,563,16,1,0
11/17/2021,PHILLIPS,1,3,0,0,4,0,339,228,9,7,567,16,4,0
11/18/2021,PHILLIPS,0,6,0,0,6,0,345,228,9,7,573,16,6,0
11/22/2021,PHILLIPS,5,2,0,0,7,0,347,233,9,7,580,16,7,0
11/28/2021,PHILLIPS,0,1,0,0,1,0,348,233,9,7,581,16,1,0
11/29/2021,PHILLIPS,1,1,0,0,2,0,349,234,9,7,583,16,2,0
11/30/2021,PHILLIPS,0,1,0,0,1,0,350,234,9,7,584,16,1,0
12/01/2021,PHILLIPS,0,1,0,0,1,0,351,234,9,7,585,16,1,0
12/03/2021,PHILLIPS,0,2,0,0,2,0,353,234,9,7,587,16,2,0
12/06/2021,PHILLIPS,0,4,0,0,4,0,357,234,9,7,591,16,4,0
12/07/2021,PHILLIPS,0,3,0,0,3,0,360,234,9,7,594,16,3,0
12/08/2021,PHILLIPS,0,1,0,0,1,0,361,234,9,7,595,16,1,0
12/09/2021,PHILLIPS,0,1,0,0,1,0,362,234,9,7,596,16,1,0
12/13/2021,PHILLIPS,0,3,0,0,3,0,365,234,9,7,599,16,3,0
12/14/2021,PHILLIPS,0,2,0,0,2,0,367,234,9,7,601,16,2,0
12/16/2021,PHILLIPS,0,1,0,0,1,0,368,234,9,7,602,16,1,0
12/17/2021,PHILLIPS,0,1,0,0,1,0,369,234,9,7,603,16,1,0
12/18/2021,PHILLIPS,0,1,0,0,1,0,370,234,9,7,604,16,1,0
12/20/2021,PHILLIPS,0,2,0,0,2,0,372,234,9,7,606,16,2,0
12/21/2021,PHILLIPS,0,1,0,0,1,0,373,234,9,7,607,16,1,0
12/23/2021,PHILLIPS,0,2,0,0,2,0,375,234,9,7,609,16,2,0
12/27/2021,PHILLIPS,0,7,0,0,7,0,382,234,9,7,616,16,7,0
12/28/2021,PHILLIPS,0,8,0,0,8,0,390,234,9,7,624,16,8,0
12/30/2021,PHILLIPS,0,4,0,0,4,0,394,234,9,7,628,16,4,0
01/01/2022,PHILLIPS,0,1,0,0,1,0,395,234,9,7,629,16,1,0
01/03/2022,PHILLIPS,0,4,0,0,4,0,399,234,9,7,633,16,4,0
01/04/2022,PHILLIPS,0,3,0,0,3,0,402,234,9,7,636,16,3,0
01/05/2022,PHILLIPS,2,1,0,0,3,0,403,236,9,7,639,16,3,0
01/06/2022,PHILLIPS,0,1,0,0,1,0,404,236,9,7,640,16,1,0
01/07/2022,PHILLIPS,1,3,0,0,4,0,407,237,9,7,644,16,4,0
01/09/2022,PHILLIPS,0,1,0,0,1,0,408,237,9,7,645,16,1,0
01/10/2022,PHILLIPS,0,10,0,0,10,0,418,237,9,7,655,16,10,0
01/11/2022,PHILLIPS,0,9,0,0,9,0,427,237,9,7,664,16,9,0
01/12/2022,PHILLIPS,0,10,0,0,10,0,437,237,9,7,674,16,10,0
01/13/2022,PHILLIPS,0,10,0,0,10,0,447,237,9,7,684,16,10,0
01/14/2022,PHILLIPS,0,4,0,0,4,0,451,237,9,7,688,16,4,0
01/16/2022,PHILLIPS,0,1,0,1,1,1,452,237,10,7,689,17,1,1
01/17/2022,PHILLIPS,0,7,0,0,7,0,459,237,10,7,696,17,7,0
01/18/2022,PHILLIPS,2,17,0,0,19,0,476,239,10,7,715,17,19,0
01/19/2022,PHILLIPS,0,20,0,0,20,0,496,239,10,7,735,17,20,0
01/20/2022,PHILLIPS,0,4,0,0,4,0,500,239,10,7,739,17,4,0
01/21/2022,PHILLIPS,1,7,0,0,8,0,507,240,10,7,747,17,8,0
01/22/2022,PHILLIPS,0,4,0,0,4,0,511,240,10,7,751,17,4,0
01/23/2022,PHILLIPS,0,2,0,0,2,0,513,240,10,7,753,17,2,0
01/24/2022,PHILLIPS,0,12,0,0,12,0,525,240,10,7,765,17,12,0
01/25/2022,PHILLIPS,1,8,0,0,9,0,533,241,10,7,774,17,9,0
01/26/2022,PHILLIPS,1,7,0,0,8,0,540,242,10,7,782,17,8,0
01/27/2022,PHILLIPS,0,2,0,0,2,0,542,242,10,7,784,17,2,0
01/28/2022,PHILLIPS,1,8,0,0,9,0,550,243,10,7,793,17,9,0
01/29/2022,PHILLIPS,0,11,0,0,11,0,561,243,10,7,804,17,11,0
01/30/2022,PHILLIPS,0,1,0,0,1,0,562,243,10,7,805,17,1,0
01/31/2022,PHILLIPS,1,7,0,0,8,0,569,244,10,7,813,17,8,0
02/01/2022,PHILLIPS,0,2,0,0,2,0,571,244,10,7,815,17,2,0
02/02/2022,PHILLIPS,1,3,0,0,4,0,574,245,10,7,819,17,4,0
02/03/2022,PHILLIPS,0,1,0,0,1,0,575,245,10,7,820,17,1,0
02/04/2022,PHILLIPS,0,3,0,1,3,1,578,245,11,7,823,18,3,1
02/05/2022,PHILLIPS,0,1,0,0,1,0,579,245,11,7,824,18,1,0
02/06/2022,PHILLIPS,0,4,0,0,4,0,583,245,11,7,828,18,4,0
02/07/2022,PHILLIPS,0,6,0,0,6,0,589,245,11,7,834,18,6,0
02/08/2022,PHILLIPS,1,2,0,0,3,0,591,246,11,7,837,18,3,0
02/09/2022,PHILLIPS,0,5,0,0,5,0,596,246,11,7,842,18,5,0
02/10/2022,PHILLIPS,0,1,0,0,1,0,597,246,11,7,843,18,1,0
02/11/2022,PHILLIPS,2,5,0,1,7,1,602,248,12,7,850,19,7,1
02/14/2022,PHILLIPS,0,3,0,0,3,0,605,248,12,7,853,19,3,0
02/15/2022,PHILLIPS,0,8,0,0,8,0,613,248,12,7,861,19,8,0
02/16/2022,PHILLIPS,0,2,0,0,2,0,615,248,12,7,863,19,2,0
02/17/2022,PHILLIPS,0,1,0,0,1,0,616,248,12,7,864,19,1,0
02/22/2022,PHILLIPS,0,1,0,0,1,0,617,248,12,7,865,19,1,0
02/25/2022,PHILLIPS,0,1,0,0,1,0,618,248,12,7,866,19,1,0
03/01/2022,PHILLIPS,0,1,0,0,1,0,619,248,12,7,867,19,1,0
03/07/2022,PHILLIPS,0,1,0,0,1,0,620,248,12,7,868,19,1,0
03/19/2022,PHILLIPS,0,1,0,0,1,0,621,248,12,7,869,19,1,0
03/14/2020,PITKIN,0,1,0,0,1,0,1,0,0,0,1,0,-868,-19
03/18/2020,PITKIN,0,2,0,0,2,0,3,0,0,0,3,0,2,0
03/19/2020,PITKIN,2,0,0,0,2,0,3,2,0,0,5,0,2,0
03/21/2020,PITKIN,0,1,0,0,1,0,4,2,0,0,6,0,1,0
03/22/2020,PITKIN,0,2,0,0,2,0,6,2,0,0,8,0,2,0
03/24/2020,PITKIN,0,1,0,0,1,0,7,2,0,0,9,0,1,0
03/25/2020,PITKIN,0,3,0,0,3,0,10,2,0,0,12,0,3,0
03/26/2020,PITKIN,1,1,0,1,2,1,11,3,1,0,14,1,2,1
03/27/2020,PITKIN,0,2,0,1,2,1,13,3,2,0,16,2,2,1
03/28/2020,PITKIN,0,1,0,0,1,0,14,3,2,0,17,2,1,0
03/30/2020,PITKIN,0,1,0,0,1,0,15,3,2,0,18,2,1,0
03/31/2020,PITKIN,0,4,0,0,4,0,19,3,2,0,22,2,4,0
04/01/2020,PITKIN,0,3,0,0,3,0,22,3,2,0,25,2,3,0
04/02/2020,PITKIN,0,1,0,0,1,0,23,3,2,0,26,2,1,0
04/03/2020,PITKIN,0,1,0,0,1,0,24,3,2,0,27,2,1,0
04/08/2020,PITKIN,0,1,0,0,1,0,25,3,2,0,28,2,1,0
04/09/2020,PITKIN,8,1,0,0,9,0,26,11,2,0,37,2,9,0
04/10/2020,PITKIN,1,1,0,0,2,0,27,12,2,0,39,2,2,0
04/14/2020,PITKIN,0,1,0,0,1,0,28,12,2,0,40,2,1,0
04/17/2020,PITKIN,0,6,0,0,6,0,34,12,2,0,46,2,6,0
04/23/2020,PITKIN,0,1,0,0,1,0,35,12,2,0,47,2,1,0
04/24/2020,PITKIN,0,1,0,0,1,0,36,12,2,0,48,2,1,0
04/25/2020,PITKIN,0,1,0,0,1,0,37,12,2,0,49,2,1,0
04/28/2020,PITKIN,0,1,0,0,1,0,38,12,2,0,50,2,1,0
04/29/2020,PITKIN,0,2,0,0,2,0,40,12,2,0,52,2,2,0
05/01/2020,PITKIN,0,1,0,0,1,0,41,12,2,0,53,2,1,0
05/02/2020,PITKIN,0,1,0,0,1,0,42,12,2,0,54,2,1,0
05/06/2020,PITKIN,0,1,0,0,1,0,43,12,2,0,55,2,1,0
05/07/2020,PITKIN,1,0,0,0,1,0,43,13,2,0,56,2,1,0
05/08/2020,PITKIN,0,1,0,0,1,0,44,13,2,0,57,2,1,0
05/14/2020,PITKIN,0,1,0,0,1,0,45,13,2,0,58,2,1,0
05/15/2020,PITKIN,0,1,0,0,1,0,46,13,2,0,59,2,1,0
05/23/2020,PITKIN,0,1,0,0,1,0,47,13,2,0,60,2,1,0
05/24/2020,PITKIN,1,0,0,0,1,0,47,14,2,0,61,2,1,0
05/26/2020,PITKIN,0,1,0,0,1,0,48,14,2,0,62,2,1,0
05/28/2020,PITKIN,1,0,0,0,1,0,48,15,2,0,63,2,1,0
05/30/2020,PITKIN,0,1,0,0,1,0,49,15,2,0,64,2,1,0
06/02/2020,PITKIN,0,1,0,0,1,0,50,15,2,0,65,2,1,0
06/04/2020,PITKIN,0,4,0,0,4,0,54,15,2,0,69,2,4,0
06/06/2020,PITKIN,0,1,0,0,1,0,55,15,2,0,70,2,1,0
06/09/2020,PITKIN,0,1,0,0,1,0,56,15,2,0,71,2,1,0
06/10/2020,PITKIN,0,1,0,0,1,0,57,15,2,0,72,2,1,0
06/12/2020,PITKIN,1,3,0,0,4,0,60,16,2,0,76,2,4,0
06/14/2020,PITKIN,0,1,0,0,1,0,61,16,2,0,77,2,1,0
06/15/2020,PITKIN,0,4,0,0,4,0,65,16,2,0,81,2,4,0
06/16/2020,PITKIN,0,3,0,0,3,0,68,16,2,0,84,2,3,0
06/17/2020,PITKIN,0,3,0,0,3,0,71,16,2,0,87,2,3,0
06/21/2020,PITKIN,0,1,0,0,1,0,72,16,2,0,88,2,1,0
06/22/2020,PITKIN,1,6,0,0,7,0,78,17,2,0,95,2,7,0
06/24/2020,PITKIN,0,4,0,0,4,0,82,17,2,0,99,2,4,0
06/25/2020,PITKIN,0,2,0,0,2,0,84,17,2,0,101,2,2,0
06/27/2020,PITKIN,0,1,0,0,1,0,85,17,2,0,102,2,1,0
06/28/2020,PITKIN,0,1,0,0,1,0,86,17,2,0,103,2,1,0
06/29/2020,PITKIN,0,2,0,0,2,0,88,17,2,0,105,2,2,0
06/30/2020,PITKIN,0,1,0,0,1,0,89,17,2,0,106,2,1,0
07/01/2020,PITKIN,0,4,0,0,4,0,93,17,2,0,110,2,4,0
07/02/2020,PITKIN,0,1,0,0,1,0,94,17,2,0,111,2,1,0
07/03/2020,PITKIN,1,1,0,0,2,0,95,18,2,0,113,2,2,0
07/04/2020,PITKIN,0,1,0,0,1,0,96,18,2,0,114,2,1,0
07/06/2020,PITKIN,0,3,0,0,3,0,99,18,2,0,117,2,3,0
07/08/2020,PITKIN,0,7,0,0,7,0,106,18,2,0,124,2,7,0
07/09/2020,PITKIN,0,4,0,0,4,0,110,18,2,0,128,2,4,0
07/10/2020,PITKIN,0,4,0,0,4,0,114,18,2,0,132,2,4,0
07/11/2020,PITKIN,0,2,0,0,2,0,116,18,2,0,134,2,2,0
07/12/2020,PITKIN,0,2,0,0,2,0,118,18,2,0,136,2,2,0
07/13/2020,PITKIN,0,4,0,0,4,0,122,18,2,0,140,2,4,0
07/14/2020,PITKIN,0,2,0,0,2,0,124,18,2,0,142,2,2,0
07/15/2020,PITKIN,2,3,0,0,5,0,127,20,2,0,147,2,5,0
07/16/2020,PITKIN,0,3,0,0,3,0,130,20,2,0,150,2,3,0
07/17/2020,PITKIN,0,1,0,0,1,0,131,20,2,0,151,2,1,0
07/18/2020,PITKIN,0,3,0,0,3,0,134,20,2,0,154,2,3,0
07/19/2020,PITKIN,0,1,0,0,1,0,135,20,2,0,155,2,1,0
07/20/2020,PITKIN,0,4,0,0,4,0,139,20,2,0,159,2,4,0
07/21/2020,PITKIN,0,1,0,0,1,0,140,20,2,0,160,2,1,0
07/22/2020,PITKIN,0,2,0,0,2,0,142,20,2,0,162,2,2,0
07/23/2020,PITKIN,0,1,0,0,1,0,143,20,2,0,163,2,1,0
07/24/2020,PITKIN,0,3,0,0,3,0,146,20,2,0,166,2,3,0
07/25/2020,PITKIN,0,1,0,0,1,0,147,20,2,0,167,2,1,0
07/27/2020,PITKIN,0,7,0,0,7,0,154,20,2,0,174,2,7,0
07/28/2020,PITKIN,0,1,0,0,1,0,155,20,2,0,175,2,1,0
07/29/2020,PITKIN,0,2,0,0,2,0,157,20,2,0,177,2,2,0
07/30/2020,PITKIN,0,8,0,0,8,0,165,20,2,0,185,2,8,0
07/31/2020,PITKIN,0,1,0,0,1,0,166,20,2,0,186,2,1,0
08/02/2020,PITKIN,0,4,0,0,4,0,170,20,2,0,190,2,4,0
08/03/2020,PITKIN,0,5,0,0,5,0,175,20,2,0,195,2,5,0
08/04/2020,PITKIN,0,1,0,0,1,0,176,20,2,0,196,2,1,0
08/05/2020,PITKIN,0,1,0,0,1,0,177,20,2,0,197,2,1,0
08/06/2020,PITKIN,1,2,0,0,3,0,179,21,2,0,200,2,3,0
08/07/2020,PITKIN,3,4,0,0,7,0,183,24,2,0,207,2,7,0
08/19/2020,PITKIN,0,1,0,0,1,0,184,24,2,0,208,2,1,0
08/20/2020,PITKIN,0,1,0,0,1,0,185,24,2,0,209,2,1,0
08/21/2020,PITKIN,0,1,0,0,1,0,186,24,2,0,210,2,1,0
08/22/2020,PITKIN,0,1,0,0,1,0,187,24,2,0,211,2,1,0
08/24/2020,PITKIN,0,2,0,0,2,0,189,24,2,0,213,2,2,0
08/28/2020,PITKIN,0,1,0,0,1,0,190,24,2,0,214,2,1,0
08/31/2020,PITKIN,0,1,0,0,1,0,191,24,2,0,215,2,1,0
09/01/2020,PITKIN,0,1,0,0,1,0,192,24,2,0,216,2,1,0
09/04/2020,PITKIN,0,1,0,0,1,0,193,24,2,0,217,2,1,0
09/08/2020,PITKIN,0,3,0,0,3,0,196,24,2,0,220,2,3,0
09/11/2020,PITKIN,0,1,0,0,1,0,197,24,2,0,221,2,1,0
09/12/2020,PITKIN,0,1,0,0,1,0,198,24,2,0,222,2,1,0
09/14/2020,PITKIN,0,7,0,0,7,0,205,24,2,0,229,2,7,0
09/15/2020,PITKIN,1,3,0,0,4,0,208,25,2,0,233,2,4,0
09/17/2020,PITKIN,0,5,0,0,5,0,213,25,2,0,238,2,5,0
09/18/2020,PITKIN,0,1,0,0,1,0,214,25,2,0,239,2,1,0
09/21/2020,PITKIN,0,4,0,0,4,0,218,25,2,0,243,2,4,0
09/22/2020,PITKIN,0,4,0,0,4,0,222,25,2,0,247,2,4,0
09/25/2020,PITKIN,0,2,0,0,2,0,224,25,2,0,249,2,2,0
09/28/2020,PITKIN,0,2,0,0,2,0,226,25,2,0,251,2,2,0
09/30/2020,PITKIN,0,1,0,0,1,0,227,25,2,0,252,2,1,0
10/01/2020,PITKIN,0,5,0,0,5,0,232,25,2,0,257,2,5,0
10/03/2020,PITKIN,0,1,0,0,1,0,233,25,2,0,258,2,1,0
10/04/2020,PITKIN,0,1,0,0,1,0,234,25,2,0,259,2,1,0
10/05/2020,PITKIN,0,2,0,0,2,0,236,25,2,0,261,2,2,0
10/07/2020,PITKIN,0,3,0,0,3,0,239,25,2,0,264,2,3,0
10/08/2020,PITKIN,0,5,0,0,5,0,244,25,2,0,269,2,5,0
10/09/2020,PITKIN,0,4,0,0,4,0,248,25,2,0,273,2,4,0
10/10/2020,PITKIN,0,1,0,0,1,0,249,25,2,0,274,2,1,0
10/11/2020,PITKIN,0,1,0,0,1,0,250,25,2,0,275,2,1,0
10/12/2020,PITKIN,0,2,0,0,2,0,252,25,2,0,277,2,2,0
10/13/2020,PITKIN,0,1,0,0,1,0,253,25,2,0,278,2,1,0
10/14/2020,PITKIN,0,6,0,0,6,0,259,25,2,0,284,2,6,0
10/15/2020,PITKIN,0,4,0,0,4,0,263,25,2,0,288,2,4,0
10/19/2020,PITKIN,1,3,0,0,4,0,266,26,2,0,292,2,4,0
10/20/2020,PITKIN,0,1,0,0,1,0,267,26,2,0,293,2,1,0
10/21/2020,PITKIN,0,4,0,0,4,0,271,26,2,0,297,2,4,0
10/22/2020,PITKIN,2,1,0,0,3,0,272,28,2,0,300,2,3,0
10/23/2020,PITKIN,0,2,0,0,2,0,274,28,2,0,302,2,2,0
10/24/2020,PITKIN,0,1,0,0,1,0,275,28,2,0,303,2,1,0
10/25/2020,PITKIN,0,1,0,0,1,0,276,28,2,0,304,2,1,0
10/26/2020,PITKIN,1,6,0,0,7,0,282,29,2,0,311,2,7,0
10/27/2020,PITKIN,0,3,0,0,3,0,285,29,2,0,314,2,3,0
10/29/2020,PITKIN,0,6,0,0,6,0,291,29,2,0,320,2,6,0
10/30/2020,PITKIN,0,4,0,0,4,0,295,29,2,0,324,2,4,0
10/31/2020,PITKIN,0,1,0,0,1,0,296,29,2,0,325,2,1,0
11/02/2020,PITKIN,0,3,0,0,3,0,299,29,2,0,328,2,3,0
11/03/2020,PITKIN,0,4,0,0,4,0,303,29,2,0,332,2,4,0
11/04/2020,PITKIN,0,7,0,0,7,0,310,29,2,0,339,2,7,0
11/05/2020,PITKIN,0,9,0,0,9,0,319,29,2,0,348,2,9,0
11/06/2020,PITKIN,0,5,0,0,5,0,324,29,2,0,353,2,5,0
11/07/2020,PITKIN,0,3,0,0,3,0,327,29,2,0,356,2,3,0
11/08/2020,PITKIN,0,5,0,0,5,0,332,29,2,0,361,2,5,0
11/09/2020,PITKIN,2,6,0,0,8,0,338,31,2,0,369,2,8,0
11/10/2020,PITKIN,0,6,0,0,6,0,344,31,2,0,375,2,6,0
11/11/2020,PITKIN,1,8,0,0,9,0,352,32,2,0,384,2,9,0
11/12/2020,PITKIN,0,4,0,0,4,0,356,32,2,0,388,2,4,0
11/13/2020,PITKIN,0,14,0,0,14,0,370,32,2,0,402,2,14,0
11/14/2020,PITKIN,0,6,0,0,6,0,376,32,2,0,408,2,6,0
11/15/2020,PITKIN,0,4,0,0,4,0,380,32,2,0,412,2,4,0
11/16/2020,PITKIN,4,6,0,0,10,0,386,36,2,0,422,2,10,0
11/17/2020,PITKIN,2,6,0,1,8,1,392,38,3,0,430,3,8,1
11/18/2020,PITKIN,1,15,0,0,16,0,407,39,3,0,446,3,16,0
11/19/2020,PITKIN,0,7,0,0,7,0,414,39,3,0,453,3,7,0
11/20/2020,PITKIN,0,3,0,0,3,0,417,39,3,0,456,3,3,0
11/21/2020,PITKIN,0,6,0,0,6,0,423,39,3,0,462,3,6,0
11/22/2020,PITKIN,0,5,0,0,5,0,428,39,3,0,467,3,5,0
11/23/2020,PITKIN,1,9,0,0,10,0,437,40,3,0,477,3,10,0
11/24/2020,PITKIN,0,5,0,0,5,0,442,40,3,0,482,3,5,0
11/25/2020,PITKIN,0,11,0,0,11,0,453,40,3,0,493,3,11,0
11/26/2020,PITKIN,2,4,0,0,6,0,457,42,3,0,499,3,6,0
11/27/2020,PITKIN,2,13,0,0,15,0,470,44,3,0,514,3,15,0
11/28/2020,PITKIN,0,19,0,0,19,0,489,44,3,0,533,3,19,0
11/29/2020,PITKIN,0,12,0,0,12,0,501,44,3,0,545,3,12,0
11/30/2020,PITKIN,2,8,0,0,10,0,509,46,3,0,555,3,10,0
12/01/2020,PITKIN,1,12,0,0,13,0,521,47,3,0,568,3,13,0
12/02/2020,PITKIN,0,27,0,0,27,0,548,47,3,0,595,3,27,0
12/03/2020,PITKIN,0,15,0,0,15,0,563,47,3,0,610,3,15,0
12/04/2020,PITKIN,0,8,0,0,8,0,571,47,3,0,618,3,8,0
12/05/2020,PITKIN,0,7,0,0,7,0,578,47,3,0,625,3,7,0
12/06/2020,PITKIN,0,9,0,0,9,0,587,47,3,0,634,3,9,0
12/07/2020,PITKIN,0,5,0,0,5,0,592,47,3,0,639,3,5,0
12/08/2020,PITKIN,1,18,0,0,19,0,610,48,3,0,658,3,19,0
12/09/2020,PITKIN,0,16,0,0,16,0,626,48,3,0,674,3,16,0
12/10/2020,PITKIN,1,19,0,0,20,0,645,49,3,0,694,3,20,0
12/11/2020,PITKIN,1,17,0,0,18,0,662,50,3,0,712,3,18,0
12/12/2020,PITKIN,0,14,0,0,14,0,676,50,3,0,726,3,14,0
12/13/2020,PITKIN,1,15,0,0,16,0,691,51,3,0,742,3,16,0
12/14/2020,PITKIN,1,18,0,0,19,0,709,52,3,0,761,3,19,0
12/15/2020,PITKIN,2,17,0,0,19,0,726,54,3,0,780,3,19,0
12/16/2020,PITKIN,1,4,0,0,5,0,730,55,3,0,785,3,5,0
12/17/2020,PITKIN,9,37,0,0,46,0,767,64,3,0,831,3,46,0
12/18/2020,PITKIN,4,32,0,1,36,1,799,68,4,0,867,4,36,1
12/19/2020,PITKIN,0,17,0,0,17,0,816,68,4,0,884,4,17,0
12/20/2020,PITKIN,0,17,0,0,17,0,833,68,4,0,901,4,17,0
12/21/2020,PITKIN,4,27,0,0,31,0,860,72,4,0,932,4,31,0
12/22/2020,PITKIN,0,14,0,0,14,0,874,72,4,0,946,4,14,0
12/23/2020,PITKIN,3,9,0,0,12,0,883,75,4,0,958,4,12,0
12/24/2020,PITKIN,4,15,0,0,19,0,898,79,4,0,977,4,19,0
12/25/2020,PITKIN,0,1,0,0,1,0,899,79,4,0,978,4,1,0
12/26/2020,PITKIN,4,45,0,0,49,0,944,83,4,0,1027,4,49,0
12/27/2020,PITKIN,0,29,0,0,29,0,973,83,4,0,1056,4,29,0
12/28/2020,PITKIN,3,11,0,0,14,0,984,86,4,0,1070,4,14,0
12/29/2020,PITKIN,2,7,0,0,9,0,991,88,4,0,1079,4,9,0
12/30/2020,PITKIN,3,7,0,0,10,0,998,91,4,0,1089,4,10,0
12/31/2020,PITKIN,3,7,0,0,10,0,1005,94,4,0,1099,4,10,0
01/01/2021,PITKIN,1,20,0,0,21,0,1025,95,4,0,1120,4,21,0
01/02/2021,PITKIN,1,95,0,0,96,0,1120,96,4,0,1216,4,96,0
01/03/2021,PITKIN,0,21,0,0,21,0,1141,96,4,0,1237,4,21,0
01/04/2021,PITKIN,4,17,0,0,21,0,1158,100,4,0,1258,4,21,0
01/05/2021,PITKIN,2,22,0,0,24,0,1180,102,4,0,1282,4,24,0
01/06/2021,PITKIN,1,55,0,0,56,0,1235,103,4,0,1338,4,56,0
01/07/2021,PITKIN,1,67,0,0,68,0,1302,104,4,0,1406,4,68,0
01/08/2021,PITKIN,28,50,0,0,78,0,1352,132,4,0,1484,4,78,0
01/09/2021,PITKIN,0,42,0,0,42,0,1394,132,4,0,1526,4,42,0
01/10/2021,PITKIN,0,26,0,0,26,0,1420,132,4,0,1552,4,26,0
01/11/2021,PITKIN,3,29,0,0,32,0,1449,135,4,0,1584,4,32,0
01/12/2021,PITKIN,2,19,0,0,21,0,1468,137,4,0,1605,4,21,0
01/13/2021,PITKIN,2,27,0,0,29,0,1495,139,4,0,1634,4,29,0
01/14/2021,PITKIN,1,37,0,0,38,0,1532,140,4,0,1672,4,38,0
01/15/2021,PITKIN,2,40,0,0,42,0,1572,142,4,0,1714,4,42,0
01/16/2021,PITKIN,0,26,0,0,26,0,1598,142,4,0,1740,4,26,0
01/17/2021,PITKIN,2,9,0,0,11,0,1607,144,4,0,1751,4,11,0
01/18/2021,PITKIN,0,5,0,0,5,0,1612,144,4,0,1756,4,5,0
01/19/2021,PITKIN,2,19,0,0,21,0,1631,146,4,0,1777,4,21,0
01/20/2021,PITKIN,0,11,0,0,11,0,1642,146,4,0,1788,4,11,0
01/21/2021,PITKIN,1,8,0,0,9,0,1650,147,4,0,1797,4,9,0
01/22/2021,PITKIN,0,24,0,0,24,0,1674,147,4,0,1821,4,24,0
01/23/2021,PITKIN,0,9,0,0,9,0,1683,147,4,0,1830,4,9,0
01/24/2021,PITKIN,0,11,0,0,11,0,1694,147,4,0,1841,4,11,0
01/25/2021,PITKIN,2,0,0,0,2,0,1694,149,4,0,1843,4,2,0
01/26/2021,PITKIN,1,9,0,0,10,0,1703,150,4,0,1853,4,10,0
01/27/2021,PITKIN,0,2,0,0,2,0,1705,150,4,0,1855,4,2,0
01/28/2021,PITKIN,0,6,0,0,6,0,1711,150,4,0,1861,4,6,0
01/29/2021,PITKIN,0,7,0,0,7,0,1718,150,4,0,1868,4,7,0
01/30/2021,PITKIN,0,9,0,0,9,0,1727,150,4,0,1877,4,9,0
01/31/2021,PITKIN,4,2,0,0,6,0,1729,154,4,0,1883,4,6,0
02/01/2021,PITKIN,2,5,0,0,7,0,1734,156,4,0,1890,4,7,0
02/02/2021,PITKIN,2,4,0,0,6,0,1738,158,4,0,1896,4,6,0
02/03/2021,PITKIN,2,8,0,0,10,0,1746,160,4,0,1906,4,10,0
02/04/2021,PITKIN,3,12,0,0,15,0,1758,163,4,0,1921,4,15,0
02/05/2021,PITKIN,1,5,0,0,6,0,1763,164,4,0,1927,4,6,0
02/06/2021,PITKIN,1,2,0,0,3,0,1765,165,4,0,1930,4,3,0
02/07/2021,PITKIN,0,3,0,0,3,0,1768,165,4,0,1933,4,3,0
02/08/2021,PITKIN,2,1,0,0,3,0,1769,167,4,0,1936,4,3,0
02/09/2021,PITKIN,2,3,0,0,5,0,1772,169,4,0,1941,4,5,0
02/10/2021,PITKIN,0,7,0,0,7,0,1779,169,4,0,1948,4,7,0
02/11/2021,PITKIN,1,7,0,0,8,0,1786,170,4,0,1956,4,8,0
02/12/2021,PITKIN,0,1,0,0,1,0,1787,170,4,0,1957,4,1,0
02/13/2021,PITKIN,0,4,0,0,4,0,1791,170,4,0,1961,4,4,0
02/14/2021,PITKIN,1,7,0,0,8,0,1798,171,4,0,1969,4,8,0
02/15/2021,PITKIN,0,1,0,0,1,0,1799,171,4,0,1970,4,1,0
02/16/2021,PITKIN,3,0,0,0,3,0,1799,174,4,0,1973,4,3,0
02/18/2021,PITKIN,2,4,0,0,6,0,1803,176,4,0,1979,4,6,0
02/19/2021,PITKIN,3,7,0,0,10,0,1810,179,4,0,1989,4,10,0
02/20/2021,PITKIN,0,1,0,0,1,0,1811,179,4,0,1990,4,1,0
02/21/2021,PITKIN,0,1,0,0,1,0,1812,179,4,0,1991,4,1,0
02/22/2021,PITKIN,2,3,0,0,5,0,1815,181,4,0,1996,4,5,0
02/23/2021,PITKIN,4,6,0,0,10,0,1821,185,4,0,2006,4,10,0
02/24/2021,PITKIN,1,3,0,0,4,0,1824,186,4,0,2010,4,4,0
02/25/2021,PITKIN,2,26,0,0,28,0,1850,188,4,0,2038,4,28,0
02/26/2021,PITKIN,3,1,0,0,4,0,1851,191,4,0,2042,4,4,0
02/27/2021,PITKIN,5,14,0,0,19,0,1865,196,4,0,2061,4,19,0
02/28/2021,PITKIN,3,6,0,0,9,0,1871,199,4,0,2070,4,9,0
03/01/2021,PITKIN,1,3,0,0,4,0,1874,200,4,0,2074,4,4,0
03/02/2021,PITKIN,4,2,0,0,6,0,1876,204,4,0,2080,4,6,0
03/03/2021,PITKIN,3,28,0,0,31,0,1904,207,4,0,2111,4,31,0
03/04/2021,PITKIN,1,4,0,0,5,0,1908,208,4,0,2116,4,5,0
03/05/2021,PITKIN,1,11,0,0,12,0,1919,209,4,0,2128,4,12,0
03/06/2021,PITKIN,1,2,0,0,3,0,1921,210,4,0,2131,4,3,0
03/07/2021,PITKIN,1,5,0,0,6,0,1926,211,4,0,2137,4,6,0
03/08/2021,PITKIN,3,1,0,0,4,0,1927,214,4,0,2141,4,4,0
03/09/2021,PITKIN,6,8,0,0,14,0,1935,220,4,0,2155,4,14,0
03/10/2021,PITKIN,3,14,0,0,17,0,1949,223,4,0,2172,4,17,0
03/11/2021,PITKIN,5,14,0,0,19,0,1963,228,4,0,2191,4,19,0
03/12/2021,PITKIN,4,6,0,0,10,0,1969,232,4,0,2201,4,10,0
03/13/2021,PITKIN,3,20,0,0,23,0,1989,235,4,0,2224,4,23,0
03/14/2021,PITKIN,1,8,0,0,9,0,1997,236,4,0,2233,4,9,0
03/15/2021,PITKIN,1,12,0,0,13,0,2009,237,4,0,2246,4,13,0
03/16/2021,PITKIN,4,10,0,0,14,0,2019,241,4,0,2260,4,14,0
03/17/2021,PITKIN,4,16,0,0,20,0,2035,245,4,0,2280,4,20,0
03/18/2021,PITKIN,3,8,0,0,11,0,2043,248,4,0,2291,4,11,0
03/19/2021,PITKIN,2,14,0,0,16,0,2057,250,4,0,2307,4,16,0
03/20/2021,PITKIN,4,14,0,0,18,0,2071,254,4,0,2325,4,18,0
03/21/2021,PITKIN,4,5,0,0,9,0,2076,258,4,0,2334,4,9,0
03/22/2021,PITKIN,10,8,0,0,18,0,2084,268,4,0,2352,4,18,0
03/23/2021,PITKIN,7,7,0,0,14,0,2091,275,4,0,2366,4,14,0
03/24/2021,PITKIN,3,17,0,0,20,0,2108,278,4,0,2386,4,20,0
03/25/2021,PITKIN,3,25,0,0,28,0,2133,281,4,0,2414,4,28,0
03/26/2021,PITKIN,5,14,0,0,19,0,2147,286,4,0,2433,4,19,0
03/27/2021,PITKIN,3,10,0,0,13,0,2157,289,4,0,2446,4,13,0
03/28/2021,PITKIN,4,4,0,0,8,0,2161,293,4,0,2454,4,8,0
03/29/2021,PITKIN,3,9,0,0,12,0,2170,296,4,0,2466,4,12,0
03/30/2021,PITKIN,0,4,0,0,4,0,2174,296,4,0,2470,4,4,0
03/31/2021,PITKIN,2,23,0,0,25,0,2197,298,4,0,2495,4,25,0
04/01/2021,PITKIN,0,8,0,0,8,0,2205,298,4,0,2503,4,8,0
04/02/2021,PITKIN,2,11,0,0,13,0,2216,300,4,0,2516,4,13,0
04/03/2021,PITKIN,0,7,0,0,7,0,2223,300,4,0,2523,4,7,0
04/04/2021,PITKIN,0,8,0,0,8,0,2231,300,4,0,2531,4,8,0
04/05/2021,PITKIN,0,1,0,0,1,0,2232,300,4,0,2532,4,1,0
04/06/2021,PITKIN,1,2,0,0,3,0,2234,301,4,0,2535,4,3,0
04/07/2021,PITKIN,3,7,0,0,10,0,2241,304,4,0,2545,4,10,0
04/08/2021,PITKIN,0,9,0,0,9,0,2250,304,4,0,2554,4,9,0
04/09/2021,PITKIN,0,1,0,0,1,0,2251,304,4,0,2555,4,1,0
04/10/2021,PITKIN,0,8,0,0,8,0,2259,304,4,0,2563,4,8,0
04/11/2021,PITKIN,1,3,0,0,4,0,2262,305,4,0,2567,4,4,0
04/12/2021,PITKIN,1,6,0,0,7,0,2268,306,4,0,2574,4,7,0
04/13/2021,PITKIN,1,1,0,0,2,0,2269,307,4,0,2576,4,2,0
04/14/2021,PITKIN,0,5,0,0,5,0,2274,307,4,0,2581,4,5,0
04/15/2021,PITKIN,0,5,0,0,5,0,2279,307,4,0,2586,4,5,0
04/16/2021,PITKIN,0,1,0,0,1,0,2280,307,4,0,2587,4,1,0
04/17/2021,PITKIN,0,2,0,0,2,0,2282,307,4,0,2589,4,2,0
04/20/2021,PITKIN,0,1,0,0,1,0,2283,307,4,0,2590,4,1,0
04/21/2021,PITKIN,0,3,0,0,3,0,2286,307,4,0,2593,4,3,0
04/22/2021,PITKIN,0,6,0,0,6,0,2292,307,4,0,2599,4,6,0
04/24/2021,PITKIN,0,3,0,0,3,0,2295,307,4,0,2602,4,3,0
04/25/2021,PITKIN,1,1,0,0,2,0,2296,308,4,0,2604,4,2,0
04/26/2021,PITKIN,0,2,0,0,2,0,2298,308,4,0,2606,4,2,0
04/28/2021,PITKIN,0,1,0,0,1,0,2299,308,4,0,2607,4,1,0
04/29/2021,PITKIN,1,0,0,0,1,0,2299,309,4,0,2608,4,1,0
05/05/2021,PITKIN,1,1,0,0,2,0,2300,310,4,0,2610,4,2,0
05/06/2021,PITKIN,0,2,0,0,2,0,2302,310,4,0,2612,4,2,0
05/07/2021,PITKIN,0,1,0,0,1,0,2303,310,4,0,2613,4,1,0
05/11/2021,PITKIN,0,1,0,0,1,0,2304,310,4,0,2614,4,1,0
05/12/2021,PITKIN,0,1,0,0,1,0,2305,310,4,0,2615,4,1,0
05/13/2021,PITKIN,0,2,0,0,2,0,2307,310,4,0,2617,4,2,0
05/14/2021,PITKIN,0,1,0,0,1,0,2308,310,4,0,2618,4,1,0
05/16/2021,PITKIN,0,1,0,0,1,0,2309,310,4,0,2619,4,1,0
05/17/2021,PITKIN,0,1,0,0,1,0,2310,310,4,0,2620,4,1,0
05/18/2021,PITKIN,0,1,0,0,1,0,2311,310,4,0,2621,4,1,0
05/20/2021,PITKIN,1,1,0,0,2,0,2312,311,4,0,2623,4,2,0
05/22/2021,PITKIN,0,1,0,0,1,0,2313,311,4,0,2624,4,1,0
05/26/2021,PITKIN,0,1,0,0,1,0,2314,311,4,0,2625,4,1,0
05/27/2021,PITKIN,0,1,0,0,1,0,2315,311,4,0,2626,4,1,0
05/30/2021,PITKIN,0,1,0,0,1,0,2316,311,4,0,2627,4,1,0
06/09/2021,PITKIN,0,1,0,0,1,0,2317,311,4,0,2628,4,1,0
06/10/2021,PITKIN,0,1,0,0,1,0,2318,311,4,0,2629,4,1,0
06/17/2021,PITKIN,0,1,0,0,1,0,2319,311,4,0,2630,4,1,0
06/18/2021,PITKIN,0,1,0,0,1,0,2320,311,4,0,2631,4,1,0
06/23/2021,PITKIN,0,1,0,0,1,0,2321,311,4,0,2632,4,1,0
06/24/2021,PITKIN,1,2,0,0,3,0,2323,312,4,0,2635,4,3,0
06/28/2021,PITKIN,0,2,0,0,2,0,2325,312,4,0,2637,4,2,0
06/29/2021,PITKIN,0,2,0,0,2,0,2327,312,4,0,2639,4,2,0
06/30/2021,PITKIN,0,4,0,0,4,0,2331,312,4,0,2643,4,4,0
07/02/2021,PITKIN,0,2,0,0,2,0,2333,312,4,0,2645,4,2,0
07/06/2021,PITKIN,0,3,0,0,3,0,2336,312,4,0,2648,4,3,0
07/07/2021,PITKIN,0,1,0,0,1,0,2337,312,4,0,2649,4,1,0
07/08/2021,PITKIN,0,2,0,0,2,0,2339,312,4,0,2651,4,2,0
07/09/2021,PITKIN,0,1,0,0,1,0,2340,312,4,0,2652,4,1,0
07/10/2021,PITKIN,0,2,0,0,2,0,2342,312,4,0,2654,4,2,0
07/11/2021,PITKIN,0,3,0,0,3,0,2345,312,4,0,2657,4,3,0
07/12/2021,PITKIN,0,2,0,0,2,0,2347,312,4,0,2659,4,2,0
07/14/2021,PITKIN,0,1,0,0,1,0,2348,312,4,0,2660,4,1,0
07/16/2021,PITKIN,0,1,0,0,1,0,2349,312,4,0,2661,4,1,0
07/18/2021,PITKIN,0,2,0,0,2,0,2351,312,4,0,2663,4,2,0
07/19/2021,PITKIN,0,2,0,0,2,0,2353,312,4,0,2665,4,2,0
07/20/2021,PITKIN,0,2,0,0,2,0,2355,312,4,0,2667,4,2,0
07/21/2021,PITKIN,0,3,0,0,3,0,2358,312,4,0,2670,4,3,0
07/22/2021,PITKIN,0,2,0,0,2,0,2360,312,4,0,2672,4,2,0
07/23/2021,PITKIN,0,6,0,0,6,0,2366,312,4,0,2678,4,6,0
07/24/2021,PITKIN,0,3,0,0,3,0,2369,312,4,0,2681,4,3,0
07/25/2021,PITKIN,0,4,0,0,4,0,2373,312,4,0,2685,4,4,0
07/26/2021,PITKIN,0,3,0,0,3,0,2376,312,4,0,2688,4,3,0
07/28/2021,PITKIN,1,6,0,0,7,0,2382,313,4,0,2695,4,7,0
07/29/2021,PITKIN,0,5,0,0,5,0,2387,313,4,0,2700,4,5,0
07/30/2021,PITKIN,1,3,0,0,4,0,2390,314,4,0,2704,4,4,0
07/31/2021,PITKIN,2,4,0,0,6,0,2394,316,4,0,2710,4,6,0
08/01/2021,PITKIN,0,3,0,0,3,0,2397,316,4,0,2713,4,3,0
08/02/2021,PITKIN,0,6,0,0,6,0,2403,316,4,0,2719,4,6,0
08/03/2021,PITKIN,1,3,0,0,4,0,2406,317,4,0,2723,4,4,0
08/04/2021,PITKIN,0,2,0,0,2,0,2408,317,4,0,2725,4,2,0
08/05/2021,PITKIN,0,5,0,0,5,0,2413,317,4,0,2730,4,5,0
08/06/2021,PITKIN,1,4,0,0,5,0,2417,318,4,0,2735,4,5,0
08/07/2021,PITKIN,1,6,0,0,7,0,2423,319,4,0,2742,4,7,0
08/08/2021,PITKIN,0,4,0,0,4,0,2427,319,4,0,2746,4,4,0
08/09/2021,PITKIN,0,2,0,0,2,0,2429,319,4,0,2748,4,2,0
08/11/2021,PITKIN,0,4,0,0,4,0,2433,319,4,0,2752,4,4,0
08/12/2021,PITKIN,0,2,0,0,2,0,2435,319,4,0,2754,4,2,0
08/13/2021,PITKIN,0,7,0,0,7,0,2442,319,4,0,2761,4,7,0
08/14/2021,PITKIN,0,2,0,0,2,0,2444,319,4,0,2763,4,2,0
08/15/2021,PITKIN,0,3,0,0,3,0,2447,319,4,0,2766,4,3,0
08/16/2021,PITKIN,0,2,0,0,2,0,2449,319,4,0,2768,4,2,0
08/17/2021,PITKIN,0,6,0,0,6,0,2455,319,4,0,2774,4,6,0
08/18/2021,PITKIN,0,6,0,0,6,0,2461,319,4,0,2780,4,6,0
08/19/2021,PITKIN,1,3,0,0,4,0,2464,320,4,0,2784,4,4,0
08/20/2021,PITKIN,0,12,0,0,12,0,2476,320,4,0,2796,4,12,0
08/21/2021,PITKIN,1,7,0,0,8,0,2483,321,4,0,2804,4,8,0
08/23/2021,PITKIN,1,9,0,0,10,0,2492,322,4,0,2814,4,10,0
08/24/2021,PITKIN,0,3,0,0,3,0,2495,322,4,0,2817,4,3,0
08/25/2021,PITKIN,0,2,0,0,2,0,2497,322,4,0,2819,4,2,0
08/26/2021,PITKIN,0,18,0,0,18,0,2515,322,4,0,2837,4,18,0
08/27/2021,PITKIN,1,2,0,0,3,0,2517,323,4,0,2840,4,3,0
08/28/2021,PITKIN,0,1,0,0,1,0,2518,323,4,0,2841,4,1,0
08/29/2021,PITKIN,0,3,0,0,3,0,2521,323,4,0,2844,4,3,0
08/30/2021,PITKIN,2,10,0,1,12,1,2531,325,5,0,2856,5,12,1
08/31/2021,PITKIN,0,1,0,0,1,0,2532,325,5,0,2857,5,1,0
09/01/2021,PITKIN,0,7,0,0,7,0,2539,325,5,0,2864,5,7,0
09/02/2021,PITKIN,0,5,0,0,5,0,2544,325,5,0,2869,5,5,0
09/03/2021,PITKIN,1,8,0,0,9,0,2552,326,5,0,2878,5,9,0
09/04/2021,PITKIN,0,9,0,0,9,0,2561,326,5,0,2887,5,9,0
09/05/2021,PITKIN,0,2,0,0,2,0,2563,326,5,0,2889,5,2,0
09/06/2021,PITKIN,0,3,0,0,3,0,2566,326,5,0,2892,5,3,0
09/07/2021,PITKIN,1,3,0,0,4,0,2569,327,5,0,2896,5,4,0
09/08/2021,PITKIN,0,6,0,0,6,0,2575,327,5,0,2902,5,6,0
09/09/2021,PITKIN,2,12,0,0,14,0,2587,329,5,0,2916,5,14,0
09/10/2021,PITKIN,2,11,0,0,13,0,2598,331,5,0,2929,5,13,0
09/11/2021,PITKIN,0,3,0,0,3,0,2601,331,5,0,2932,5,3,0
09/12/2021,PITKIN,0,5,0,0,5,0,2606,331,5,0,2937,5,5,0
09/13/2021,PITKIN,0,10,0,0,10,0,2616,331,5,0,2947,5,10,0
09/14/2021,PITKIN,0,1,0,0,1,0,2617,331,5,0,2948,5,1,0
09/15/2021,PITKIN,0,9,0,0,9,0,2626,331,5,0,2957,5,9,0
09/16/2021,PITKIN,3,9,0,0,12,0,2635,334,5,0,2969,5,12,0
09/17/2021,PITKIN,0,8,0,0,8,0,2643,334,5,0,2977,5,8,0
09/18/2021,PITKIN,0,2,0,0,2,0,2645,334,5,0,2979,5,2,0
09/19/2021,PITKIN,0,3,0,0,3,0,2648,334,5,0,2982,5,3,0
09/20/2021,PITKIN,1,4,0,0,5,0,2652,335,5,0,2987,5,5,0
09/21/2021,PITKIN,0,4,0,0,4,0,2656,335,5,0,2991,5,4,0
09/22/2021,PITKIN,0,11,0,0,11,0,2667,335,5,0,3002,5,11,0
09/23/2021,PITKIN,1,6,0,0,7,0,2673,336,5,0,3009,5,7,0
09/24/2021,PITKIN,0,7,0,0,7,0,2680,336,5,0,3016,5,7,0
09/25/2021,PITKIN,0,1,0,0,1,0,2681,336,5,0,3017,5,1,0
09/26/2021,PITKIN,0,3,0,0,3,0,2684,336,5,0,3020,5,3,0
09/27/2021,PITKIN,0,7,0,0,7,0,2691,336,5,0,3027,5,7,0
09/28/2021,PITKIN,0,4,0,0,4,0,2695,336,5,0,3031,5,4,0
09/29/2021,PITKIN,1,3,0,0,4,0,2698,337,5,0,3035,5,4,0
09/30/2021,PITKIN,0,10,0,0,10,0,2708,337,5,0,3045,5,10,0
10/01/2021,PITKIN,0,7,0,0,7,0,2715,337,5,0,3052,5,7,0
10/02/2021,PITKIN,0,5,0,0,5,0,2720,337,5,0,3057,5,5,0
10/03/2021,PITKIN,0,4,0,0,4,0,2724,337,5,0,3061,5,4,0
10/04/2021,PITKIN,2,3,0,0,5,0,2727,339,5,0,3066,5,5,0
10/05/2021,PITKIN,0,4,0,0,4,0,2731,339,5,0,3070,5,4,0
10/06/2021,PITKIN,1,7,0,0,8,0,2738,340,5,0,3078,5,8,0
10/07/2021,PITKIN,0,6,0,0,6,0,2744,340,5,0,3084,5,6,0
10/08/2021,PITKIN,0,6,0,0,6,0,2750,340,5,0,3090,5,6,0
10/09/2021,PITKIN,0,3,0,0,3,0,2753,340,5,0,3093,5,3,0
10/10/2021,PITKIN,0,4,0,0,4,0,2757,340,5,0,3097,5,4,0
10/11/2021,PITKIN,0,3,0,0,3,0,2760,340,5,0,3100,5,3,0
10/12/2021,PITKIN,0,1,0,0,1,0,2761,340,5,0,3101,5,1,0
10/13/2021,PITKIN,0,7,0,0,7,0,2768,340,5,0,3108,5,7,0
10/14/2021,PITKIN,0,5,0,0,5,0,2773,340,5,0,3113,5,5,0
10/15/2021,PITKIN,0,6,0,0,6,0,2779,340,5,0,3119,5,6,0
10/17/2021,PITKIN,0,2,0,0,2,0,2781,340,5,0,3121,5,2,0
10/18/2021,PITKIN,1,3,0,0,4,0,2784,341,5,0,3125,5,4,0
10/19/2021,PITKIN,2,4,0,0,6,0,2788,343,5,0,3131,5,6,0
10/20/2021,PITKIN,0,7,0,0,7,0,2795,343,5,0,3138,5,7,0
10/21/2021,PITKIN,0,9,0,0,9,0,2804,343,5,0,3147,5,9,0
10/22/2021,PITKIN,0,4,0,0,4,0,2808,343,5,0,3151,5,4,0
10/23/2021,PITKIN,0,1,0,0,1,0,2809,343,5,0,3152,5,1,0
10/24/2021,PITKIN,0,6,0,0,6,0,2815,343,5,0,3158,5,6,0
10/25/2021,PITKIN,3,4,0,0,7,0,2819,346,5,0,3165,5,7,0
10/26/2021,PITKIN,0,4,0,0,4,0,2823,346,5,0,3169,5,4,0
10/27/2021,PITKIN,1,4,0,0,5,0,2827,347,5,0,3174,5,5,0
10/28/2021,PITKIN,0,2,0,0,2,0,2829,347,5,0,3176,5,2,0
10/29/2021,PITKIN,0,6,0,0,6,0,2835,347,5,0,3182,5,6,0
10/30/2021,PITKIN,0,4,0,0,4,0,2839,347,5,0,3186,5,4,0
10/31/2021,PITKIN,0,2,0,0,2,0,2841,347,5,0,3188,5,2,0
11/01/2021,PITKIN,1,0,0,0,1,0,2841,348,5,0,3189,5,1,0
11/02/2021,PITKIN,0,5,0,0,5,0,2846,348,5,0,3194,5,5,0
11/03/2021,PITKIN,1,4,0,0,5,0,2850,349,5,0,3199,5,5,0
11/04/2021,PITKIN,0,7,0,0,7,0,2857,349,5,0,3206,5,7,0
11/05/2021,PITKIN,0,5,0,0,5,0,2862,349,5,0,3211,5,5,0
11/06/2021,PITKIN,0,4,0,0,4,0,2866,349,5,0,3215,5,4,0
11/08/2021,PITKIN,2,0,0,0,2,0,2866,351,5,0,3217,5,2,0
11/09/2021,PITKIN,0,4,0,0,4,0,2870,351,5,0,3221,5,4,0
11/10/2021,PITKIN,4,5,0,0,9,0,2875,355,5,0,3230,5,9,0
11/11/2021,PITKIN,1,5,0,0,6,0,2880,356,5,0,3236,5,6,0
11/12/2021,PITKIN,2,3,0,0,5,0,2883,358,5,0,3241,5,5,0
11/13/2021,PITKIN,0,5,0,0,5,0,2888,358,5,0,3246,5,5,0
11/14/2021,PITKIN,0,9,0,0,9,0,2897,358,5,0,3255,5,9,0
11/15/2021,PITKIN,4,4,0,0,8,0,2901,362,5,0,3263,5,8,0
11/16/2021,PITKIN,1,9,0,1,10,1,2910,363,6,0,3273,6,10,1
11/17/2021,PITKIN,1,19,0,0,20,0,2929,364,6,0,3293,6,20,0
11/18/2021,PITKIN,0,4,0,0,4,0,2933,364,6,0,3297,6,4,0
11/19/2021,PITKIN,1,4,0,0,5,0,2937,365,6,0,3302,6,5,0
11/20/2021,PITKIN,0,3,0,0,3,0,2940,365,6,0,3305,6,3,0
11/22/2021,PITKIN,1,4,0,0,5,0,2944,366,6,0,3310,6,5,0
11/23/2021,PITKIN,1,2,0,0,3,0,2946,367,6,0,3313,6,3,0
11/26/2021,PITKIN,0,11,0,0,11,0,2957,367,6,0,3324,6,11,0
11/27/2021,PITKIN,0,2,0,0,2,0,2959,367,6,0,3326,6,2,0
11/28/2021,PITKIN,0,6,0,0,6,0,2965,367,6,0,3332,6,6,0
11/29/2021,PITKIN,0,3,0,0,3,0,2968,367,6,0,3335,6,3,0
11/30/2021,PITKIN,0,1,0,0,1,0,2969,367,6,0,3336,6,1,0
12/01/2021,PITKIN,0,7,0,0,7,0,2976,367,6,0,3343,6,7,0
12/02/2021,PITKIN,0,4,0,0,4,0,2980,367,6,0,3347,6,4,0
12/03/2021,PITKIN,2,1,0,0,3,0,2981,369,6,0,3350,6,3,0
12/05/2021,PITKIN,0,1,0,0,1,0,2982,369,6,0,3351,6,1,0
12/06/2021,PITKIN,0,1,0,0,1,0,2983,369,6,0,3352,6,1,0
12/07/2021,PITKIN,0,1,0,0,1,0,2984,369,6,0,3353,6,1,0
12/08/2021,PITKIN,0,4,0,0,4,0,2988,369,6,0,3357,6,4,0
12/09/2021,PITKIN,1,5,0,0,6,0,2993,370,6,0,3363,6,6,0
12/10/2021,PITKIN,0,2,0,0,2,0,2995,370,6,0,3365,6,2,0
12/11/2021,PITKIN,0,1,0,0,1,0,2996,370,6,0,3366,6,1,0
12/13/2021,PITKIN,0,11,0,0,11,0,3007,370,6,0,3377,6,11,0
12/14/2021,PITKIN,0,7,0,0,7,0,3014,370,6,0,3384,6,7,0
12/15/2021,PITKIN,1,7,0,0,8,0,3021,371,6,0,3392,6,8,0
12/16/2021,PITKIN,1,4,0,0,5,0,3025,372,6,0,3397,6,5,0
12/17/2021,PITKIN,1,9,0,0,10,0,3034,373,6,0,3407,6,10,0
12/18/2021,PITKIN,1,5,0,0,6,0,3039,374,6,0,3413,6,6,0
12/19/2021,PITKIN,1,24,0,0,25,0,3063,375,6,0,3438,6,25,0
12/20/2021,PITKIN,23,24,0,0,47,0,3087,398,6,0,3485,6,47,0
12/21/2021,PITKIN,5,39,0,0,44,0,3126,403,6,0,3529,6,44,0
12/22/2021,PITKIN,6,66,0,0,72,0,3192,409,6,0,3601,6,72,0
12/23/2021,PITKIN,4,130,0,0,134,0,3322,413,6,0,3735,6,134,0
12/24/2021,PITKIN,5,112,0,0,117,0,3434,418,6,0,3852,6,117,0
12/25/2021,PITKIN,10,6,0,0,16,0,3440,428,6,0,3868,6,16,0
12/26/2021,PITKIN,7,113,0,0,120,0,3553,435,6,0,3988,6,120,0
12/27/2021,PITKIN,3,19,0,0,22,0,3572,438,6,0,4010,6,22,0
12/28/2021,PITKIN,19,22,0,0,41,0,3594,457,6,0,4051,6,41,0
12/29/2021,PITKIN,8,161,0,0,169,0,3755,465,6,0,4220,6,169,0
12/30/2021,PITKIN,15,32,0,0,47,0,3787,480,6,0,4267,6,47,0
12/31/2021,PITKIN,19,182,0,0,201,0,3969,499,6,0,4468,6,201,0
01/01/2022,PITKIN,6,0,0,0,6,0,3969,505,6,0,4474,6,6,0
01/02/2022,PITKIN,3,102,0,0,105,0,4071,508,6,0,4579,6,105,0
01/03/2022,PITKIN,33,41,0,0,74,0,4112,541,6,0,4653,6,74,0
01/04/2022,PITKIN,16,47,0,0,63,0,4159,557,6,0,4716,6,63,0
01/05/2022,PITKIN,9,144,0,0,153,0,4303,566,6,0,4869,6,153,0
01/06/2022,PITKIN,8,134,0,0,142,0,4437,574,6,0,5011,6,142,0
01/07/2022,PITKIN,8,39,0,0,47,0,4476,582,6,0,5058,6,47,0
01/08/2022,PITKIN,6,118,0,0,124,0,4594,588,6,0,5182,6,124,0
01/09/2022,PITKIN,0,108,0,0,108,0,4702,588,6,0,5290,6,108,0
01/10/2022,PITKIN,3,13,0,0,16,0,4715,591,6,0,5306,6,16,0
01/11/2022,PITKIN,8,65,0,0,73,0,4780,599,6,0,5379,6,73,0
01/12/2022,PITKIN,4,126,0,0,130,0,4906,603,6,0,5509,6,130,0
01/13/2022,PITKIN,6,62,0,0,68,0,4968,609,6,0,5577,6,68,0
01/14/2022,PITKIN,3,10,0,0,13,0,4978,612,6,0,5590,6,13,0
01/15/2022,PITKIN,1,11,0,0,12,0,4989,613,6,0,5602,6,12,0
01/16/2022,PITKIN,0,33,0,0,33,0,5022,613,6,0,5635,6,33,0
01/17/2022,PITKIN,3,16,0,0,19,0,5038,616,6,0,5654,6,19,0
01/18/2022,PITKIN,2,62,0,0,64,0,5100,618,6,0,5718,6,64,0
01/19/2022,PITKIN,1,60,0,0,61,0,5160,619,6,0,5779,6,61,0
01/20/2022,PITKIN,5,36,0,0,41,0,5196,624,6,0,5820,6,41,0
01/21/2022,PITKIN,1,32,0,0,33,0,5228,625,6,0,5853,6,33,0
01/22/2022,PITKIN,1,24,0,0,25,0,5252,626,6,0,5878,6,25,0
01/23/2022,PITKIN,0,27,0,0,27,0,5279,626,6,0,5905,6,27,0
01/24/2022,PITKIN,3,15,0,0,18,0,5294,629,6,0,5923,6,18,0
01/25/2022,PITKIN,2,4,0,0,6,0,5298,631,6,0,5929,6,6,0
01/26/2022,PITKIN,1,32,0,0,33,0,5330,632,6,0,5962,6,33,0
01/27/2022,PITKIN,0,13,0,0,13,0,5343,632,6,0,5975,6,13,0
01/28/2022,PITKIN,0,13,0,0,13,0,5356,632,6,0,5988,6,13,0
01/29/2022,PITKIN,0,1,0,0,1,0,5357,632,6,0,5989,6,1,0
01/30/2022,PITKIN,0,13,0,0,13,0,5370,632,6,0,6002,6,13,0
01/31/2022,PITKIN,0,5,0,0,5,0,5375,632,6,0,6007,6,5,0
02/01/2022,PITKIN,0,1,0,0,1,0,5376,632,6,0,6008,6,1,0
02/02/2022,PITKIN,0,35,0,0,35,0,5411,632,6,0,6043,6,35,0
02/03/2022,PITKIN,0,18,0,0,18,0,5429,632,6,0,6061,6,18,0
02/04/2022,PITKIN,0,1,0,0,1,0,5430,632,6,0,6062,6,1,0
02/05/2022,PITKIN,0,1,0,0,1,0,5431,632,6,0,6063,6,1,0
02/06/2022,PITKIN,0,28,0,0,28,0,5459,632,6,0,6091,6,28,0
02/07/2022,PITKIN,1,5,0,0,6,0,5464,633,6,0,6097,6,6,0
02/08/2022,PITKIN,0,6,0,0,6,0,5470,633,6,0,6103,6,6,0
02/09/2022,PITKIN,0,28,0,0,28,0,5498,633,6,0,6131,6,28,0
02/10/2022,PITKIN,0,1,0,0,1,0,5499,633,6,0,6132,6,1,0
02/11/2022,PITKIN,0,6,0,0,6,0,5505,633,6,0,6138,6,6,0
02/13/2022,PITKIN,0,1,0,0,1,0,5506,633,6,0,6139,6,1,0
02/14/2022,PITKIN,1,0,0,0,1,0,5506,634,6,0,6140,6,1,0
02/15/2022,PITKIN,1,34,0,0,35,0,5540,635,6,0,6175,6,35,0
02/16/2022,PITKIN,2,6,0,0,8,0,5546,637,6,0,6183,6,8,0
02/17/2022,PITKIN,0,10,0,0,10,0,5556,637,6,0,6193,6,10,0
02/18/2022,PITKIN,0,3,0,0,3,0,5559,637,6,0,6196,6,3,0
02/19/2022,PITKIN,0,3,0,0,3,0,5562,637,6,0,6199,6,3,0
02/22/2022,PITKIN,0,8,0,0,8,0,5570,637,6,0,6207,6,8,0
02/23/2022,PITKIN,1,4,0,0,5,0,5574,638,6,0,6212,6,5,0
02/24/2022,PITKIN,0,8,0,0,8,0,5582,638,6,0,6220,6,8,0
02/25/2022,PITKIN,0,6,0,0,6,0,5588,638,6,0,6226,6,6,0
02/26/2022,PITKIN,0,4,0,0,4,0,5592,638,6,0,6230,6,4,0
02/27/2022,PITKIN,0,2,0,0,2,0,5594,638,6,0,6232,6,2,0
02/28/2022,PITKIN,1,0,0,0,1,0,5594,639,6,0,6233,6,1,0
03/01/2022,PITKIN,0,10,0,0,10,0,5604,639,6,0,6243,6,10,0
03/02/2022,PITKIN,0,3,0,0,3,0,5607,639,6,0,6246,6,3,0
03/03/2022,PITKIN,0,10,0,0,10,0,5617,639,6,0,6256,6,10,0
03/04/2022,PITKIN,0,8,0,0,8,0,5625,639,6,0,6264,6,8,0
03/05/2022,PITKIN,0,1,0,0,1,0,5626,639,6,0,6265,6,1,0
03/08/2022,PITKIN,0,4,0,0,4,0,5630,639,6,0,6269,6,4,0
03/09/2022,PITKIN,1,1,0,0,2,0,5631,640,6,0,6271,6,2,0
03/10/2022,PITKIN,0,1,0,0,1,0,5632,640,6,0,6272,6,1,0
03/11/2022,PITKIN,0,1,0,0,1,0,5633,640,6,0,6273,6,1,0
03/15/2022,PITKIN,0,12,0,0,12,0,5645,640,6,0,6285,6,12,0
03/16/2022,PITKIN,1,8,0,0,9,0,5653,641,6,0,6294,6,9,0
03/17/2022,PITKIN,1,3,0,0,4,0,5656,642,6,0,6298,6,4,0
03/18/2022,PITKIN,0,3,0,0,3,0,5659,642,6,0,6301,6,3,0
03/20/2020,PROWERS,0,1,0,0,1,0,1,0,0,0,1,0,-6300,-6
04/07/2020,PROWERS,0,1,0,0,1,0,2,0,0,0,2,0,1,0
05/04/2020,PROWERS,0,2,0,0,2,0,4,0,0,0,4,0,2,0
05/05/2020,PROWERS,5,0,0,0,5,0,4,5,0,0,9,0,5,0
05/09/2020,PROWERS,0,1,0,0,1,0,5,5,0,0,10,0,1,0
05/14/2020,PROWERS,0,1,0,0,1,0,6,5,0,0,11,0,1,0
05/18/2020,PROWERS,0,1,0,0,1,0,7,5,0,0,12,0,1,0
05/22/2020,PROWERS,0,1,0,0,1,0,8,5,0,0,13,0,1,0
05/26/2020,PROWERS,0,1,0,0,1,0,9,5,0,0,14,0,1,0
05/30/2020,PROWERS,0,1,0,0,1,0,10,5,0,0,15,0,1,0
06/01/2020,PROWERS,0,1,0,0,1,0,11,5,0,0,16,0,1,0
06/10/2020,PROWERS,0,1,0,0,1,0,12,5,0,0,17,0,1,0
06/24/2020,PROWERS,0,1,0,0,1,0,13,5,0,0,18,0,1,0
06/26/2020,PROWERS,1,2,0,0,3,0,15,6,0,0,21,0,3,0
06/28/2020,PROWERS,0,1,0,0,1,0,16,6,0,0,22,0,1,0
06/30/2020,PROWERS,0,1,0,0,1,0,17,6,0,0,23,0,1,0
07/02/2020,PROWERS,1,4,0,0,5,0,21,7,0,0,28,0,5,0
07/04/2020,PROWERS,0,5,0,0,5,0,26,7,0,0,33,0,5,0
07/07/2020,PROWERS,0,2,0,0,2,0,28,7,0,0,35,0,2,0
07/08/2020,PROWERS,0,1,0,0,1,0,29,7,0,0,36,0,1,0
07/09/2020,PROWERS,1,1,0,0,2,0,30,8,0,0,38,0,2,0
07/12/2020,PROWERS,0,2,0,0,2,0,32,8,0,0,40,0,2,0
07/14/2020,PROWERS,0,1,0,0,1,0,33,8,0,0,41,0,1,0
07/15/2020,PROWERS,0,3,0,0,3,0,36,8,0,0,44,0,3,0
07/16/2020,PROWERS,0,2,0,0,2,0,38,8,0,0,46,0,2,0
07/25/2020,PROWERS,0,1,0,0,1,0,39,8,0,0,47,0,1,0
07/29/2020,PROWERS,1,1,0,0,2,0,40,9,0,0,49,0,2,0
07/30/2020,PROWERS,1,0,0,0,1,0,40,10,0,0,50,0,1,0
07/31/2020,PROWERS,0,1,0,0,1,0,41,10,0,0,51,0,1,0
08/03/2020,PROWERS,0,2,0,0,2,0,43,10,0,0,53,0,2,0
08/06/2020,PROWERS,0,1,0,0,1,0,44,10,0,0,54,0,1,0
08/07/2020,PROWERS,0,1,0,0,1,0,45,10,0,0,55,0,1,0
08/10/2020,PROWERS,0,1,0,0,1,0,46,10,0,0,56,0,1,0
08/11/2020,PROWERS,0,3,0,0,3,0,49,10,0,0,59,0,3,0
08/12/2020,PROWERS,0,3,0,0,3,0,52,10,0,0,62,0,3,0
08/13/2020,PROWERS,0,1,0,0,1,0,53,10,0,0,63,0,1,0
08/15/2020,PROWERS,0,7,0,0,7,0,60,10,0,0,70,0,7,0
08/17/2020,PROWERS,0,1,0,0,1,0,61,10,0,0,71,0,1,0
08/19/2020,PROWERS,0,6,0,0,6,0,67,10,0,0,77,0,6,0
08/20/2020,PROWERS,1,0,0,0,1,0,67,11,0,0,78,0,1,0
08/22/2020,PROWERS,0,1,0,0,1,0,68,11,0,0,79,0,1,0
08/23/2020,PROWERS,0,1,0,0,1,0,69,11,0,0,80,0,1,0
08/27/2020,PROWERS,0,2,0,0,2,0,71,11,0,0,82,0,2,0
08/28/2020,PROWERS,0,2,0,0,2,0,73,11,0,0,84,0,2,0
08/29/2020,PROWERS,0,1,0,0,1,0,74,11,0,0,85,0,1,0
08/30/2020,PROWERS,0,1,0,0,1,0,75,11,0,0,86,0,1,0
09/01/2020,PROWERS,0,2,0,0,2,0,77,11,0,0,88,0,2,0
09/03/2020,PROWERS,0,1,0,0,1,0,78,11,0,0,89,0,1,0
09/06/2020,PROWERS,0,1,0,0,1,0,79,11,0,0,90,0,1,0
09/09/2020,PROWERS,0,1,0,0,1,0,80,11,0,0,91,0,1,0
09/14/2020,PROWERS,0,1,0,0,1,0,81,11,0,0,92,0,1,0
09/15/2020,PROWERS,0,1,0,0,1,0,82,11,0,0,93,0,1,0
09/18/2020,PROWERS,0,1,0,0,1,0,83,11,0,0,94,0,1,0
09/19/2020,PROWERS,0,1,0,0,1,0,84,11,0,0,95,0,1,0
10/03/2020,PROWERS,0,1,0,0,1,0,85,11,0,0,96,0,1,0
10/07/2020,PROWERS,0,1,0,0,1,0,86,11,0,0,97,0,1,0
10/08/2020,PROWERS,0,1,0,0,1,0,87,11,0,0,98,0,1,0
10/10/2020,PROWERS,0,1,0,0,1,0,88,11,0,0,99,0,1,0
10/13/2020,PROWERS,0,1,0,0,1,0,89,11,0,0,100,0,1,0
10/14/2020,PROWERS,0,3,0,0,3,0,92,11,0,0,103,0,3,0
10/15/2020,PROWERS,1,2,0,1,3,1,94,12,1,0,106,1,3,1
10/16/2020,PROWERS,5,7,1,2,12,3,101,17,3,1,118,4,12,3
10/17/2020,PROWERS,0,2,0,0,2,0,103,17,3,1,120,4,2,0
10/18/2020,PROWERS,0,3,0,0,3,0,106,17,3,1,123,4,3,0
10/19/2020,PROWERS,0,3,0,0,3,0,109,17,3,1,126,4,3,0
10/20/2020,PROWERS,0,16,0,0,16,0,125,17,3,1,142,4,16,0
10/21/2020,PROWERS,1,0,0,0,1,0,125,18,3,1,143,4,1,0
10/22/2020,PROWERS,0,21,0,5,21,5,146,18,8,1,164,9,21,5
10/23/2020,PROWERS,1,4,1,0,5,1,150,19,8,2,169,10,5,1
10/25/2020,PROWERS,0,3,0,0,3,0,153,19,8,2,172,10,3,0
10/26/2020,PROWERS,0,3,0,0,3,0,156,19,8,2,175,10,3,0
10/27/2020,PROWERS,0,7,0,1,7,1,163,19,9,2,182,11,7,1
10/28/2020,PROWERS,0,8,0,1,8,1,171,19,10,2,190,12,8,1
10/29/2020,PROWERS,0,7,0,0,7,0,178,19,10,2,197,12,7,0
10/30/2020,PROWERS,0,1,0,0,1,0,179,19,10,2,198,12,1,0
10/31/2020,PROWERS,0,4,0,0,4,0,183,19,10,2,202,12,4,0
11/01/2020,PROWERS,0,4,0,0,4,0,187,19,10,2,206,12,4,0
11/02/2020,PROWERS,0,5,0,0,5,0,192,19,10,2,211,12,5,0
11/03/2020,PROWERS,0,12,0,0,12,0,204,19,10,2,223,12,12,0
11/04/2020,PROWERS,1,10,0,0,11,0,214,20,10,2,234,12,11,0
11/05/2020,PROWERS,0,8,0,0,8,0,222,20,10,2,242,12,8,0
11/06/2020,PROWERS,0,11,0,0,11,0,233,20,10,2,253,12,11,0
11/07/2020,PROWERS,0,19,0,0,19,0,252,20,10,2,272,12,19,0
11/08/2020,PROWERS,0,6,0,0,6,0,258,20,10,2,278,12,6,0
11/09/2020,PROWERS,0,11,0,0,11,0,269,20,10,2,289,12,11,0
11/10/2020,PROWERS,0,17,0,0,17,0,286,20,10,2,306,12,17,0
11/11/2020,PROWERS,2,19,0,0,21,0,305,22,10,2,327,12,21,0
11/12/2020,PROWERS,1,14,0,0,15,0,319,23,10,2,342,12,15,0
11/13/2020,PROWERS,0,6,0,0,6,0,325,23,10,2,348,12,6,0
11/14/2020,PROWERS,0,5,0,0,5,0,330,23,10,2,353,12,5,0
11/15/2020,PROWERS,0,20,0,0,20,0,350,23,10,2,373,12,20,0
11/16/2020,PROWERS,0,18,0,2,18,2,368,23,12,2,391,14,18,2
11/17/2020,PROWERS,0,19,0,0,19,0,387,23,12,2,410,14,19,0
11/18/2020,PROWERS,3,10,0,1,13,1,397,26,13,2,423,15,13,1
11/19/2020,PROWERS,2,28,0,0,30,0,425,28,13,2,453,15,30,0
11/20/2020,PROWERS,1,14,0,0,15,0,439,29,13,2,468,15,15,0
11/21/2020,PROWERS,1,40,0,0,41,0,479,30,13,2,509,15,41,0
11/22/2020,PROWERS,0,32,0,0,32,0,511,30,13,2,541,15,32,0
11/23/2020,PROWERS,0,25,0,0,25,0,536,30,13,2,566,15,25,0
11/24/2020,PROWERS,0,12,0,0,12,0,548,30,13,2,578,15,12,0
11/25/2020,PROWERS,0,11,0,1,11,1,559,30,14,2,589,16,11,1
11/26/2020,PROWERS,0,13,0,0,13,0,572,30,14,2,602,16,13,0
11/27/2020,PROWERS,0,14,0,1,14,1,586,30,15,2,616,17,14,1
11/28/2020,PROWERS,0,13,0,0,13,0,599,30,15,2,629,17,13,0
11/29/2020,PROWERS,0,28,0,0,28,0,627,30,15,2,657,17,28,0
11/30/2020,PROWERS,0,34,0,0,34,0,661,30,15,2,691,17,34,0
12/01/2020,PROWERS,0,6,0,1,6,1,667,30,16,2,697,18,6,1
12/02/2020,PROWERS,5,20,0,0,25,0,687,35,16,2,722,18,25,0
12/03/2020,PROWERS,0,31,0,0,31,0,718,35,16,2,753,18,31,0
12/04/2020,PROWERS,2,8,1,0,10,1,726,37,16,3,763,19,10,1
12/05/2020,PROWERS,0,3,0,1,3,1,729,37,17,3,766,20,3,1
12/06/2020,PROWERS,0,8,0,0,8,0,737,37,17,3,774,20,8,0
12/07/2020,PROWERS,0,30,0,0,30,0,767,37,17,3,804,20,30,0
12/08/2020,PROWERS,0,36,0,0,36,0,803,37,17,3,840,20,36,0
12/09/2020,PROWERS,0,15,0,0,15,0,818,37,17,3,855,20,15,0
12/10/2020,PROWERS,0,20,0,0,20,0,838,37,17,3,875,20,20,0
12/11/2020,PROWERS,4,12,0,0,16,0,850,41,17,3,891,20,16,0
12/12/2020,PROWERS,0,1,0,0,1,0,851,41,17,3,892,20,1,0
12/13/2020,PROWERS,0,16,0,0,16,0,867,41,17,3,908,20,16,0
12/14/2020,PROWERS,0,6,0,0,6,0,873,41,17,3,914,20,6,0
12/15/2020,PROWERS,0,3,0,0,3,0,876,41,17,3,917,20,3,0
12/16/2020,PROWERS,0,10,0,0,10,0,886,41,17,3,927,20,10,0
12/17/2020,PROWERS,0,4,0,0,4,0,890,41,17,3,931,20,4,0
12/18/2020,PROWERS,1,7,0,0,8,0,897,42,17,3,939,20,8,0
12/19/2020,PROWERS,0,2,0,0,2,0,899,42,17,3,941,20,2,0
12/20/2020,PROWERS,2,0,0,0,2,0,899,44,17,3,943,20,2,0
12/21/2020,PROWERS,1,11,0,0,12,0,910,45,17,3,955,20,12,0
12/22/2020,PROWERS,0,5,0,0,5,0,915,45,17,3,960,20,5,0
12/23/2020,PROWERS,1,3,0,0,4,0,918,46,17,3,964,20,4,0
12/24/2020,PROWERS,0,8,0,0,8,0,926,46,17,3,972,20,8,0
12/25/2020,PROWERS,0,3,0,0,3,0,929,46,17,3,975,20,3,0
12/26/2020,PROWERS,0,9,0,0,9,0,938,46,17,3,984,20,9,0
12/27/2020,PROWERS,0,6,0,0,6,0,944,46,17,3,990,20,6,0
12/28/2020,PROWERS,0,5,0,0,5,0,949,46,17,3,995,20,5,0
12/29/2020,PROWERS,0,1,0,0,1,0,950,46,17,3,996,20,1,0
12/30/2020,PROWERS,1,9,0,0,10,0,959,47,17,3,1006,20,10,0
12/31/2020,PROWERS,0,2,0,0,2,0,961,47,17,3,1008,20,2,0
01/01/2021,PROWERS,0,2,0,0,2,0,963,47,17,3,1010,20,2,0
01/02/2021,PROWERS,1,8,0,0,9,0,971,48,17,3,1019,20,9,0
01/03/2021,PROWERS,0,5,0,1,5,1,976,48,18,3,1024,21,5,1
01/04/2021,PROWERS,1,5,0,0,6,0,981,49,18,3,1030,21,6,0
01/05/2021,PROWERS,0,7,0,0,7,0,988,49,18,3,1037,21,7,0
01/06/2021,PROWERS,0,8,0,0,8,0,996,49,18,3,1045,21,8,0
01/07/2021,PROWERS,0,3,0,0,3,0,999,49,18,3,1048,21,3,0
01/08/2021,PROWERS,0,6,0,0,6,0,1005,49,18,3,1054,21,6,0
01/09/2021,PROWERS,0,1,0,0,1,0,1006,49,18,3,1055,21,1,0
01/10/2021,PROWERS,0,2,0,0,2,0,1008,49,18,3,1057,21,2,0
01/11/2021,PROWERS,2,3,0,0,5,0,1011,51,18,3,1062,21,5,0
01/12/2021,PROWERS,0,3,0,0,3,0,1014,51,18,3,1065,21,3,0
01/13/2021,PROWERS,3,5,0,0,8,0,1019,54,18,3,1073,21,8,0
01/14/2021,PROWERS,0,7,0,0,7,0,1026,54,18,3,1080,21,7,0
01/16/2021,PROWERS,0,3,0,0,3,0,1029,54,18,3,1083,21,3,0
01/17/2021,PROWERS,0,4,0,0,4,0,1033,54,18,3,1087,21,4,0
01/18/2021,PROWERS,1,1,0,0,2,0,1034,55,18,3,1089,21,2,0
01/19/2021,PROWERS,0,2,0,0,2,0,1036,55,18,3,1091,21,2,0
01/21/2021,PROWERS,0,14,0,0,14,0,1050,55,18,3,1105,21,14,0
01/22/2021,PROWERS,0,1,0,0,1,0,1051,55,18,3,1106,21,1,0
01/24/2021,PROWERS,0,3,0,0,3,0,1054,55,18,3,1109,21,3,0
01/25/2021,PROWERS,1,3,0,0,4,0,1057,56,18,3,1113,21,4,0
01/26/2021,PROWERS,0,1,0,0,1,0,1058,56,18,3,1114,21,1,0
01/27/2021,PROWERS,1,2,0,0,3,0,1060,57,18,3,1117,21,3,0
01/28/2021,PROWERS,0,2,0,0,2,0,1062,57,18,3,1119,21,2,0
01/29/2021,PROWERS,0,4,0,0,4,0,1066,57,18,3,1123,21,4,0
01/30/2021,PROWERS,1,6,0,0,7,0,1072,58,18,3,1130,21,7,0
01/31/2021,PROWERS,2,1,0,0,3,0,1073,60,18,3,1133,21,3,0
02/01/2021,PROWERS,2,2,0,0,4,0,1075,62,18,3,1137,21,4,0
02/03/2021,PROWERS,0,8,0,0,8,0,1083,62,18,3,1145,21,8,0
02/04/2021,PROWERS,1,2,0,0,3,0,1085,63,18,3,1148,21,3,0
02/05/2021,PROWERS,0,4,0,0,4,0,1089,63,18,3,1152,21,4,0
02/06/2021,PROWERS,0,1,0,0,1,0,1090,63,18,3,1153,21,1,0
02/07/2021,PROWERS,0,2,0,0,2,0,1092,63,18,3,1155,21,2,0
02/08/2021,PROWERS,0,2,0,0,2,0,1094,63,18,3,1157,21,2,0
02/09/2021,PROWERS,0,1,0,0,1,0,1095,63,18,3,1158,21,1,0
02/10/2021,PROWERS,0,1,0,0,1,0,1096,63,18,3,1159,21,1,0
02/11/2021,PROWERS,0,3,0,0,3,0,1099,63,18,3,1162,21,3,0
02/13/2021,PROWERS,0,1,0,0,1,0,1100,63,18,3,1163,21,1,0
02/18/2021,PROWERS,0,1,0,0,1,0,1101,63,18,3,1164,21,1,0
02/19/2021,PROWERS,1,0,0,0,1,0,1101,64,18,3,1165,21,1,0
02/23/2021,PROWERS,0,1,0,0,1,0,1102,64,18,3,1166,21,1,0
03/01/2021,PROWERS,1,0,0,0,1,0,1102,65,18,3,1167,21,1,0
03/02/2021,PROWERS,0,1,0,0,1,0,1103,65,18,3,1168,21,1,0
03/03/2021,PROWERS,0,1,0,0,1,0,1104,65,18,3,1169,21,1,0
03/12/2021,PROWERS,0,1,0,0,1,0,1105,65,18,3,1170,21,1,0
03/18/2021,PROWERS,0,2,0,0,2,0,1107,65,18,3,1172,21,2,0
03/19/2021,PROWERS,0,1,0,0,1,0,1108,65,18,3,1173,21,1,0
03/22/2021,PROWERS,0,1,0,0,1,0,1109,65,18,3,1174,21,1,0
03/24/2021,PROWERS,0,1,0,0,1,0,1110,65,18,3,1175,21,1,0
04/04/2021,PROWERS,0,1,0,0,1,0,1111,65,18,3,1176,21,1,0
04/05/2021,PROWERS,1,0,0,0,1,0,1111,66,18,3,1177,21,1,0
04/07/2021,PROWERS,0,1,0,0,1,0,1112,66,18,3,1178,21,1,0
04/08/2021,PROWERS,2,0,0,0,2,0,1112,68,18,3,1180,21,2,0
04/09/2021,PROWERS,0,3,0,0,3,0,1115,68,18,3,1183,21,3,0
04/12/2021,PROWERS,2,0,0,0,2,0,1115,70,18,3,1185,21,2,0
04/14/2021,PROWERS,1,0,0,0,1,0,1115,71,18,3,1186,21,1,0
04/15/2021,PROWERS,0,3,0,0,3,0,1118,71,18,3,1189,21,3,0
04/17/2021,PROWERS,0,2,0,0,2,0,1120,71,18,3,1191,21,2,0
04/18/2021,PROWERS,0,1,0,0,1,0,1121,71,18,3,1192,21,1,0
04/19/2021,PROWERS,1,1,0,0,2,0,1122,72,18,3,1194,21,2,0
04/20/2021,PROWERS,0,1,0,0,1,0,1123,72,18,3,1195,21,1,0
04/21/2021,PROWERS,0,1,0,0,1,0,1124,72,18,3,1196,21,1,0
04/22/2021,PROWERS,0,1,0,0,1,0,1125,72,18,3,1197,21,1,0
04/23/2021,PROWERS,1,6,0,0,7,0,1131,73,18,3,1204,21,7,0
04/24/2021,PROWERS,0,2,0,0,2,0,1133,73,18,3,1206,21,2,0
04/25/2021,PROWERS,0,1,0,0,1,0,1134,73,18,3,1207,21,1,0
04/26/2021,PROWERS,1,1,0,0,2,0,1135,74,18,3,1209,21,2,0
04/28/2021,PROWERS,0,1,0,0,1,0,1136,74,18,3,1210,21,1,0
04/29/2021,PROWERS,0,1,0,0,1,0,1137,74,18,3,1211,21,1,0
04/30/2021,PROWERS,2,0,0,0,2,0,1137,76,18,3,1213,21,2,0
05/02/2021,PROWERS,0,1,0,0,1,0,1138,76,18,3,1214,21,1,0
05/03/2021,PROWERS,0,6,0,0,6,0,1144,76,18,3,1220,21,6,0
05/04/2021,PROWERS,0,8,0,1,8,1,1152,76,19,3,1228,22,8,1
05/05/2021,PROWERS,0,2,0,0,2,0,1154,76,19,3,1230,22,2,0
05/06/2021,PROWERS,0,3,0,0,3,0,1157,76,19,3,1233,22,3,0
05/07/2021,PROWERS,0,3,0,0,3,0,1160,76,19,3,1236,22,3,0
05/08/2021,PROWERS,0,1,0,0,1,0,1161,76,19,3,1237,22,1,0
05/10/2021,PROWERS,0,3,0,0,3,0,1164,76,19,3,1240,22,3,0
05/11/2021,PROWERS,0,2,0,0,2,0,1166,76,19,3,1242,22,2,0
05/12/2021,PROWERS,0,2,0,0,2,0,1168,76,19,3,1244,22,2,0
05/13/2021,PROWERS,0,4,0,0,4,0,1172,76,19,3,1248,22,4,0
05/14/2021,PROWERS,0,1,0,0,1,0,1173,76,19,3,1249,22,1,0
05/16/2021,PROWERS,0,1,0,0,1,0,1174,76,19,3,1250,22,1,0
05/17/2021,PROWERS,0,3,0,0,3,0,1177,76,19,3,1253,22,3,0
05/19/2021,PROWERS,0,6,0,0,6,0,1183,76,19,3,1259,22,6,0
05/20/2021,PROWERS,0,1,0,0,1,0,1184,76,19,3,1260,22,1,0
05/21/2021,PROWERS,1,2,0,0,3,0,1186,77,19,3,1263,22,3,0
05/25/2021,PROWERS,0,2,0,0,2,0,1188,77,19,3,1265,22,2,0
05/26/2021,PROWERS,0,2,0,0,2,0,1190,77,19,3,1267,22,2,0
05/29/2021,PROWERS,0,2,0,0,2,0,1192,77,19,3,1269,22,2,0
05/30/2021,PROWERS,0,1,0,0,1,0,1193,77,19,3,1270,22,1,0
06/02/2021,PROWERS,0,2,0,0,2,0,1195,77,19,3,1272,22,2,0
06/08/2021,PROWERS,0,3,0,0,3,0,1198,77,19,3,1275,22,3,0
06/10/2021,PROWERS,0,1,0,0,1,0,1199,77,19,3,1276,22,1,0
06/16/2021,PROWERS,0,2,0,0,2,0,1201,77,19,3,1278,22,2,0
06/17/2021,PROWERS,0,1,0,0,1,0,1202,77,19,3,1279,22,1,0
06/21/2021,PROWERS,0,1,0,0,1,0,1203,77,19,3,1280,22,1,0
06/23/2021,PROWERS,0,1,0,0,1,0,1204,77,19,3,1281,22,1,0
07/01/2021,PROWERS,0,2,0,0,2,0,1206,77,19,3,1283,22,2,0
07/08/2021,PROWERS,0,1,0,0,1,0,1207,77,19,3,1284,22,1,0
07/15/2021,PROWERS,0,1,0,0,1,0,1208,77,19,3,1285,22,1,0
07/19/2021,PROWERS,0,1,0,1,1,1,1209,77,20,3,1286,23,1,1
07/20/2021,PROWERS,0,1,0,0,1,0,1210,77,20,3,1287,23,1,0
07/21/2021,PROWERS,0,1,0,0,1,0,1211,77,20,3,1288,23,1,0
07/23/2021,PROWERS,0,1,0,0,1,0,1212,77,20,3,1289,23,1,0
07/24/2021,PROWERS,0,1,0,1,1,1,1213,77,21,3,1290,24,1,1
07/25/2021,PROWERS,0,1,0,0,1,0,1214,77,21,3,1291,24,1,0
07/26/2021,PROWERS,0,1,0,0,1,0,1215,77,21,3,1292,24,1,0
07/27/2021,PROWERS,0,1,0,0,1,0,1216,77,21,3,1293,24,1,0
07/28/2021,PROWERS,0,4,0,0,4,0,1220,77,21,3,1297,24,4,0
07/29/2021,PROWERS,0,2,0,0,2,0,1222,77,21,3,1299,24,2,0
07/30/2021,PROWERS,0,1,0,0,1,0,1223,77,21,3,1300,24,1,0
08/02/2021,PROWERS,0,2,0,0,2,0,1225,77,21,3,1302,24,2,0
08/03/2021,PROWERS,0,6,0,0,6,0,1231,77,21,3,1308,24,6,0
08/04/2021,PROWERS,0,1,0,1,1,1,1232,77,22,3,1309,25,1,1
08/05/2021,PROWERS,0,2,0,0,2,0,1234,77,22,3,1311,25,2,0
08/06/2021,PROWERS,0,6,0,1,6,1,1240,77,23,3,1317,26,6,1
08/10/2021,PROWERS,0,4,0,0,4,0,1244,77,23,3,1321,26,4,0
08/11/2021,PROWERS,0,1,0,0,1,0,1245,77,23,3,1322,26,1,0
08/12/2021,PROWERS,0,2,0,0,2,0,1247,77,23,3,1324,26,2,0
08/13/2021,PROWERS,0,3,0,0,3,0,1250,77,23,3,1327,26,3,0
08/14/2021,PROWERS,0,2,0,0,2,0,1252,77,23,3,1329,26,2,0
08/15/2021,PROWERS,0,1,0,0,1,0,1253,77,23,3,1330,26,1,0
08/16/2021,PROWERS,0,2,0,0,2,0,1255,77,23,3,1332,26,2,0
08/17/2021,PROWERS,0,7,0,0,7,0,1262,77,23,3,1339,26,7,0
08/19/2021,PROWERS,0,2,0,0,2,0,1264,77,23,3,1341,26,2,0
08/20/2021,PROWERS,0,1,0,0,1,0,1265,77,23,3,1342,26,1,0
08/21/2021,PROWERS,0,1,0,0,1,0,1266,77,23,3,1343,26,1,0
08/22/2021,PROWERS,0,1,0,0,1,0,1267,77,23,3,1344,26,1,0
08/23/2021,PROWERS,0,3,0,0,3,0,1270,77,23,3,1347,26,3,0
08/24/2021,PROWERS,0,6,0,0,6,0,1276,77,23,3,1353,26,6,0
08/25/2021,PROWERS,0,8,0,0,8,0,1284,77,23,3,1361,26,8,0
08/26/2021,PROWERS,0,3,0,0,3,0,1287,77,23,3,1364,26,3,0
08/27/2021,PROWERS,0,3,0,0,3,0,1290,77,23,3,1367,26,3,0
08/29/2021,PROWERS,0,5,0,0,5,0,1295,77,23,3,1372,26,5,0
08/30/2021,PROWERS,0,7,0,0,7,0,1302,77,23,3,1379,26,7,0
08/31/2021,PROWERS,0,5,0,0,5,0,1307,77,23,3,1384,26,5,0
09/01/2021,PROWERS,0,3,0,0,3,0,1310,77,23,3,1387,26,3,0
09/02/2021,PROWERS,0,3,0,0,3,0,1313,77,23,3,1390,26,3,0
09/03/2021,PROWERS,0,1,0,0,1,0,1314,77,23,3,1391,26,1,0
09/05/2021,PROWERS,0,1,0,0,1,0,1315,77,23,3,1392,26,1,0
09/06/2021,PROWERS,1,3,0,0,4,0,1318,78,23,3,1396,26,4,0
09/07/2021,PROWERS,1,6,0,0,7,0,1324,79,23,3,1403,26,7,0
09/08/2021,PROWERS,1,6,0,0,7,0,1330,80,23,3,1410,26,7,0
09/09/2021,PROWERS,0,2,0,0,2,0,1332,80,23,3,1412,26,2,0
09/10/2021,PROWERS,0,7,0,0,7,0,1339,80,23,3,1419,26,7,0
09/12/2021,PROWERS,0,2,0,0,2,0,1341,80,23,3,1421,26,2,0
09/13/2021,PROWERS,0,7,0,1,7,1,1348,80,24,3,1428,27,7,1
09/14/2021,PROWERS,0,8,0,1,8,1,1356,80,25,3,1436,28,8,1
09/15/2021,PROWERS,1,2,0,0,3,0,1358,81,25,3,1439,28,3,0
09/16/2021,PROWERS,0,3,0,0,3,0,1361,81,25,3,1442,28,3,0
09/17/2021,PROWERS,0,7,0,0,7,0,1368,81,25,3,1449,28,7,0
09/18/2021,PROWERS,0,1,0,0,1,0,1369,81,25,3,1450,28,1,0
09/19/2021,PROWERS,0,3,0,0,3,0,1372,81,25,3,1453,28,3,0
09/20/2021,PROWERS,0,6,0,0,6,0,1378,81,25,3,1459,28,6,0
09/21/2021,PROWERS,0,4,0,0,4,0,1382,81,25,3,1463,28,4,0
09/22/2021,PROWERS,0,11,0,1,11,1,1393,81,26,3,1474,29,11,1
09/23/2021,PROWERS,0,8,0,0,8,0,1401,81,26,3,1482,29,8,0
09/24/2021,PROWERS,0,2,0,0,2,0,1403,81,26,3,1484,29,2,0
09/26/2021,PROWERS,0,1,0,0,1,0,1404,81,26,3,1485,29,1,0
09/27/2021,PROWERS,0,3,0,0,3,0,1407,81,26,3,1488,29,3,0
09/28/2021,PROWERS,0,5,0,0,5,0,1412,81,26,3,1493,29,5,0
09/29/2021,PROWERS,2,3,0,0,5,0,1415,83,26,3,1498,29,5,0
09/30/2021,PROWERS,4,4,0,0,8,0,1419,87,26,3,1506,29,8,0
10/01/2021,PROWERS,0,1,0,0,1,0,1420,87,26,3,1507,29,1,0
10/02/2021,PROWERS,0,3,0,0,3,0,1423,87,26,3,1510,29,3,0
10/03/2021,PROWERS,0,2,0,0,2,0,1425,87,26,3,1512,29,2,0
10/04/2021,PROWERS,2,7,0,0,9,0,1432,89,26,3,1521,29,9,0
10/05/2021,PROWERS,2,7,0,1,9,1,1439,91,27,3,1530,30,9,1
10/06/2021,PROWERS,0,7,0,1,7,1,1446,91,28,3,1537,31,7,1
10/07/2021,PROWERS,1,5,0,0,6,0,1451,92,28,3,1543,31,6,0
10/08/2021,PROWERS,0,7,0,0,7,0,1458,92,28,3,1550,31,7,0
10/09/2021,PROWERS,0,3,0,0,3,0,1461,92,28,3,1553,31,3,0
10/10/2021,PROWERS,0,1,0,0,1,0,1462,92,28,3,1554,31,1,0
10/11/2021,PROWERS,1,4,0,0,5,0,1466,93,28,3,1559,31,5,0
10/12/2021,PROWERS,0,4,0,0,4,0,1470,93,28,3,1563,31,4,0
10/13/2021,PROWERS,1,7,0,0,8,0,1477,94,28,3,1571,31,8,0
10/14/2021,PROWERS,1,8,0,0,9,0,1485,95,28,3,1580,31,9,0
10/15/2021,PROWERS,1,14,1,0,15,1,1499,96,28,4,1595,32,15,1
10/16/2021,PROWERS,0,6,0,1,6,1,1505,96,29,4,1601,33,6,1
10/18/2021,PROWERS,1,15,0,0,16,0,1520,97,29,4,1617,33,16,0
10/19/2021,PROWERS,1,7,0,0,8,0,1527,98,29,4,1625,33,8,0
10/20/2021,PROWERS,0,7,0,0,7,0,1534,98,29,4,1632,33,7,0
10/21/2021,PROWERS,0,7,0,0,7,0,1541,98,29,4,1639,33,7,0
10/22/2021,PROWERS,1,7,0,0,8,0,1548,99,29,4,1647,33,8,0
10/24/2021,PROWERS,3,10,0,0,13,0,1558,102,29,4,1660,33,13,0
10/25/2021,PROWERS,1,3,0,0,4,0,1561,103,29,4,1664,33,4,0
10/26/2021,PROWERS,1,15,0,0,16,0,1576,104,29,4,1680,33,16,0
10/27/2021,PROWERS,1,7,0,1,8,1,1583,105,30,4,1688,34,8,1
10/28/2021,PROWERS,0,32,0,0,32,0,1615,105,30,4,1720,34,32,0
10/29/2021,PROWERS,1,5,0,0,6,0,1620,106,30,4,1726,34,6,0
10/30/2021,PROWERS,0,6,0,0,6,0,1626,106,30,4,1732,34,6,0
10/31/2021,PROWERS,0,3,0,0,3,0,1629,106,30,4,1735,34,3,0
11/01/2021,PROWERS,1,4,0,0,5,0,1633,107,30,4,1740,34,5,0
11/02/2021,PROWERS,2,4,0,0,6,0,1637,109,30,4,1746,34,6,0
11/03/2021,PROWERS,2,11,0,0,13,0,1648,111,30,4,1759,34,13,0
11/04/2021,PROWERS,0,14,0,1,14,1,1662,111,31,4,1773,35,14,1
11/05/2021,PROWERS,0,12,0,1,12,1,1674,111,32,4,1785,36,12,1
11/06/2021,PROWERS,0,6,0,1,6,1,1680,111,33,4,1791,37,6,1
11/07/2021,PROWERS,0,2,0,0,2,0,1682,111,33,4,1793,37,2,0
11/08/2021,PROWERS,3,1,0,0,4,0,1683,114,33,4,1797,37,4,0
11/09/2021,PROWERS,0,13,0,0,13,0,1696,114,33,4,1810,37,13,0
11/10/2021,PROWERS,1,8,0,0,9,0,1704,115,33,4,1819,37,9,0
11/11/2021,PROWERS,1,15,0,0,16,0,1719,116,33,4,1835,37,16,0
11/12/2021,PROWERS,0,6,0,0,6,0,1725,116,33,4,1841,37,6,0
11/13/2021,PROWERS,0,3,0,0,3,0,1728,116,33,4,1844,37,3,0
11/14/2021,PROWERS,0,5,0,1,5,1,1733,116,34,4,1849,38,5,1
11/15/2021,PROWERS,1,3,0,0,4,0,1736,117,34,4,1853,38,4,0
11/16/2021,PROWERS,0,2,0,0,2,0,1738,117,34,4,1855,38,2,0
11/17/2021,PROWERS,3,11,0,0,14,0,1749,120,34,4,1869,38,14,0
11/18/2021,PROWERS,1,6,0,1,7,1,1755,121,35,4,1876,39,7,1
11/19/2021,PROWERS,0,6,0,0,6,0,1761,121,35,4,1882,39,6,0
11/20/2021,PROWERS,0,4,0,1,4,1,1765,121,36,4,1886,40,4,1
11/21/2021,PROWERS,1,2,0,0,3,0,1767,122,36,4,1889,40,3,0
11/22/2021,PROWERS,2,5,0,0,7,0,1772,124,36,4,1896,40,7,0
11/23/2021,PROWERS,0,8,0,0,8,0,1780,124,36,4,1904,40,8,0
11/24/2021,PROWERS,5,13,0,0,18,0,1793,129,36,4,1922,40,18,0
11/26/2021,PROWERS,0,7,0,0,7,0,1800,129,36,4,1929,40,7,0
11/27/2021,PROWERS,0,3,0,0,3,0,1803,129,36,4,1932,40,3,0
11/29/2021,PROWERS,1,4,0,0,5,0,1807,130,36,4,1937,40,5,0
11/30/2021,PROWERS,0,1,0,0,1,0,1808,130,36,4,1938,40,1,0
12/01/2021,PROWERS,0,22,0,1,22,1,1830,130,37,4,1960,41,22,1
12/02/2021,PROWERS,3,4,0,0,7,0,1834,133,37,4,1967,41,7,0
12/03/2021,PROWERS,0,7,0,0,7,0,1841,133,37,4,1974,41,7,0
12/04/2021,PROWERS,0,6,0,0,6,0,1847,133,37,4,1980,41,6,0
12/05/2021,PROWERS,0,2,0,1,2,1,1849,133,38,4,1982,42,2,1
12/06/2021,PROWERS,1,3,0,1,4,1,1852,134,39,4,1986,43,4,1
12/07/2021,PROWERS,1,3,0,0,4,0,1855,135,39,4,1990,43,4,0
12/08/2021,PROWERS,0,10,0,0,10,0,1865,135,39,4,2000,43,10,0
12/09/2021,PROWERS,2,3,1,0,5,1,1868,137,39,5,2005,44,5,1
12/10/2021,PROWERS,2,1,0,0,3,0,1869,139,39,5,2008,44,3,0
12/11/2021,PROWERS,0,1,0,0,1,0,1870,139,39,5,2009,44,1,0
12/12/2021,PROWERS,0,2,0,0,2,0,1872,139,39,5,2011,44,2,0
12/13/2021,PROWERS,0,2,0,0,2,0,1874,139,39,5,2013,44,2,0
12/14/2021,PROWERS,0,10,0,0,10,0,1884,139,39,5,2023,44,10,0
12/15/2021,PROWERS,0,2,0,0,2,0,1886,139,39,5,2025,44,2,0
12/16/2021,PROWERS,0,2,0,1,2,1,1888,139,40,5,2027,45,2,1
12/17/2021,PROWERS,0,1,0,0,1,0,1889,139,40,5,2028,45,1,0
12/18/2021,PROWERS,0,3,0,0,3,0,1892,139,40,5,2031,45,3,0
12/19/2021,PROWERS,0,1,0,0,1,0,1893,139,40,5,2032,45,1,0
12/21/2021,PROWERS,0,2,0,0,2,0,1895,139,40,5,2034,45,2,0
12/23/2021,PROWERS,0,3,0,0,3,0,1898,139,40,5,2037,45,3,0
12/24/2021,PROWERS,0,3,0,0,3,0,1901,139,40,5,2040,45,3,0
12/25/2021,PROWERS,0,1,0,0,1,0,1902,139,40,5,2041,45,1,0
12/27/2021,PROWERS,1,0,0,0,1,0,1902,140,40,5,2042,45,1,0
12/28/2021,PROWERS,0,2,0,0,2,0,1904,140,40,5,2044,45,2,0
12/29/2021,PROWERS,0,3,0,0,3,0,1907,140,40,5,2047,45,3,0
12/30/2021,PROWERS,1,2,0,0,3,0,1909,141,40,5,2050,45,3,0
12/31/2021,PROWERS,0,1,0,0,1,0,1910,141,40,5,2051,45,1,0
01/01/2022,PROWERS,0,1,0,0,1,0,1911,141,40,5,2052,45,1,0
01/02/2022,PROWERS,0,1,0,0,1,0,1912,141,40,5,2053,45,1,0
01/03/2022,PROWERS,3,2,0,0,5,0,1914,144,40,5,2058,45,5,0
01/04/2022,PROWERS,2,6,0,0,8,0,1920,146,40,5,2066,45,8,0
01/05/2022,PROWERS,2,14,0,0,16,0,1934,148,40,5,2082,45,16,0
01/06/2022,PROWERS,1,2,0,1,3,1,1936,149,41,5,2085,46,3,1
01/07/2022,PROWERS,0,24,0,0,24,0,1960,149,41,5,2109,46,24,0
01/08/2022,PROWERS,0,5,0,0,5,0,1965,149,41,5,2114,46,5,0
01/10/2022,PROWERS,4,9,0,0,13,0,1974,153,41,5,2127,46,13,0
01/11/2022,PROWERS,4,5,0,0,9,0,1979,157,41,5,2136,46,9,0
01/12/2022,PROWERS,3,26,0,0,29,0,2005,160,41,5,2165,46,29,0
01/13/2022,PROWERS,4,14,0,0,18,0,2019,164,41,5,2183,46,18,0
01/14/2022,PROWERS,1,24,0,0,25,0,2043,165,41,5,2208,46,25,0
01/15/2022,PROWERS,0,5,0,0,5,0,2048,165,41,5,2213,46,5,0
01/16/2022,PROWERS,0,10,0,0,10,0,2058,165,41,5,2223,46,10,0
01/17/2022,PROWERS,5,7,0,0,12,0,2065,170,41,5,2235,46,12,0
01/18/2022,PROWERS,2,6,0,0,8,0,2071,172,41,5,2243,46,8,0
01/19/2022,PROWERS,11,23,0,0,34,0,2094,183,41,5,2277,46,34,0
01/20/2022,PROWERS,0,20,0,0,20,0,2114,183,41,5,2297,46,20,0
01/21/2022,PROWERS,0,24,0,0,24,0,2138,183,41,5,2321,46,24,0
01/22/2022,PROWERS,2,5,0,0,7,0,2143,185,41,5,2328,46,7,0
01/23/2022,PROWERS,0,1,0,0,1,0,2144,185,41,5,2329,46,1,0
01/24/2022,PROWERS,6,21,0,0,27,0,2165,191,41,5,2356,46,27,0
01/25/2022,PROWERS,5,12,0,0,17,0,2177,196,41,5,2373,46,17,0
01/26/2022,PROWERS,8,16,0,0,24,0,2193,204,41,5,2397,46,24,0
01/27/2022,PROWERS,6,29,0,0,35,0,2222,210,41,5,2432,46,35,0
01/28/2022,PROWERS,3,9,0,0,12,0,2231,213,41,5,2444,46,12,0
01/29/2022,PROWERS,0,10,0,0,10,0,2241,213,41,5,2454,46,10,0
01/30/2022,PROWERS,1,3,0,0,4,0,2244,214,41,5,2458,46,4,0
01/31/2022,PROWERS,4,8,0,0,12,0,2252,218,41,5,2470,46,12,0
02/01/2022,PROWERS,5,13,0,0,18,0,2265,223,41,5,2488,46,18,0
02/02/2022,PROWERS,1,14,0,0,15,0,2279,224,41,5,2503,46,15,0
02/03/2022,PROWERS,1,5,0,0,6,0,2284,225,41,5,2509,46,6,0
02/04/2022,PROWERS,0,8,0,1,8,1,2292,225,42,5,2517,47,8,1
02/05/2022,PROWERS,1,13,0,0,14,0,2305,226,42,5,2531,47,14,0
02/06/2022,PROWERS,0,2,0,0,2,0,2307,226,42,5,2533,47,2,0
02/07/2022,PROWERS,0,3,0,0,3,0,2310,226,42,5,2536,47,3,0
02/08/2022,PROWERS,1,6,0,0,7,0,2316,227,42,5,2543,47,7,0
02/09/2022,PROWERS,0,7,0,0,7,0,2323,227,42,5,2550,47,7,0
02/10/2022,PROWERS,2,8,1,0,10,1,2331,229,42,6,2560,48,10,1
02/11/2022,PROWERS,0,6,0,0,6,0,2337,229,42,6,2566,48,6,0
02/13/2022,PROWERS,1,2,0,0,3,0,2339,230,42,6,2569,48,3,0
02/14/2022,PROWERS,0,1,0,0,1,0,2340,230,42,6,2570,48,1,0
02/15/2022,PROWERS,2,7,0,0,9,0,2347,232,42,6,2579,48,9,0
02/16/2022,PROWERS,0,2,0,0,2,0,2349,232,42,6,2581,48,2,0
02/17/2022,PROWERS,0,1,0,0,1,0,2350,232,42,6,2582,48,1,0
02/18/2022,PROWERS,1,6,0,0,7,0,2356,233,42,6,2589,48,7,0
02/20/2022,PROWERS,0,2,0,0,2,0,2358,233,42,6,2591,48,2,0
02/21/2022,PROWERS,0,2,0,0,2,0,2360,233,42,6,2593,48,2,0
02/22/2022,PROWERS,1,0,0,0,1,0,2360,234,42,6,2594,48,1,0
02/23/2022,PROWERS,0,1,0,0,1,0,2361,234,42,6,2595,48,1,0
02/24/2022,PROWERS,0,1,0,0,1,0,2362,234,42,6,2596,48,1,0
02/25/2022,PROWERS,0,1,0,0,1,0,2363,234,42,6,2597,48,1,0
02/28/2022,PROWERS,0,1,0,0,1,0,2364,234,42,6,2598,48,1,0
03/01/2022,PROWERS,0,1,0,0,1,0,2365,234,42,6,2599,48,1,0
03/02/2022,PROWERS,0,1,0,0,1,0,2366,234,42,6,2600,48,1,0
03/07/2022,PROWERS,0,1,0,0,1,0,2367,234,42,6,2601,48,1,0
03/09/2022,PROWERS,0,1,0,0,1,0,2368,234,42,6,2602,48,1,0
03/13/2020,PUEBLO,0,1,0,0,1,0,1,0,0,0,1,0,-2601,-48
03/19/2020,PUEBLO,0,1,0,0,1,0,2,0,0,0,2,0,1,0
03/20/2020,PUEBLO,0,1,0,0,1,0,3,0,0,0,3,0,1,0
03/26/2020,PUEBLO,0,3,0,1,3,1,6,0,1,0,6,1,3,1
03/27/2020,PUEBLO,0,4,0,1,4,1,10,0,2,0,10,2,4,1
03/28/2020,PUEBLO,0,3,0,1,3,1,13,0,3,0,13,3,3,1
03/29/2020,PUEBLO,0,5,0,1,5,1,18,0,4,0,18,4,5,1
03/30/2020,PUEBLO,0,4,0,1,4,1,22,0,5,0,22,5,4,1
03/31/2020,PUEBLO,0,1,0,0,1,0,23,0,5,0,23,5,1,0
04/01/2020,PUEBLO,0,5,0,0,5,0,28,0,5,0,28,5,5,0
04/02/2020,PUEBLO,0,5,0,0,5,0,33,0,5,0,33,5,5,0
04/03/2020,PUEBLO,0,6,0,0,6,0,39,0,5,0,39,5,6,0
04/04/2020,PUEBLO,0,4,0,0,4,0,43,0,5,0,43,5,4,0
04/05/2020,PUEBLO,0,2,0,0,2,0,45,0,5,0,45,5,2,0
04/06/2020,PUEBLO,0,1,0,0,1,0,46,0,5,0,46,5,1,0
04/08/2020,PUEBLO,0,3,0,1,3,1,49,0,6,0,49,6,3,1
04/09/2020,PUEBLO,0,1,0,0,1,0,50,0,6,0,50,6,1,0
04/10/2020,PUEBLO,0,3,0,1,3,1,53,0,7,0,53,7,3,1
04/11/2020,PUEBLO,0,5,0,0,5,0,58,0,7,0,58,7,5,0
04/12/2020,PUEBLO,0,6,0,1,6,1,64,0,8,0,64,8,6,1
04/14/2020,PUEBLO,0,3,0,0,3,0,67,0,8,0,67,8,3,0
04/15/2020,PUEBLO,0,5,0,1,5,1,72,0,9,0,72,9,5,1
04/16/2020,PUEBLO,0,5,0,0,5,0,77,0,9,0,77,9,5,0
04/17/2020,PUEBLO,0,6,0,1,6,1,83,0,10,0,83,10,6,1
04/18/2020,PUEBLO,0,3,0,0,3,0,86,0,10,0,86,10,3,0
04/20/2020,PUEBLO,0,5,0,1,5,1,91,0,11,0,91,11,5,1
04/21/2020,PUEBLO,4,9,0,1,13,1,100,4,12,0,104,12,13,1
04/22/2020,PUEBLO,0,3,0,1,3,1,103,4,13,0,107,13,3,1
04/23/2020,PUEBLO,1,4,1,0,5,1,107,5,13,1,112,14,5,1
04/24/2020,PUEBLO,0,4,0,2,4,2,111,5,15,1,116,16,4,2
04/25/2020,PUEBLO,0,10,0,1,10,1,121,5,16,1,126,17,10,1
04/26/2020,PUEBLO,0,3,0,0,3,0,124,5,16,1,129,17,3,0
04/27/2020,PUEBLO,1,3,0,0,4,0,127,6,16,1,133,17,4,0
04/28/2020,PUEBLO,0,1,0,0,1,0,128,6,16,1,134,17,1,0
04/29/2020,PUEBLO,1,0,0,0,1,0,128,7,16,1,135,17,1,0
04/30/2020,PUEBLO,0,7,0,0,7,0,135,7,16,1,142,17,7,0
05/01/2020,PUEBLO,0,4,0,0,4,0,139,7,16,1,146,17,4,0
05/02/2020,PUEBLO,0,8,0,0,8,0,147,7,16,1,154,17,8,0
05/04/2020,PUEBLO,0,2,0,0,2,0,149,7,16,1,156,17,2,0
05/05/2020,PUEBLO,0,3,0,1,3,1,152,7,17,1,159,18,3,1
05/06/2020,PUEBLO,0,1,0,0,1,0,153,7,17,1,160,18,1,0
05/07/2020,PUEBLO,0,7,0,0,7,0,160,7,17,1,167,18,7,0
05/08/2020,PUEBLO,0,8,0,0,8,0,168,7,17,1,175,18,8,0
05/09/2020,PUEBLO,0,6,0,2,6,2,174,7,19,1,181,20,6,2
05/11/2020,PUEBLO,0,3,0,0,3,0,177,7,19,1,184,20,3,0
05/13/2020,PUEBLO,1,1,0,1,2,1,178,8,20,1,186,21,2,1
05/14/2020,PUEBLO,0,9,0,0,9,0,187,8,20,1,195,21,9,0
05/15/2020,PUEBLO,0,7,0,1,7,1,194,8,21,1,202,22,7,1
05/16/2020,PUEBLO,0,1,0,0,1,0,195,8,21,1,203,22,1,0
05/17/2020,PUEBLO,0,14,0,2,14,2,209,8,23,1,217,24,14,2
05/18/2020,PUEBLO,0,1,0,0,1,0,210,8,23,1,218,24,1,0
05/19/2020,PUEBLO,0,1,0,0,1,0,211,8,23,1,219,24,1,0
05/20/2020,PUEBLO,0,10,0,0,10,0,221,8,23,1,229,24,10,0
05/21/2020,PUEBLO,0,5,0,0,5,0,226,8,23,1,234,24,5,0
05/22/2020,PUEBLO,0,30,0,3,30,3,256,8,26,1,264,27,30,3
05/23/2020,PUEBLO,0,4,0,0,4,0,260,8,26,1,268,27,4,0
05/25/2020,PUEBLO,0,2,0,0,2,0,262,8,26,1,270,27,2,0
05/26/2020,PUEBLO,0,8,0,0,8,0,270,8,26,1,278,27,8,0
05/27/2020,PUEBLO,0,2,0,0,2,0,272,8,26,1,280,27,2,0
05/28/2020,PUEBLO,0,2,0,2,2,2,274,8,28,1,282,29,2,2
05/29/2020,PUEBLO,1,6,1,1,7,2,280,9,29,2,289,31,7,2
05/30/2020,PUEBLO,0,6,0,1,6,1,286,9,30,2,295,32,6,1
05/31/2020,PUEBLO,0,1,0,0,1,0,287,9,30,2,296,32,1,0
06/01/2020,PUEBLO,0,1,0,0,1,0,288,9,30,2,297,32,1,0
06/02/2020,PUEBLO,0,3,0,2,3,2,291,9,32,2,300,34,3,2
06/03/2020,PUEBLO,0,3,0,1,3,1,294,9,33,2,303,35,3,1
06/04/2020,PUEBLO,0,3,0,0,3,0,297,9,33,2,306,35,3,0
06/05/2020,PUEBLO,1,5,0,1,6,1,302,10,34,2,312,36,6,1
06/06/2020,PUEBLO,0,8,0,2,8,2,310,10,36,2,320,38,8,2
06/08/2020,PUEBLO,0,2,0,0,2,0,312,10,36,2,322,38,2,0
06/09/2020,PUEBLO,0,1,0,1,1,1,313,10,37,2,323,39,1,1
06/10/2020,PUEBLO,0,2,0,1,2,1,315,10,38,2,325,40,2,1
06/11/2020,PUEBLO,0,6,0,3,6,3,321,10,41,2,331,43,6,3
06/12/2020,PUEBLO,0,14,0,5,14,5,335,10,46,2,345,48,14,5
06/13/2020,PUEBLO,0,6,0,2,6,2,341,10,48,2,351,50,6,2
06/15/2020,PUEBLO,0,1,0,0,1,0,342,10,48,2,352,50,1,0
06/16/2020,PUEBLO,0,1,0,1,1,1,343,10,49,2,353,51,1,1
06/19/2020,PUEBLO,0,4,0,0,4,0,347,10,49,2,357,51,4,0
06/20/2020,PUEBLO,0,2,0,0,2,0,349,10,49,2,359,51,2,0
06/21/2020,PUEBLO,0,1,0,0,1,0,350,10,49,2,360,51,1,0
06/23/2020,PUEBLO,6,3,0,0,9,0,353,16,49,2,369,51,9,0
06/24/2020,PUEBLO,0,1,0,0,1,0,354,16,49,2,370,51,1,0
06/25/2020,PUEBLO,1,2,0,0,3,0,356,17,49,2,373,51,3,0
06/26/2020,PUEBLO,1,5,0,0,6,0,361,18,49,2,379,51,6,0
06/27/2020,PUEBLO,0,7,0,1,7,1,368,18,50,2,386,52,7,1
06/28/2020,PUEBLO,0,2,0,0,2,0,370,18,50,2,388,52,2,0
06/29/2020,PUEBLO,0,4,0,0,4,0,374,18,50,2,392,52,4,0
06/30/2020,PUEBLO,0,2,0,0,2,0,376,18,50,2,394,52,2,0
07/02/2020,PUEBLO,0,3,0,0,3,0,379,18,50,2,397,52,3,0
07/03/2020,PUEBLO,0,9,0,0,9,0,388,18,50,2,406,52,9,0
07/04/2020,PUEBLO,0,3,0,0,3,0,391,18,50,2,409,52,3,0
07/05/2020,PUEBLO,0,2,0,1,2,1,393,18,51,2,411,53,2,1
07/06/2020,PUEBLO,0,2,0,0,2,0,395,18,51,2,413,53,2,0
07/07/2020,PUEBLO,3,1,0,0,4,0,396,21,51,2,417,53,4,0
07/08/2020,PUEBLO,1,0,0,0,1,0,396,22,51,2,418,53,1,0
07/09/2020,PUEBLO,0,5,0,0,5,0,401,22,51,2,423,53,5,0
07/10/2020,PUEBLO,0,12,0,0,12,0,413,22,51,2,435,53,12,0
07/11/2020,PUEBLO,0,4,0,0,4,0,417,22,51,2,439,53,4,0
07/12/2020,PUEBLO,0,14,0,0,14,0,431,22,51,2,453,53,14,0
07/13/2020,PUEBLO,0,1,0,0,1,0,432,22,51,2,454,53,1,0
07/14/2020,PUEBLO,1,6,0,0,7,0,438,23,51,2,461,53,7,0
07/15/2020,PUEBLO,0,15,0,0,15,0,453,23,51,2,476,53,15,0
07/16/2020,PUEBLO,0,4,0,0,4,0,457,23,51,2,480,53,4,0
07/17/2020,PUEBLO,0,4,0,0,4,0,461,23,51,2,484,53,4,0
07/18/2020,PUEBLO,0,2,0,0,2,0,463,23,51,2,486,53,2,0
07/19/2020,PUEBLO,0,21,0,0,21,0,484,23,51,2,507,53,21,0
07/20/2020,PUEBLO,0,20,0,0,20,0,504,23,51,2,527,53,20,0
07/21/2020,PUEBLO,0,11,0,0,11,0,515,23,51,2,538,53,11,0
07/22/2020,PUEBLO,0,6,0,0,6,0,521,23,51,2,544,53,6,0
07/23/2020,PUEBLO,0,11,0,1,11,1,532,23,52,2,555,54,11,1
07/24/2020,PUEBLO,0,8,0,0,8,0,540,23,52,2,563,54,8,0
07/25/2020,PUEBLO,0,9,0,0,9,0,549,23,52,2,572,54,9,0
07/26/2020,PUEBLO,0,1,0,0,1,0,550,23,52,2,573,54,1,0
07/27/2020,PUEBLO,0,16,0,0,16,0,566,23,52,2,589,54,16,0
07/28/2020,PUEBLO,0,3,0,0,3,0,569,23,52,2,592,54,3,0
07/29/2020,PUEBLO,0,17,0,0,17,0,586,23,52,2,609,54,17,0
07/30/2020,PUEBLO,0,4,0,0,4,0,590,23,52,2,613,54,4,0
07/31/2020,PUEBLO,0,11,0,0,11,0,601,23,52,2,624,54,11,0
08/01/2020,PUEBLO,0,3,0,0,3,0,604,23,52,2,627,54,3,0
08/02/2020,PUEBLO,0,1,0,0,1,0,605,23,52,2,628,54,1,0
08/03/2020,PUEBLO,0,20,0,0,20,0,625,23,52,2,648,54,20,0
08/04/2020,PUEBLO,0,17,0,0,17,0,642,23,52,2,665,54,17,0
08/05/2020,PUEBLO,0,10,0,0,10,0,652,23,52,2,675,54,10,0
08/06/2020,PUEBLO,0,11,0,0,11,0,663,23,52,2,686,54,11,0
08/07/2020,PUEBLO,0,11,0,0,11,0,674,23,52,2,697,54,11,0
08/08/2020,PUEBLO,0,7,0,0,7,0,681,23,52,2,704,54,7,0
08/09/2020,PUEBLO,0,11,0,0,11,0,692,23,52,2,715,54,11,0
08/10/2020,PUEBLO,0,3,0,0,3,0,695,23,52,2,718,54,3,0
08/11/2020,PUEBLO,0,5,0,0,5,0,700,23,52,2,723,54,5,0
08/12/2020,PUEBLO,2,10,0,0,12,0,710,25,52,2,735,54,12,0
08/13/2020,PUEBLO,0,8,0,0,8,0,718,25,52,2,743,54,8,0
08/14/2020,PUEBLO,6,9,0,0,15,0,727,31,52,2,758,54,15,0
08/15/2020,PUEBLO,0,6,0,0,6,0,733,31,52,2,764,54,6,0
08/16/2020,PUEBLO,0,3,0,0,3,0,736,31,52,2,767,54,3,0
08/17/2020,PUEBLO,1,1,0,0,2,0,737,32,52,2,769,54,2,0
08/18/2020,PUEBLO,3,13,0,0,16,0,750,35,52,2,785,54,16,0
08/19/2020,PUEBLO,0,9,0,0,9,0,759,35,52,2,794,54,9,0
08/20/2020,PUEBLO,0,5,0,0,5,0,764,35,52,2,799,54,5,0
08/21/2020,PUEBLO,0,12,0,0,12,0,776,35,52,2,811,54,12,0
08/22/2020,PUEBLO,0,3,0,0,3,0,779,35,52,2,814,54,3,0
08/23/2020,PUEBLO,0,6,0,0,6,0,785,35,52,2,820,54,6,0
08/24/2020,PUEBLO,0,5,0,0,5,0,790,35,52,2,825,54,5,0
08/25/2020,PUEBLO,3,10,0,0,13,0,800,38,52,2,838,54,13,0
08/26/2020,PUEBLO,0,20,0,0,20,0,820,38,52,2,858,54,20,0
08/27/2020,PUEBLO,3,11,0,0,14,0,831,41,52,2,872,54,14,0
08/28/2020,PUEBLO,3,7,0,1,10,1,838,44,53,2,882,55,10,1
08/29/2020,PUEBLO,0,1,0,0,1,0,839,44,53,2,883,55,1,0
08/31/2020,PUEBLO,0,9,0,0,9,0,848,44,53,2,892,55,9,0
09/01/2020,PUEBLO,0,11,0,0,11,0,859,44,53,2,903,55,11,0
09/02/2020,PUEBLO,4,7,0,0,11,0,866,48,53,2,914,55,11,0
09/03/2020,PUEBLO,0,10,0,0,10,0,876,48,53,2,924,55,10,0
09/04/2020,PUEBLO,0,19,0,0,19,0,895,48,53,2,943,55,19,0
09/05/2020,PUEBLO,0,7,0,1,7,1,902,48,54,2,950,56,7,1
09/06/2020,PUEBLO,0,1,0,0,1,0,903,48,54,2,951,56,1,0
09/07/2020,PUEBLO,4,2,0,0,6,0,905,52,54,2,957,56,6,0
09/08/2020,PUEBLO,5,8,0,0,13,0,913,57,54,2,970,56,13,0
09/09/2020,PUEBLO,0,8,0,0,8,0,921,57,54,2,978,56,8,0
09/10/2020,PUEBLO,0,7,0,0,7,0,928,57,54,2,985,56,7,0
09/11/2020,PUEBLO,0,4,0,0,4,0,932,57,54,2,989,56,4,0
09/12/2020,PUEBLO,0,9,0,0,9,0,941,57,54,2,998,56,9,0
09/13/2020,PUEBLO,0,3,0,0,3,0,944,57,54,2,1001,56,3,0
09/14/2020,PUEBLO,1,5,0,0,6,0,949,58,54,2,1007,56,6,0
09/15/2020,PUEBLO,2,12,0,0,14,0,961,60,54,2,1021,56,14,0
09/16/2020,PUEBLO,1,2,0,0,3,0,963,61,54,2,1024,56,3,0
09/17/2020,PUEBLO,5,8,0,0,13,0,971,66,54,2,1037,56,13,0
09/18/2020,PUEBLO,0,7,0,0,7,0,978,66,54,2,1044,56,7,0
09/19/2020,PUEBLO,0,13,0,0,13,0,991,66,54,2,1057,56,13,0
09/20/2020,PUEBLO,0,5,0,0,5,0,996,66,54,2,1062,56,5,0
09/21/2020,PUEBLO,0,2,0,0,2,0,998,66,54,2,1064,56,2,0
09/22/2020,PUEBLO,1,16,0,1,17,1,1014,67,55,2,1081,57,17,1
09/23/2020,PUEBLO,2,7,0,0,9,0,1021,69,55,2,1090,57,9,0
09/24/2020,PUEBLO,5,6,0,0,11,0,1027,74,55,2,1101,57,11,0
09/25/2020,PUEBLO,0,14,0,0,14,0,1041,74,55,2,1115,57,14,0
09/26/2020,PUEBLO,3,8,0,0,11,0,1049,77,55,2,1126,57,11,0
09/27/2020,PUEBLO,0,1,0,0,1,0,1050,77,55,2,1127,57,1,0
09/28/2020,PUEBLO,13,7,0,0,20,0,1057,90,55,2,1147,57,20,0
09/29/2020,PUEBLO,1,13,0,1,14,1,1070,91,56,2,1161,58,14,1
09/30/2020,PUEBLO,2,15,0,0,17,0,1085,93,56,2,1178,58,17,0
10/01/2020,PUEBLO,1,17,0,0,18,0,1102,94,56,2,1196,58,18,0
10/02/2020,PUEBLO,1,14,0,0,15,0,1116,95,56,2,1211,58,15,0
10/03/2020,PUEBLO,2,21,0,0,23,0,1137,97,56,2,1234,58,23,0
10/04/2020,PUEBLO,1,20,0,2,21,2,1157,98,58,2,1255,60,21,2
10/05/2020,PUEBLO,5,5,0,0,10,0,1162,103,58,2,1265,60,10,0
10/06/2020,PUEBLO,7,38,0,2,45,2,1200,110,60,2,1310,62,45,2
10/07/2020,PUEBLO,4,21,0,0,25,0,1221,114,60,2,1335,62,25,0
10/08/2020,PUEBLO,5,30,0,0,35,0,1251,119,60,2,1370,62,35,0
10/09/2020,PUEBLO,0,14,0,0,14,0,1265,119,60,2,1384,62,14,0
10/10/2020,PUEBLO,7,46,0,0,53,0,1311,126,60,2,1437,62,53,0
10/11/2020,PUEBLO,0,1,0,0,1,0,1312,126,60,2,1438,62,1,0
10/12/2020,PUEBLO,6,34,0,0,40,0,1346,132,60,2,1478,62,40,0
10/13/2020,PUEBLO,4,32,0,0,36,0,1378,136,60,2,1514,62,36,0
10/14/2020,PUEBLO,2,49,0,0,51,0,1427,138,60,2,1565,62,51,0
10/15/2020,PUEBLO,6,25,0,1,31,1,1452,144,61,2,1596,63,31,1
10/16/2020,PUEBLO,0,31,0,0,31,0,1483,144,61,2,1627,63,31,0
10/17/2020,PUEBLO,0,43,0,2,43,2,1526,144,63,2,1670,65,43,2
10/18/2020,PUEBLO,0,30,0,1,30,1,1556,144,64,2,1700,66,30,1
10/19/2020,PUEBLO,3,18,0,0,21,0,1574,147,64,2,1721,66,21,0
10/20/2020,PUEBLO,5,58,0,1,63,1,1632,152,65,2,1784,67,63,1
10/21/2020,PUEBLO,1,33,0,1,34,1,1665,153,66,2,1818,68,34,1
10/22/2020,PUEBLO,0,30,0,1,30,1,1695,153,67,2,1848,69,30,1
10/23/2020,PUEBLO,2,33,0,0,35,0,1728,155,67,2,1883,69,35,0
10/24/2020,PUEBLO,1,116,1,0,117,1,1844,156,67,3,2000,70,117,1
10/25/2020,PUEBLO,0,77,0,7,77,7,1921,156,74,3,2077,77,77,7
10/26/2020,PUEBLO,0,64,0,3,64,3,1985,156,77,3,2141,80,64,3
10/27/2020,PUEBLO,11,41,0,0,52,0,2026,167,77,3,2193,80,52,0
10/28/2020,PUEBLO,0,37,0,2,37,2,2063,167,79,3,2230,82,37,2
10/29/2020,PUEBLO,4,93,0,2,97,2,2156,171,81,3,2327,84,97,2
10/30/2020,PUEBLO,3,101,0,4,104,4,2257,174,85,3,2431,88,104,4
10/31/2020,PUEBLO,1,107,0,2,108,2,2364,175,87,3,2539,90,108,2
11/01/2020,PUEBLO,3,86,1,2,89,3,2450,178,89,4,2628,93,89,3
11/02/2020,PUEBLO,4,124,0,3,128,3,2574,182,92,4,2756,96,128,3
11/03/2020,PUEBLO,4,93,0,1,97,1,2667,186,93,4,2853,97,97,1
11/04/2020,PUEBLO,8,117,0,3,125,3,2784,194,96,4,2978,100,125,3
11/05/2020,PUEBLO,7,159,0,2,166,2,2943,201,98,4,3144,102,166,2
11/06/2020,PUEBLO,8,161,0,5,169,5,3104,209,103,4,3313,107,169,5
11/07/2020,PUEBLO,0,114,0,2,114,2,3218,209,105,4,3427,109,114,2
11/08/2020,PUEBLO,2,149,0,2,151,2,3367,211,107,4,3578,111,151,2
11/09/2020,PUEBLO,5,146,1,2,151,3,3513,216,109,5,3729,114,151,3
11/10/2020,PUEBLO,2,277,0,2,279,2,3790,218,111,5,4008,116,279,2
11/11/2020,PUEBLO,11,301,0,1,312,1,4091,229,112,5,4320,117,312,1
11/12/2020,PUEBLO,4,306,0,6,310,6,4397,233,118,5,4630,123,310,6
11/13/2020,PUEBLO,6,323,0,7,329,7,4720,239,125,5,4959,130,329,7
11/14/2020,PUEBLO,0,282,0,6,282,6,5002,239,131,5,5241,136,282,6
11/15/2020,PUEBLO,1,258,0,8,259,8,5260,240,139,5,5500,144,259,8
11/16/2020,PUEBLO,11,210,0,8,221,8,5470,251,147,5,5721,152,221,8
11/17/2020,PUEBLO,4,229,0,6,233,6,5699,255,153,5,5954,158,233,6
11/18/2020,PUEBLO,4,220,0,5,224,5,5919,259,158,5,6178,163,224,5
11/19/2020,PUEBLO,2,419,0,13,421,13,6338,261,171,5,6599,176,421,13
11/20/2020,PUEBLO,3,353,0,8,356,8,6691,264,179,5,6955,184,356,8
11/21/2020,PUEBLO,0,351,0,10,351,10,7042,264,189,5,7306,194,351,10
11/22/2020,PUEBLO,0,337,0,5,337,5,7379,264,194,5,7643,199,337,5
11/23/2020,PUEBLO,7,172,0,7,179,7,7551,271,201,5,7822,206,179,7
11/24/2020,PUEBLO,9,233,0,5,242,5,7784,280,206,5,8064,211,242,5
11/25/2020,PUEBLO,6,183,0,5,189,5,7967,286,211,5,8253,216,189,5
11/26/2020,PUEBLO,4,281,0,11,285,11,8248,290,222,5,8538,227,285,11
11/27/2020,PUEBLO,5,282,0,4,287,4,8530,295,226,5,8825,231,287,4
11/28/2020,PUEBLO,5,263,0,4,268,4,8793,300,230,5,9093,235,268,4
11/29/2020,PUEBLO,8,390,0,6,398,6,9183,308,236,5,9491,241,398,6
11/30/2020,PUEBLO,17,328,0,3,345,3,9511,325,239,5,9836,244,345,3
12/01/2020,PUEBLO,11,204,1,5,215,6,9715,336,244,6,10051,250,215,6
12/02/2020,PUEBLO,9,321,0,11,330,11,10036,345,255,6,10381,261,330,11
12/03/2020,PUEBLO,13,240,0,6,253,6,10276,358,261,6,10634,267,253,6
12/04/2020,PUEBLO,14,178,0,7,192,7,10454,372,268,6,10826,274,192,7
12/05/2020,PUEBLO,4,158,0,6,162,6,10612,376,274,6,10988,280,162,6
12/06/2020,PUEBLO,3,261,0,4,264,4,10873,379,278,6,11252,284,264,4
12/07/2020,PUEBLO,6,261,0,8,267,8,11134,385,286,6,11519,292,267,8
12/08/2020,PUEBLO,3,258,0,5,261,5,11392,388,291,6,11780,297,261,5
12/09/2020,PUEBLO,8,278,2,12,286,14,11670,396,303,8,12066,311,286,14
12/10/2020,PUEBLO,10,162,2,5,172,7,11832,406,308,10,12238,318,172,7
12/11/2020,PUEBLO,1,217,0,3,218,3,12049,407,311,10,12456,321,218,3
12/12/2020,PUEBLO,4,78,0,3,82,3,12127,411,314,10,12538,324,82,3
12/13/2020,PUEBLO,2,204,0,2,206,2,12331,413,316,10,12744,326,206,2
12/14/2020,PUEBLO,10,61,3,1,71,4,12392,423,317,13,12815,330,71,4
12/15/2020,PUEBLO,5,172,0,2,177,2,12564,428,319,13,12992,332,177,2
12/16/2020,PUEBLO,5,77,1,0,82,1,12641,433,319,14,13074,333,82,1
12/17/2020,PUEBLO,3,142,0,9,145,9,12783,436,328,14,13219,342,145,9
12/18/2020,PUEBLO,10,72,1,2,82,3,12855,446,330,15,13301,345,82,3
12/19/2020,PUEBLO,5,65,0,2,70,2,12920,451,332,15,13371,347,70,2
12/20/2020,PUEBLO,0,77,0,1,77,1,12997,451,333,15,13448,348,77,1
12/21/2020,PUEBLO,0,60,0,4,60,4,13057,451,337,15,13508,352,60,4
12/22/2020,PUEBLO,2,101,0,2,103,2,13158,453,339,15,13611,354,103,2
12/23/2020,PUEBLO,2,62,0,2,64,2,13220,455,341,15,13675,356,64,2
12/24/2020,PUEBLO,3,95,0,1,98,1,13315,458,342,15,13773,357,98,1
12/25/2020,PUEBLO,1,19,0,0,20,0,13334,459,342,15,13793,357,20,0
12/26/2020,PUEBLO,0,35,0,1,35,1,13369,459,343,15,13828,358,35,1
12/27/2020,PUEBLO,2,71,0,1,73,1,13440,461,344,15,13901,359,73,1
12/28/2020,PUEBLO,4,15,1,1,19,2,13455,465,345,16,13920,361,19,2
12/29/2020,PUEBLO,0,76,0,0,76,0,13531,465,345,16,13996,361,76,0
12/30/2020,PUEBLO,4,62,0,2,66,2,13593,469,347,16,14062,363,66,2
12/31/2020,PUEBLO,8,66,1,1,74,2,13659,477,348,17,14136,365,74,2
01/01/2021,PUEBLO,0,30,0,1,30,1,13689,477,349,17,14166,366,30,1
01/02/2021,PUEBLO,1,36,0,1,37,1,13725,478,350,17,14203,367,37,1
01/03/2021,PUEBLO,5,71,0,0,76,0,13796,483,350,17,14279,367,76,0
01/04/2021,PUEBLO,3,21,1,2,24,3,13817,486,352,18,14303,370,24,3
01/05/2021,PUEBLO,8,30,0,0,38,0,13847,494,352,18,14341,370,38,0
01/06/2021,PUEBLO,11,52,0,3,63,3,13899,505,355,18,14404,373,63,3
01/07/2021,PUEBLO,4,50,0,0,54,0,13949,509,355,18,14458,373,54,0
01/08/2021,PUEBLO,0,90,0,0,90,0,14039,509,355,18,14548,373,90,0
01/09/2021,PUEBLO,0,43,0,1,43,1,14082,509,356,18,14591,374,43,1
01/10/2021,PUEBLO,1,37,0,1,38,1,14119,510,357,18,14629,375,38,1
01/11/2021,PUEBLO,4,8,1,0,12,1,14127,514,357,19,14641,376,12,1
01/12/2021,PUEBLO,0,36,0,1,36,1,14163,514,358,19,14677,377,36,1
01/13/2021,PUEBLO,2,38,1,0,40,1,14201,516,358,20,14717,378,40,1
01/14/2021,PUEBLO,1,36,0,1,37,1,14237,517,359,20,14754,379,37,1
01/15/2021,PUEBLO,1,32,0,1,33,1,14269,518,360,20,14787,380,33,1
01/16/2021,PUEBLO,0,19,0,0,19,0,14288,518,360,20,14806,380,19,0
01/17/2021,PUEBLO,0,6,0,0,6,0,14294,518,360,20,14812,380,6,0
01/18/2021,PUEBLO,1,25,0,1,26,1,14319,519,361,20,14838,381,26,1
01/19/2021,PUEBLO,10,43,0,0,53,0,14362,529,361,20,14891,381,53,0
01/20/2021,PUEBLO,6,19,0,1,25,1,14381,535,362,20,14916,382,25,1
01/21/2021,PUEBLO,0,21,0,0,21,0,14402,535,362,20,14937,382,21,0
01/22/2021,PUEBLO,2,22,0,1,24,1,14424,537,363,20,14961,383,24,1
01/23/2021,PUEBLO,0,17,0,0,17,0,14441,537,363,20,14978,383,17,0
01/24/2021,PUEBLO,1,14,0,1,15,1,14455,538,364,20,14993,384,15,1
01/25/2021,PUEBLO,3,16,0,0,19,0,14471,541,364,20,15012,384,19,0
01/26/2021,PUEBLO,1,33,0,0,34,0,14504,542,364,20,15046,384,34,0
01/27/2021,PUEBLO,1,15,0,1,16,1,14519,543,365,20,15062,385,16,1
01/28/2021,PUEBLO,1,48,0,0,49,0,14567,544,365,20,15111,385,49,0
01/29/2021,PUEBLO,4,18,0,0,22,0,14585,548,365,20,15133,385,22,0
01/30/2021,PUEBLO,0,11,0,0,11,0,14596,548,365,20,15144,385,11,0
01/31/2021,PUEBLO,0,11,0,0,11,0,14607,548,365,20,15155,385,11,0
02/01/2021,PUEBLO,4,4,0,1,8,1,14611,552,366,20,15163,386,8,1
02/02/2021,PUEBLO,6,30,0,0,36,0,14641,558,366,20,15199,386,36,0
02/03/2021,PUEBLO,3,12,0,1,15,1,14653,561,367,20,15214,387,15,1
02/04/2021,PUEBLO,0,16,0,1,16,1,14669,561,368,20,15230,388,16,1
02/05/2021,PUEBLO,1,11,0,0,12,0,14680,562,368,20,15242,388,12,0
02/06/2021,PUEBLO,0,14,0,0,14,0,14694,562,368,20,15256,388,14,0
02/07/2021,PUEBLO,0,10,0,0,10,0,14704,562,368,20,15266,388,10,0
02/08/2021,PUEBLO,0,1,0,0,1,0,14705,562,368,20,15267,388,1,0
02/09/2021,PUEBLO,1,5,0,0,6,0,14710,563,368,20,15273,388,6,0
02/10/2021,PUEBLO,1,10,0,0,11,0,14720,564,368,20,15284,388,11,0
02/11/2021,PUEBLO,0,21,0,0,21,0,14741,564,368,20,15305,388,21,0
02/12/2021,PUEBLO,2,15,0,0,17,0,14756,566,368,20,15322,388,17,0
02/13/2021,PUEBLO,0,7,0,0,7,0,14763,566,368,20,15329,388,7,0
02/14/2021,PUEBLO,0,2,0,0,2,0,14765,566,368,20,15331,388,2,0
02/15/2021,PUEBLO,2,2,0,0,4,0,14767,568,368,20,15335,388,4,0
02/16/2021,PUEBLO,0,19,0,0,19,0,14786,568,368,20,15354,388,19,0
02/17/2021,PUEBLO,9,12,0,0,21,0,14798,577,368,20,15375,388,21,0
02/18/2021,PUEBLO,4,11,0,1,15,1,14809,581,369,20,15390,389,15,1
02/19/2021,PUEBLO,2,16,0,0,18,0,14825,583,369,20,15408,389,18,0
02/20/2021,PUEBLO,0,7,0,0,7,0,14832,583,369,20,15415,389,7,0
02/21/2021,PUEBLO,0,4,0,0,4,0,14836,583,369,20,15419,389,4,0
02/22/2021,PUEBLO,4,12,0,0,16,0,14848,587,369,20,15435,389,16,0
02/23/2021,PUEBLO,2,9,0,0,11,0,14857,589,369,20,15446,389,11,0
02/24/2021,PUEBLO,12,20,0,0,32,0,14877,601,369,20,15478,389,32,0
02/25/2021,PUEBLO,13,12,0,0,25,0,14889,614,369,20,15503,389,25,0
02/26/2021,PUEBLO,8,18,0,0,26,0,14907,622,369,20,15529,389,26,0
02/27/2021,PUEBLO,1,12,0,0,13,0,14919,623,369,20,15542,389,13,0
02/28/2021,PUEBLO,0,10,0,0,10,0,14929,623,369,20,15552,389,10,0
03/01/2021,PUEBLO,8,1,0,0,9,0,14930,631,369,20,15561,389,9,0
03/02/2021,PUEBLO,26,27,0,0,53,0,14957,657,369,20,15614,389,53,0
03/03/2021,PUEBLO,12,15,0,0,27,0,14972,669,369,20,15641,389,27,0
03/04/2021,PUEBLO,12,17,0,0,29,0,14989,681,369,20,15670,389,29,0
03/05/2021,PUEBLO,1,3,0,0,4,0,14992,682,369,20,15674,389,4,0
03/06/2021,PUEBLO,0,14,0,0,14,0,15006,682,369,20,15688,389,14,0
03/07/2021,PUEBLO,1,16,0,0,17,0,15022,683,369,20,15705,389,17,0
03/08/2021,PUEBLO,43,13,1,0,56,1,15035,726,369,21,15761,390,56,1
03/09/2021,PUEBLO,6,13,0,0,19,0,15048,732,369,21,15780,390,19,0
03/10/2021,PUEBLO,0,13,0,0,13,0,15061,732,369,21,15793,390,13,0
03/11/2021,PUEBLO,1,14,0,0,15,0,15075,733,369,21,15808,390,15,0
03/12/2021,PUEBLO,2,28,0,0,30,0,15103,735,369,21,15838,390,30,0
03/13/2021,PUEBLO,1,20,0,0,21,0,15123,736,369,21,15859,390,21,0
03/14/2021,PUEBLO,0,5,0,0,5,0,15128,736,369,21,15864,390,5,0
03/15/2021,PUEBLO,2,18,0,0,20,0,15146,738,369,21,15884,390,20,0
03/16/2021,PUEBLO,2,39,0,0,41,0,15185,740,369,21,15925,390,41,0
03/17/2021,PUEBLO,4,23,0,0,27,0,15208,744,369,21,15952,390,27,0
03/18/2021,PUEBLO,3,25,0,0,28,0,15233,747,369,21,15980,390,28,0
03/19/2021,PUEBLO,2,21,0,0,23,0,15254,749,369,21,16003,390,23,0
03/20/2021,PUEBLO,0,17,0,0,17,0,15271,749,369,21,16020,390,17,0
03/21/2021,PUEBLO,0,1,0,0,1,0,15272,749,369,21,16021,390,1,0
03/22/2021,PUEBLO,7,17,0,1,24,1,15289,756,370,21,16045,391,24,1
03/23/2021,PUEBLO,3,31,0,0,34,0,15320,759,370,21,16079,391,34,0
03/24/2021,PUEBLO,6,16,0,0,22,0,15336,765,370,21,16101,391,22,0
03/25/2021,PUEBLO,2,32,0,1,34,1,15368,767,371,21,16135,392,34,1
03/26/2021,PUEBLO,6,36,0,0,42,0,15404,773,371,21,16177,392,42,0
03/27/2021,PUEBLO,8,42,0,1,50,1,15446,781,372,21,16227,393,50,1
03/28/2021,PUEBLO,18,32,0,0,50,0,15478,799,372,21,16277,393,50,0
03/29/2021,PUEBLO,12,14,0,0,26,0,15492,811,372,21,16303,393,26,0
03/30/2021,PUEBLO,3,57,0,0,60,0,15549,814,372,21,16363,393,60,0
03/31/2021,PUEBLO,9,36,0,1,45,1,15585,823,373,21,16408,394,45,1
04/01/2021,PUEBLO,7,47,0,2,54,2,15632,830,375,21,16462,396,54,2
04/02/2021,PUEBLO,2,41,0,0,43,0,15673,832,375,21,16505,396,43,0
04/03/2021,PUEBLO,24,41,0,1,65,1,15714,856,376,21,16570,397,65,1
04/04/2021,PUEBLO,3,27,0,1,30,1,15741,859,377,21,16600,398,30,1
04/05/2021,PUEBLO,2,12,0,0,14,0,15753,861,377,21,16614,398,14,0
04/06/2021,PUEBLO,16,27,0,0,43,0,15780,877,377,21,16657,398,43,0
04/07/2021,PUEBLO,5,75,0,0,80,0,15855,882,377,21,16737,398,80,0
04/08/2021,PUEBLO,13,36,0,0,49,0,15891,895,377,21,16786,398,49,0
04/09/2021,PUEBLO,14,63,0,0,77,0,15954,909,377,21,16863,398,77,0
04/10/2021,PUEBLO,7,50,0,0,57,0,16004,916,377,21,16920,398,57,0
04/11/2021,PUEBLO,3,43,0,1,46,1,16047,919,378,21,16966,399,46,1
04/12/2021,PUEBLO,7,71,0,2,78,2,16118,926,380,21,17044,401,78,2
04/13/2021,PUEBLO,12,71,0,1,83,1,16189,938,381,21,17127,402,83,1
04/14/2021,PUEBLO,6,37,0,1,43,1,16226,944,382,21,17170,403,43,1
04/15/2021,PUEBLO,6,54,0,1,60,1,16280,950,383,21,17230,404,60,1
04/16/2021,PUEBLO,6,68,0,1,74,1,16348,956,384,21,17304,405,74,1
04/17/2021,PUEBLO,4,30,0,0,34,0,16378,960,384,21,17338,405,34,0
04/18/2021,PUEBLO,2,57,0,1,59,1,16435,962,385,21,17397,406,59,1
04/19/2021,PUEBLO,14,36,0,1,50,1,16471,976,386,21,17447,407,50,1
04/20/2021,PUEBLO,8,51,0,1,59,1,16522,984,387,21,17506,408,59,1
04/21/2021,PUEBLO,4,159,0,1,163,1,16681,988,388,21,17669,409,163,1
04/22/2021,PUEBLO,13,64,0,1,77,1,16745,1001,389,21,17746,410,77,1
04/23/2021,PUEBLO,23,86,0,3,109,3,16831,1024,392,21,17855,413,109,3
04/24/2021,PUEBLO,5,67,0,2,72,2,16898,1029,394,21,17927,415,72,2
04/25/2021,PUEBLO,2,40,0,0,42,0,16938,1031,394,21,17969,415,42,0
04/26/2021,PUEBLO,11,39,0,0,50,0,16977,1042,394,21,18019,415,50,0
04/27/2021,PUEBLO,19,107,0,1,126,1,17084,1061,395,21,18145,416,126,1
04/28/2021,PUEBLO,8,68,0,0,76,0,17152,1069,395,21,18221,416,76,0
04/29/2021,PUEBLO,6,80,0,0,86,0,17232,1075,395,21,18307,416,86,0
04/30/2021,PUEBLO,5,123,1,0,128,1,17355,1080,395,22,18435,417,128,1
05/01/2021,PUEBLO,5,79,0,1,84,1,17434,1085,396,22,18519,418,84,1
05/02/2021,PUEBLO,1,41,0,0,42,0,17475,1086,396,22,18561,418,42,0
05/03/2021,PUEBLO,8,44,0,0,52,0,17519,1094,396,22,18613,418,52,0
05/04/2021,PUEBLO,10,74,0,2,84,2,17593,1104,398,22,18697,420,84,2
05/05/2021,PUEBLO,10,45,1,1,55,2,17638,1114,399,23,18752,422,55,2
05/06/2021,PUEBLO,7,58,0,0,65,0,17696,1121,399,23,18817,422,65,0
05/07/2021,PUEBLO,9,50,0,1,59,1,17746,1130,400,23,18876,423,59,1
05/08/2021,PUEBLO,3,44,0,1,47,1,17790,1133,401,23,18923,424,47,1
05/09/2021,PUEBLO,2,24,0,0,26,0,17814,1135,401,23,18949,424,26,0
05/10/2021,PUEBLO,4,27,0,1,31,1,17841,1139,402,23,18980,425,31,1
05/11/2021,PUEBLO,1,41,0,0,42,0,17882,1140,402,23,19022,425,42,0
05/12/2021,PUEBLO,5,50,0,1,55,1,17932,1145,403,23,19077,426,55,1
05/13/2021,PUEBLO,2,24,0,1,26,1,17956,1147,404,23,19103,427,26,1
05/14/2021,PUEBLO,2,32,0,3,34,3,17988,1149,407,23,19137,430,34,3
05/15/2021,PUEBLO,4,17,0,0,21,0,18005,1153,407,23,19158,430,21,0
05/16/2021,PUEBLO,1,21,0,1,22,1,18026,1154,408,23,19180,431,22,1
05/17/2021,PUEBLO,0,11,0,0,11,0,18037,1154,408,23,19191,431,11,0
05/18/2021,PUEBLO,4,33,1,1,37,2,18070,1158,409,24,19228,433,37,2
05/19/2021,PUEBLO,16,18,0,0,34,0,18088,1174,409,24,19262,433,34,0
05/20/2021,PUEBLO,5,11,0,0,16,0,18099,1179,409,24,19278,433,16,0
05/21/2021,PUEBLO,2,16,0,2,18,2,18115,1181,411,24,19296,435,18,2
05/22/2021,PUEBLO,0,10,0,0,10,0,18125,1181,411,24,19306,435,10,0
05/23/2021,PUEBLO,1,9,0,1,10,1,18134,1182,412,24,19316,436,10,1
05/24/2021,PUEBLO,2,54,0,0,56,0,18188,1184,412,24,19372,436,56,0
05/25/2021,PUEBLO,5,26,0,0,31,0,18214,1189,412,24,19403,436,31,0
05/26/2021,PUEBLO,5,16,0,1,21,1,18230,1194,413,24,19424,437,21,1
05/27/2021,PUEBLO,4,18,0,2,22,2,18248,1198,415,24,19446,439,22,2
05/28/2021,PUEBLO,1,17,0,0,18,0,18265,1199,415,24,19464,439,18,0
05/29/2021,PUEBLO,0,6,0,0,6,0,18271,1199,415,24,19470,439,6,0
05/30/2021,PUEBLO,2,6,0,0,8,0,18277,1201,415,24,19478,439,8,0
05/31/2021,PUEBLO,1,6,0,0,7,0,18283,1202,415,24,19485,439,7,0
06/01/2021,PUEBLO,5,11,0,1,16,1,18294,1207,416,24,19501,440,16,1
06/02/2021,PUEBLO,1,13,0,0,14,0,18307,1208,416,24,19515,440,14,0
06/03/2021,PUEBLO,1,10,0,1,11,1,18317,1209,417,24,19526,441,11,1
06/04/2021,PUEBLO,2,11,0,0,13,0,18328,1211,417,24,19539,441,13,0
06/05/2021,PUEBLO,0,10,0,0,10,0,18338,1211,417,24,19549,441,10,0
06/06/2021,PUEBLO,1,6,0,0,7,0,18344,1212,417,24,19556,441,7,0
06/07/2021,PUEBLO,1,10,0,2,11,2,18354,1213,419,24,19567,443,11,2
06/08/2021,PUEBLO,3,10,0,0,13,0,18364,1216,419,24,19580,443,13,0
06/09/2021,PUEBLO,0,11,0,0,11,0,18375,1216,419,24,19591,443,11,0
06/10/2021,PUEBLO,0,4,0,0,4,0,18379,1216,419,24,19595,443,4,0
06/11/2021,PUEBLO,8,14,0,1,22,1,18393,1224,420,24,19617,444,22,1
06/12/2021,PUEBLO,1,6,0,1,7,1,18399,1225,421,24,19624,445,7,1
06/13/2021,PUEBLO,0,5,0,0,5,0,18404,1225,421,24,19629,445,5,0
06/14/2021,PUEBLO,1,2,0,0,3,0,18406,1226,421,24,19632,445,3,0
06/15/2021,PUEBLO,0,6,0,0,6,0,18412,1226,421,24,19638,445,6,0
06/16/2021,PUEBLO,0,13,0,1,13,1,18425,1226,422,24,19651,446,13,1
06/17/2021,PUEBLO,3,9,0,0,12,0,18434,1229,422,24,19663,446,12,0
06/18/2021,PUEBLO,2,13,0,0,15,0,18447,1231,422,24,19678,446,15,0
06/19/2021,PUEBLO,1,9,0,0,10,0,18456,1232,422,24,19688,446,10,0
06/20/2021,PUEBLO,0,4,0,0,4,0,18460,1232,422,24,19692,446,4,0
06/21/2021,PUEBLO,1,0,0,0,1,0,18460,1233,422,24,19693,446,1,0
06/22/2021,PUEBLO,2,6,0,0,8,0,18466,1235,422,24,19701,446,8,0
06/23/2021,PUEBLO,0,10,0,0,10,0,18476,1235,422,24,19711,446,10,0
06/24/2021,PUEBLO,0,4,0,0,4,0,18480,1235,422,24,19715,446,4,0
06/25/2021,PUEBLO,3,5,0,0,8,0,18485,1238,422,24,19723,446,8,0
06/26/2021,PUEBLO,2,2,0,0,4,0,18487,1240,422,24,19727,446,4,0
06/27/2021,PUEBLO,0,4,0,0,4,0,18491,1240,422,24,19731,446,4,0
06/28/2021,PUEBLO,0,12,0,1,12,1,18503,1240,423,24,19743,447,12,1
06/29/2021,PUEBLO,0,4,0,0,4,0,18507,1240,423,24,19747,447,4,0
06/30/2021,PUEBLO,3,7,0,0,10,0,18514,1243,423,24,19757,447,10,0
07/01/2021,PUEBLO,0,10,0,0,10,0,18524,1243,423,24,19767,447,10,0
07/02/2021,PUEBLO,0,7,0,0,7,0,18531,1243,423,24,19774,447,7,0
07/03/2021,PUEBLO,1,5,0,0,6,0,18536,1244,423,24,19780,447,6,0
07/04/2021,PUEBLO,1,3,0,0,4,0,18539,1245,423,24,19784,447,4,0
07/05/2021,PUEBLO,0,7,0,2,7,2,18546,1245,425,24,19791,449,7,2
07/06/2021,PUEBLO,0,7,0,0,7,0,18553,1245,425,24,19798,449,7,0
07/07/2021,PUEBLO,0,6,0,0,6,0,18559,1245,425,24,19804,449,6,0
07/08/2021,PUEBLO,0,10,0,0,10,0,18569,1245,425,24,19814,449,10,0
07/09/2021,PUEBLO,1,2,0,0,3,0,18571,1246,425,24,19817,449,3,0
07/10/2021,PUEBLO,0,5,0,0,5,0,18576,1246,425,24,19822,449,5,0
07/11/2021,PUEBLO,0,1,0,1,1,1,18577,1246,426,24,19823,450,1,1
07/12/2021,PUEBLO,1,5,0,0,6,0,18582,1247,426,24,19829,450,6,0
07/13/2021,PUEBLO,2,5,0,0,7,0,18587,1249,426,24,19836,450,7,0
07/14/2021,PUEBLO,2,6,0,0,8,0,18593,1251,426,24,19844,450,8,0
07/15/2021,PUEBLO,3,5,0,0,8,0,18598,1254,426,24,19852,450,8,0
07/16/2021,PUEBLO,3,10,0,0,13,0,18608,1257,426,24,19865,450,13,0
07/17/2021,PUEBLO,2,10,0,1,12,1,18618,1259,427,24,19877,451,12,1
07/18/2021,PUEBLO,0,8,0,0,8,0,18626,1259,427,24,19885,451,8,0
07/19/2021,PUEBLO,0,10,0,0,10,0,18636,1259,427,24,19895,451,10,0
07/20/2021,PUEBLO,3,15,0,0,18,0,18651,1262,427,24,19913,451,18,0
07/21/2021,PUEBLO,1,17,0,0,18,0,18668,1263,427,24,19931,451,18,0
07/22/2021,PUEBLO,3,11,0,1,14,1,18679,1266,428,24,19945,452,14,1
07/23/2021,PUEBLO,1,14,0,0,15,0,18693,1267,428,24,19960,452,15,0
07/24/2021,PUEBLO,1,7,0,0,8,0,18700,1268,428,24,19968,452,8,0
07/25/2021,PUEBLO,3,8,0,0,11,0,18708,1271,428,24,19979,452,11,0
07/26/2021,PUEBLO,7,12,0,0,19,0,18720,1278,428,24,19998,452,19,0
07/27/2021,PUEBLO,1,3,0,0,4,0,18723,1279,428,24,20002,452,4,0
07/28/2021,PUEBLO,6,29,0,0,35,0,18752,1285,428,24,20037,452,35,0
07/29/2021,PUEBLO,3,12,0,0,15,0,18764,1288,428,24,20052,452,15,0
07/30/2021,PUEBLO,0,19,0,1,19,1,18783,1288,429,24,20071,453,19,1
07/31/2021,PUEBLO,2,9,0,1,11,1,18792,1290,430,24,20082,454,11,1
08/01/2021,PUEBLO,4,12,0,1,16,1,18804,1294,431,24,20098,455,16,1
08/02/2021,PUEBLO,0,12,0,1,12,1,18816,1294,432,24,20110,456,12,1
08/03/2021,PUEBLO,2,19,0,2,21,2,18835,1296,434,24,20131,458,21,2
08/04/2021,PUEBLO,1,16,0,0,17,0,18851,1297,434,24,20148,458,17,0
08/05/2021,PUEBLO,7,34,0,0,41,0,18885,1304,434,24,20189,458,41,0
08/06/2021,PUEBLO,6,16,0,0,22,0,18901,1310,434,24,20211,458,22,0
08/07/2021,PUEBLO,2,14,0,0,16,0,18915,1312,434,24,20227,458,16,0
08/08/2021,PUEBLO,0,22,0,1,22,1,18937,1312,435,24,20249,459,22,1
08/09/2021,PUEBLO,3,21,0,1,24,1,18958,1315,436,24,20273,460,24,1
08/10/2021,PUEBLO,3,30,0,1,33,1,18988,1318,437,24,20306,461,33,1
08/11/2021,PUEBLO,7,28,0,0,35,0,19016,1325,437,24,20341,461,35,0
08/12/2021,PUEBLO,8,17,0,1,25,1,19033,1333,438,24,20366,462,25,1
08/13/2021,PUEBLO,4,30,0,0,34,0,19063,1337,438,24,20400,462,34,0
08/14/2021,PUEBLO,1,13,0,1,14,1,19076,1338,439,24,20414,463,14,1
08/15/2021,PUEBLO,1,16,0,1,17,1,19092,1339,440,24,20431,464,17,1
08/16/2021,PUEBLO,9,18,0,1,27,1,19110,1348,441,24,20458,465,27,1
08/17/2021,PUEBLO,4,32,0,0,36,0,19142,1352,441,24,20494,465,36,0
08/18/2021,PUEBLO,4,36,0,0,40,0,19178,1356,441,24,20534,465,40,0
08/19/2021,PUEBLO,6,23,0,1,29,1,19201,1362,442,24,20563,466,29,1
08/20/2021,PUEBLO,3,37,0,0,40,0,19238,1365,442,24,20603,466,40,0
08/21/2021,PUEBLO,6,34,0,0,40,0,19272,1371,442,24,20643,466,40,0
08/22/2021,PUEBLO,2,31,0,1,33,1,19303,1373,443,24,20676,467,33,1
08/23/2021,PUEBLO,8,13,0,0,21,0,19316,1381,443,24,20697,467,21,0
08/24/2021,PUEBLO,8,33,0,0,41,0,19349,1389,443,24,20738,467,41,0
08/25/2021,PUEBLO,6,23,0,0,29,0,19372,1395,443,24,20767,467,29,0
08/26/2021,PUEBLO,5,60,0,0,65,0,19432,1400,443,24,20832,467,65,0
08/27/2021,PUEBLO,4,32,0,2,36,2,19464,1404,445,24,20868,469,36,2
08/28/2021,PUEBLO,2,16,1,0,18,1,19480,1406,445,25,20886,470,18,1
08/29/2021,PUEBLO,1,37,0,1,38,1,19517,1407,446,25,20924,471,38,1
08/30/2021,PUEBLO,4,78,0,1,82,1,19595,1411,447,25,21006,472,82,1
08/31/2021,PUEBLO,7,45,0,0,52,0,19640,1418,447,25,21058,472,52,0
09/01/2021,PUEBLO,7,42,0,0,49,0,19682,1425,447,25,21107,472,49,0
09/02/2021,PUEBLO,5,72,1,0,77,1,19754,1430,447,26,21184,473,77,1
09/03/2021,PUEBLO,5,41,0,2,46,2,19795,1435,449,26,21230,475,46,2
09/04/2021,PUEBLO,4,29,0,1,33,1,19824,1439,450,26,21263,476,33,1
09/05/2021,PUEBLO,4,40,0,2,44,2,19864,1443,452,26,21307,478,44,2
09/06/2021,PUEBLO,7,39,0,1,46,1,19903,1450,453,26,21353,479,46,1
09/07/2021,PUEBLO,4,19,0,2,23,2,19922,1454,455,26,21376,481,23,2
09/08/2021,PUEBLO,11,38,0,0,49,0,19960,1465,455,26,21425,481,49,0
09/09/2021,PUEBLO,14,68,0,0,82,0,20028,1479,455,26,21507,481,82,0
09/10/2021,PUEBLO,2,98,0,1,100,1,20126,1481,456,26,21607,482,100,1
09/11/2021,PUEBLO,5,61,0,1,66,1,20187,1486,457,26,21673,483,66,1
09/12/2021,PUEBLO,2,77,0,0,79,0,20264,1488,457,26,21752,483,79,0
09/13/2021,PUEBLO,5,41,0,0,46,0,20305,1493,457,26,21798,483,46,0
09/14/2021,PUEBLO,7,32,0,0,39,0,20337,1500,457,26,21837,483,39,0
09/15/2021,PUEBLO,9,67,0,0,76,0,20404,1509,457,26,21913,483,76,0
09/16/2021,PUEBLO,10,76,0,1,86,1,20480,1519,458,26,21999,484,86,1
09/17/2021,PUEBLO,12,72,0,1,84,1,20552,1531,459,26,22083,485,84,1
09/18/2021,PUEBLO,5,44,0,1,49,1,20596,1536,460,26,22132,486,49,1
09/19/2021,PUEBLO,8,38,0,1,46,1,20634,1544,461,26,22178,487,46,1
09/20/2021,PUEBLO,15,70,0,0,85,0,20704,1559,461,26,22263,487,85,0
09/21/2021,PUEBLO,10,29,0,2,39,2,20733,1569,463,26,22302,489,39,2
09/22/2021,PUEBLO,6,88,0,1,94,1,20821,1575,464,26,22396,490,94,1
09/23/2021,PUEBLO,6,97,0,1,103,1,20918,1581,465,26,22499,491,103,1
09/24/2021,PUEBLO,7,55,0,0,62,0,20973,1588,465,26,22561,491,62,0
09/25/2021,PUEBLO,6,47,0,1,53,1,21020,1594,466,26,22614,492,53,1
09/26/2021,PUEBLO,4,47,0,2,51,2,21067,1598,468,26,22665,494,51,2
09/27/2021,PUEBLO,12,53,0,0,65,0,21120,1610,468,26,22730,494,65,0
09/28/2021,PUEBLO,9,32,0,0,41,0,21152,1619,468,26,22771,494,41,0
09/29/2021,PUEBLO,13,83,1,3,96,4,21235,1632,471,27,22867,498,96,4
09/30/2021,PUEBLO,9,103,0,0,112,0,21338,1641,471,27,22979,498,112,0
10/01/2021,PUEBLO,11,66,0,3,77,3,21404,1652,474,27,23056,501,77,3
10/02/2021,PUEBLO,4,57,0,1,61,1,21461,1656,475,27,23117,502,61,1
10/03/2021,PUEBLO,4,49,0,1,53,1,21510,1660,476,27,23170,503,53,1
10/04/2021,PUEBLO,15,73,1,1,88,2,21583,1675,477,28,23258,505,88,2
10/05/2021,PUEBLO,16,37,0,1,53,1,21620,1691,478,28,23311,506,53,1
10/06/2021,PUEBLO,12,107,0,4,119,4,21727,1703,482,28,23430,510,119,4
10/07/2021,PUEBLO,11,122,0,1,133,1,21849,1714,483,28,23563,511,133,1
10/08/2021,PUEBLO,10,95,0,2,105,2,21944,1724,485,28,23668,513,105,2
10/09/2021,PUEBLO,11,56,0,1,67,1,22000,1735,486,28,23735,514,67,1
10/10/2021,PUEBLO,10,68,0,3,78,3,22068,1745,489,28,23813,517,78,3
10/11/2021,PUEBLO,19,40,0,0,59,0,22108,1764,489,28,23872,517,59,0
10/12/2021,PUEBLO,9,53,0,2,62,2,22161,1773,491,28,23934,519,62,2
10/13/2021,PUEBLO,15,170,0,1,185,1,22331,1788,492,28,24119,520,185,1
10/14/2021,PUEBLO,19,67,0,0,86,0,22398,1807,492,28,24205,520,86,0
10/15/2021,PUEBLO,15,48,0,0,63,0,22446,1822,492,28,24268,520,63,0
10/16/2021,PUEBLO,6,111,0,5,117,5,22557,1828,497,28,24385,525,117,5
10/17/2021,PUEBLO,8,66,0,3,74,3,22623,1836,500,28,24459,528,74,3
10/18/2021,PUEBLO,25,50,1,1,75,2,22673,1861,501,29,24534,530,75,2
10/19/2021,PUEBLO,23,42,0,3,65,3,22715,1884,504,29,24599,533,65,3
10/20/2021,PUEBLO,14,194,0,5,208,5,22909,1898,509,29,24807,538,208,5
10/21/2021,PUEBLO,19,118,0,2,137,2,23027,1917,511,29,24944,540,137,2
10/22/2021,PUEBLO,18,128,2,4,146,6,23155,1935,515,31,25090,546,146,6
10/23/2021,PUEBLO,8,109,0,5,117,5,23264,1943,520,31,25207,551,117,5
10/24/2021,PUEBLO,8,124,0,1,132,1,23388,1951,521,31,25339,552,132,1
10/25/2021,PUEBLO,28,86,0,2,114,2,23474,1979,523,31,25453,554,114,2
10/26/2021,PUEBLO,18,150,0,2,168,2,23624,1997,525,31,25621,556,168,2
10/27/2021,PUEBLO,22,165,0,0,187,0,23789,2019,525,31,25808,556,187,0
10/28/2021,PUEBLO,22,152,0,2,174,2,23941,2041,527,31,25982,558,174,2
10/29/2021,PUEBLO,17,135,0,7,152,7,24076,2058,534,31,26134,565,152,7
10/30/2021,PUEBLO,24,141,1,3,165,4,24217,2082,537,32,26299,569,165,4
10/31/2021,PUEBLO,12,98,1,2,110,3,24315,2094,539,33,26409,572,110,3
11/01/2021,PUEBLO,26,68,1,2,94,3,24383,2120,541,34,26503,575,94,3
11/02/2021,PUEBLO,33,119,0,0,152,0,24502,2153,541,34,26655,575,152,0
11/03/2021,PUEBLO,23,185,0,3,208,3,24687,2176,544,34,26863,578,208,3
11/04/2021,PUEBLO,27,164,2,4,191,6,24851,2203,548,36,27054,584,191,6
11/05/2021,PUEBLO,16,138,2,10,154,12,24989,2219,558,38,27208,596,154,12
11/06/2021,PUEBLO,7,121,0,1,128,1,25110,2226,559,38,27336,597,128,1
11/07/2021,PUEBLO,10,74,1,2,84,3,25184,2236,561,39,27420,600,84,3
11/08/2021,PUEBLO,31,99,0,4,130,4,25283,2267,565,39,27550,604,130,4
11/09/2021,PUEBLO,25,190,0,1,215,1,25473,2292,566,39,27765,605,215,1
11/10/2021,PUEBLO,26,156,0,4,182,4,25629,2318,570,39,27947,609,182,4
11/11/2021,PUEBLO,20,129,1,1,149,2,25758,2338,571,40,28096,611,149,2
11/12/2021,PUEBLO,18,122,0,5,140,5,25880,2356,576,40,28236,616,140,5
11/13/2021,PUEBLO,6,126,0,2,132,2,26006,2362,578,40,28368,618,132,2
11/14/2021,PUEBLO,10,76,0,2,86,2,26082,2372,580,40,28454,620,86,2
11/15/2021,PUEBLO,25,86,2,2,111,4,26168,2397,582,42,28565,624,111,4
11/16/2021,PUEBLO,9,138,0,1,147,1,26306,2406,583,42,28712,625,147,1
11/17/2021,PUEBLO,9,130,0,8,139,8,26436,2415,591,42,28851,633,139,8
11/18/2021,PUEBLO,21,99,1,1,120,2,26535,2436,592,43,28971,635,120,2
11/19/2021,PUEBLO,22,79,0,2,101,2,26614,2458,594,43,29072,637,101,2
11/20/2021,PUEBLO,9,82,0,2,91,2,26696,2467,596,43,29163,639,91,2
11/21/2021,PUEBLO,9,80,0,2,89,2,26776,2476,598,43,29252,641,89,2
11/22/2021,PUEBLO,13,58,1,5,71,6,26834,2489,603,44,29323,647,71,6
11/23/2021,PUEBLO,25,104,2,4,129,6,26938,2514,607,46,29452,653,129,6
11/24/2021,PUEBLO,13,103,1,3,116,4,27041,2527,610,47,29568,657,116,4
11/25/2021,PUEBLO,1,52,0,1,53,1,27093,2528,611,47,29621,658,53,1
11/26/2021,PUEBLO,16,34,1,2,50,3,27127,2544,613,48,29671,661,50,3
11/27/2021,PUEBLO,0,76,0,0,76,0,27203,2544,613,48,29747,661,76,0
11/28/2021,PUEBLO,3,54,0,3,57,3,27257,2547,616,48,29804,664,57,3
11/29/2021,PUEBLO,16,42,0,3,58,3,27299,2563,619,48,29862,667,58,3
11/30/2021,PUEBLO,17,123,0,2,140,2,27422,2580,621,48,30002,669,140,2
12/01/2021,PUEBLO,21,102,0,0,123,0,27524,2601,621,48,30125,669,123,0
12/02/2021,PUEBLO,9,88,1,3,97,4,27612,2610,624,49,30222,673,97,4
12/03/2021,PUEBLO,3,72,0,3,75,3,27684,2613,627,49,30297,676,75,3
12/04/2021,PUEBLO,11,49,1,0,60,1,27733,2624,627,50,30357,677,60,1
12/05/2021,PUEBLO,3,39,0,2,42,2,27772,2627,629,50,30399,679,42,2
12/06/2021,PUEBLO,13,59,1,0,72,1,27831,2640,629,51,30471,680,72,1
12/07/2021,PUEBLO,6,50,0,1,56,1,27881,2646,630,51,30527,681,56,1
12/08/2021,PUEBLO,5,92,0,3,97,3,27973,2651,633,51,30624,684,97,3
12/09/2021,PUEBLO,9,50,0,3,59,3,28023,2660,636,51,30683,687,59,3
12/10/2021,PUEBLO,1,68,0,0,69,0,28091,2661,636,51,30752,687,69,0
12/11/2021,PUEBLO,2,17,0,1,19,1,28108,2663,637,51,30771,688,19,1
12/12/2021,PUEBLO,2,36,0,1,38,1,28144,2665,638,51,30809,689,38,1
12/13/2021,PUEBLO,8,29,0,2,37,2,28173,2673,640,51,30846,691,37,2
12/14/2021,PUEBLO,8,29,0,1,37,1,28202,2681,641,51,30883,692,37,1
12/15/2021,PUEBLO,3,59,0,1,62,1,28261,2684,642,51,30945,693,62,1
12/16/2021,PUEBLO,1,36,0,4,37,4,28297,2685,646,51,30982,697,37,4
12/17/2021,PUEBLO,3,41,1,0,44,1,28338,2688,646,52,31026,698,44,1
12/18/2021,PUEBLO,1,19,0,2,20,2,28357,2689,648,52,31046,700,20,2
12/19/2021,PUEBLO,1,20,0,2,21,2,28377,2690,650,52,31067,702,21,2
12/20/2021,PUEBLO,6,34,0,2,40,2,28411,2696,652,52,31107,704,40,2
12/21/2021,PUEBLO,10,59,0,2,69,2,28470,2706,654,52,31176,706,69,2
12/22/2021,PUEBLO,8,39,1,2,47,3,28509,2714,656,53,31223,709,47,3
12/23/2021,PUEBLO,11,77,0,2,88,2,28586,2725,658,53,31311,711,88,2
12/24/2021,PUEBLO,6,68,0,1,74,1,28654,2731,659,53,31385,712,74,1
12/25/2021,PUEBLO,1,81,0,2,82,2,28735,2732,661,53,31467,714,82,2
12/26/2021,PUEBLO,5,27,0,2,32,2,28762,2737,663,53,31499,716,32,2
12/27/2021,PUEBLO,15,45,0,3,60,3,28807,2752,666,53,31559,719,60,3
12/28/2021,PUEBLO,11,137,0,3,148,3,28944,2763,669,53,31707,722,148,3
12/29/2021,PUEBLO,19,166,0,2,185,2,29110,2782,671,53,31892,724,185,2
12/30/2021,PUEBLO,14,171,0,0,185,0,29281,2796,671,53,32077,724,185,0
12/31/2021,PUEBLO,25,125,0,0,150,0,29406,2821,671,53,32227,724,150,0
01/01/2022,PUEBLO,12,131,0,0,143,0,29537,2833,671,53,32370,724,143,0
01/02/2022,PUEBLO,14,213,0,1,227,1,29750,2847,672,53,32597,725,227,1
01/03/2022,PUEBLO,37,205,1,3,242,4,29955,2884,675,54,32839,729,242,4
01/04/2022,PUEBLO,39,229,0,1,268,1,30184,2923,676,54,33107,730,268,1
01/05/2022,PUEBLO,61,418,1,1,479,2,30602,2984,677,55,33586,732,479,2
01/06/2022,PUEBLO,47,275,0,3,322,3,30877,3031,680,55,33908,735,322,3
01/07/2022,PUEBLO,54,419,0,6,473,6,31296,3085,686,55,34381,741,473,6
01/08/2022,PUEBLO,37,231,0,3,268,3,31527,3122,689,55,34649,744,268,3
01/09/2022,PUEBLO,10,134,0,1,144,1,31661,3132,690,55,34793,745,144,1
01/10/2022,PUEBLO,66,445,0,3,511,3,32106,3198,693,55,35304,748,511,3
01/11/2022,PUEBLO,64,281,0,3,345,3,32387,3262,696,55,35649,751,345,3
01/12/2022,PUEBLO,65,534,0,0,599,0,32921,3327,696,55,36248,751,599,0
01/13/2022,PUEBLO,70,438,0,0,508,0,33359,3397,696,55,36756,751,508,0
01/14/2022,PUEBLO,46,548,0,2,594,2,33907,3443,698,55,37350,753,594,2
01/15/2022,PUEBLO,23,230,0,0,253,0,34137,3466,698,55,37603,753,253,0
01/16/2022,PUEBLO,36,355,0,0,391,0,34492,3502,698,55,37994,753,391,0
01/17/2022,PUEBLO,64,438,0,3,502,3,34930,3566,701,55,38496,756,502,3
01/18/2022,PUEBLO,57,329,0,3,386,3,35259,3623,704,55,38882,759,386,3
01/19/2022,PUEBLO,53,508,0,0,561,0,35767,3676,704,55,39443,759,561,0
01/20/2022,PUEBLO,83,344,0,7,427,7,36111,3759,711,55,39870,766,427,7
01/21/2022,PUEBLO,47,712,0,4,759,4,36823,3806,715,55,40629,770,759,4
01/22/2022,PUEBLO,40,265,0,2,305,2,37088,3846,717,55,40934,772,305,2
01/23/2022,PUEBLO,25,342,0,0,367,0,37430,3871,717,55,41301,772,367,0
01/24/2022,PUEBLO,47,175,2,2,222,4,37605,3918,719,57,41523,776,222,4
01/25/2022,PUEBLO,37,212,1,1,249,2,37817,3955,720,58,41772,778,249,2
01/26/2022,PUEBLO,43,404,0,0,447,0,38221,3998,720,58,42219,778,447,0
01/27/2022,PUEBLO,44,306,0,0,350,0,38527,4042,720,58,42569,778,350,0
01/28/2022,PUEBLO,25,177,0,1,202,1,38704,4067,721,58,42771,779,202,1
01/29/2022,PUEBLO,12,246,0,0,258,0,38950,4079,721,58,43029,779,258,0
01/30/2022,PUEBLO,12,135,0,0,147,0,39085,4091,721,58,43176,779,147,0
01/31/2022,PUEBLO,25,121,0,2,146,2,39206,4116,723,58,43322,781,146,2
02/01/2022,PUEBLO,18,172,0,0,190,0,39378,4134,723,58,43512,781,190,0
02/02/2022,PUEBLO,8,184,0,1,192,1,39562,4142,724,58,43704,782,192,1
02/03/2022,PUEBLO,10,84,0,2,94,2,39646,4152,726,58,43798,784,94,2
02/04/2022,PUEBLO,10,152,0,0,162,0,39798,4162,726,58,43960,784,162,0
02/05/2022,PUEBLO,5,84,1,0,89,1,39882,4167,726,59,44049,785,89,1
02/06/2022,PUEBLO,5,76,0,2,81,2,39958,4172,728,59,44130,787,81,2
02/07/2022,PUEBLO,13,62,0,1,75,1,40020,4185,729,59,44205,788,75,1
02/08/2022,PUEBLO,13,115,0,1,128,1,40135,4198,730,59,44333,789,128,1
02/09/2022,PUEBLO,13,55,1,0,68,1,40190,4211,730,60,44401,790,68,1
02/10/2022,PUEBLO,11,82,0,1,93,1,40272,4222,731,60,44494,791,93,1
02/11/2022,PUEBLO,4,56,0,1,60,1,40328,4226,732,60,44554,792,60,1
02/12/2022,PUEBLO,4,39,0,1,43,1,40367,4230,733,60,44597,793,43,1
02/13/2022,PUEBLO,4,32,0,0,36,0,40399,4234,733,60,44633,793,36,0
02/14/2022,PUEBLO,16,12,0,0,28,0,40411,4250,733,60,44661,793,28,0
02/15/2022,PUEBLO,11,72,0,1,83,1,40483,4261,734,60,44744,794,83,1
02/16/2022,PUEBLO,5,33,0,0,38,0,40516,4266,734,60,44782,794,38,0
02/17/2022,PUEBLO,6,37,0,0,43,0,40553,4272,734,60,44825,794,43,0
02/18/2022,PUEBLO,5,26,0,0,31,0,40579,4277,734,60,44856,794,31,0
02/19/2022,PUEBLO,1,18,0,0,19,0,40597,4278,734,60,44875,794,19,0
02/20/2022,PUEBLO,1,21,0,0,22,0,40618,4279,734,60,44897,794,22,0
02/21/2022,PUEBLO,2,15,0,0,17,0,40633,4281,734,60,44914,794,17,0
02/22/2022,PUEBLO,4,22,0,1,26,1,40655,4285,735,60,44940,795,26,1
02/23/2022,PUEBLO,11,26,0,0,37,0,40681,4296,735,60,44977,795,37,0
02/24/2022,PUEBLO,7,13,0,0,20,0,40694,4303,735,60,44997,795,20,0
02/25/2022,PUEBLO,3,15,0,0,18,0,40709,4306,735,60,45015,795,18,0
02/26/2022,PUEBLO,1,17,0,1,18,1,40726,4307,736,60,45033,796,18,1
02/27/2022,PUEBLO,1,11,0,0,12,0,40737,4308,736,60,45045,796,12,0
02/28/2022,PUEBLO,3,12,0,0,15,0,40749,4311,736,60,45060,796,15,0
03/01/2022,PUEBLO,3,18,0,0,21,0,40767,4314,736,60,45081,796,21,0
03/02/2022,PUEBLO,6,16,0,1,22,1,40783,4320,737,60,45103,797,22,1
03/03/2022,PUEBLO,0,26,0,0,26,0,40809,4320,737,60,45129,797,26,0
03/04/2022,PUEBLO,0,13,0,0,13,0,40822,4320,737,60,45142,797,13,0
03/05/2022,PUEBLO,0,6,0,0,6,0,40828,4320,737,60,45148,797,6,0
03/06/2022,PUEBLO,1,0,0,0,1,0,40828,4321,737,60,45149,797,1,0
03/07/2022,PUEBLO,1,3,0,0,4,0,40831,4322,737,60,45153,797,4,0
03/08/2022,PUEBLO,2,14,0,0,16,0,40845,4324,737,60,45169,797,16,0
03/09/2022,PUEBLO,1,3,0,0,4,0,40848,4325,737,60,45173,797,4,0
03/13/2022,PUEBLO,0,4,0,0,4,0,40852,4325,737,60,45177,797,4,0
03/14/2022,PUEBLO,0,9,0,0,9,0,40861,4325,737,60,45186,797,9,0
03/15/2022,PUEBLO,0,10,0,0,10,0,40871,4325,737,60,45196,797,10,0
03/16/2022,PUEBLO,0,7,0,0,7,0,40878,4325,737,60,45203,797,7,0
03/17/2022,PUEBLO,0,9,0,0,9,0,40887,4325,737,60,45212,797,9,0
03/18/2022,PUEBLO,1,8,0,0,9,0,40895,4326,737,60,45221,797,9,0
03/19/2022,PUEBLO,0,2,0,0,2,0,40897,4326,737,60,45223,797,2,0
03/20/2022,PUEBLO,0,3,0,0,3,0,40900,4326,737,60,45226,797,3,0
04/02/2020,RIO BLANCO,0,1,0,0,1,0,1,0,0,0,1,0,-45225,-797
06/15/2020,RIO BLANCO,0,1,0,0,1,0,2,0,0,0,2,0,1,0
06/24/2020,RIO BLANCO,0,1,0,0,1,0,3,0,0,0,3,0,1,0
06/29/2020,RIO BLANCO,0,1,0,0,1,0,4,0,0,0,4,0,1,0
07/09/2020,RIO BLANCO,0,2,0,0,2,0,6,0,0,0,6,0,2,0
07/31/2020,RIO BLANCO,0,2,0,0,2,0,8,0,0,0,8,0,2,0
08/02/2020,RIO BLANCO,0,1,0,0,1,0,9,0,0,0,9,0,1,0
08/05/2020,RIO BLANCO,2,1,0,0,3,0,10,2,0,0,12,0,3,0
08/06/2020,RIO BLANCO,2,6,0,0,8,0,16,4,0,0,20,0,8,0
08/17/2020,RIO BLANCO,0,1,0,0,1,0,17,4,0,0,21,0,1,0
08/26/2020,RIO BLANCO,0,2,0,0,2,0,19,4,0,0,23,0,2,0
09/04/2020,RIO BLANCO,0,1,0,0,1,0,20,4,0,0,24,0,1,0
09/19/2020,RIO BLANCO,0,1,0,0,1,0,21,4,0,0,25,0,1,0
10/19/2020,RIO BLANCO,0,1,0,0,1,0,22,4,0,0,26,0,1,0
10/21/2020,RIO BLANCO,0,2,0,0,2,0,24,4,0,0,28,0,2,0
10/25/2020,RIO BLANCO,0,1,0,0,1,0,25,4,0,0,29,0,1,0
10/29/2020,RIO BLANCO,0,1,0,0,1,0,26,4,0,0,30,0,1,0
11/01/2020,RIO BLANCO,0,1,0,0,1,0,27,4,0,0,31,0,1,0
11/03/2020,RIO BLANCO,0,1,0,0,1,0,28,4,0,0,32,0,1,0
11/04/2020,RIO BLANCO,0,3,0,0,3,0,31,4,0,0,35,0,3,0
11/05/2020,RIO BLANCO,0,2,0,0,2,0,33,4,0,0,37,0,2,0
11/06/2020,RIO BLANCO,0,4,0,0,4,0,37,4,0,0,41,0,4,0
11/07/2020,RIO BLANCO,0,2,0,0,2,0,39,4,0,0,43,0,2,0
11/08/2020,RIO BLANCO,0,1,0,0,1,0,40,4,0,0,44,0,1,0
11/09/2020,RIO BLANCO,0,2,0,0,2,0,42,4,0,0,46,0,2,0
11/11/2020,RIO BLANCO,0,9,0,0,9,0,51,4,0,0,55,0,9,0
11/12/2020,RIO BLANCO,0,11,0,0,11,0,62,4,0,0,66,0,11,0
11/13/2020,RIO BLANCO,0,3,0,0,3,0,65,4,0,0,69,0,3,0
11/15/2020,RIO BLANCO,0,1,0,0,1,0,66,4,0,0,70,0,1,0
11/16/2020,RIO BLANCO,0,6,0,0,6,0,72,4,0,0,76,0,6,0
11/17/2020,RIO BLANCO,2,5,1,0,7,1,77,6,0,1,83,1,7,1
11/18/2020,RIO BLANCO,0,5,0,0,5,0,82,6,0,1,88,1,5,0
11/19/2020,RIO BLANCO,0,7,0,0,7,0,89,6,0,1,95,1,7,0
11/20/2020,RIO BLANCO,3,10,0,1,13,1,99,9,1,1,108,2,13,1
11/21/2020,RIO BLANCO,0,5,0,0,5,0,104,9,1,1,113,2,5,0
11/22/2020,RIO BLANCO,0,4,0,0,4,0,108,9,1,1,117,2,4,0
11/23/2020,RIO BLANCO,0,12,0,0,12,0,120,9,1,1,129,2,12,0
11/24/2020,RIO BLANCO,3,9,0,0,12,0,129,12,1,1,141,2,12,0
11/25/2020,RIO BLANCO,0,5,0,0,5,0,134,12,1,1,146,2,5,0
11/26/2020,RIO BLANCO,0,5,0,0,5,0,139,12,1,1,151,2,5,0
11/27/2020,RIO BLANCO,0,5,0,0,5,0,144,12,1,1,156,2,5,0
11/28/2020,RIO BLANCO,0,3,0,0,3,0,147,12,1,1,159,2,3,0
11/30/2020,RIO BLANCO,0,3,0,0,3,0,150,12,1,1,162,2,3,0
12/01/2020,RIO BLANCO,0,2,0,0,2,0,152,12,1,1,164,2,2,0
12/02/2020,RIO BLANCO,1,19,0,0,20,0,171,13,1,1,184,2,20,0
12/03/2020,RIO BLANCO,1,1,0,0,2,0,172,14,1,1,186,2,2,0
12/05/2020,RIO BLANCO,0,13,0,1,13,1,185,14,2,1,199,3,13,1
12/06/2020,RIO BLANCO,0,1,0,0,1,0,186,14,2,1,200,3,1,0
12/07/2020,RIO BLANCO,0,3,0,0,3,0,189,14,2,1,203,3,3,0
12/08/2020,RIO BLANCO,4,16,0,0,20,0,205,18,2,1,223,3,20,0
12/09/2020,RIO BLANCO,2,2,0,0,4,0,207,20,2,1,227,3,4,0
12/10/2020,RIO BLANCO,0,3,0,0,3,0,210,20,2,1,230,3,3,0
12/12/2020,RIO BLANCO,0,12,0,0,12,0,222,20,2,1,242,3,12,0
12/13/2020,RIO BLANCO,0,2,0,0,2,0,224,20,2,1,244,3,2,0
12/14/2020,RIO BLANCO,1,5,0,0,6,0,229,21,2,1,250,3,6,0
12/15/2020,RIO BLANCO,3,4,0,0,7,0,233,24,2,1,257,3,7,0
12/16/2020,RIO BLANCO,0,8,0,0,8,0,241,24,2,1,265,3,8,0
12/17/2020,RIO BLANCO,1,1,0,0,2,0,242,25,2,1,267,3,2,0
12/18/2020,RIO BLANCO,0,1,0,0,1,0,243,25,2,1,268,3,1,0
12/19/2020,RIO BLANCO,0,3,0,0,3,0,246,25,2,1,271,3,3,0
12/20/2020,RIO BLANCO,0,2,0,0,2,0,248,25,2,1,273,3,2,0
12/21/2020,RIO BLANCO,0,2,0,0,2,0,250,25,2,1,275,3,2,0
12/23/2020,RIO BLANCO,1,3,0,0,4,0,253,26,2,1,279,3,4,0
12/24/2020,RIO BLANCO,0,3,0,0,3,0,256,26,2,1,282,3,3,0
12/28/2020,RIO BLANCO,0,3,0,0,3,0,259,26,2,1,285,3,3,0
12/30/2020,RIO BLANCO,0,1,0,0,1,0,260,26,2,1,286,3,1,0
01/01/2021,RIO BLANCO,0,4,0,0,4,0,264,26,2,1,290,3,4,0
01/04/2021,RIO BLANCO,0,3,0,0,3,0,267,26,2,1,293,3,3,0
01/05/2021,RIO BLANCO,1,1,0,0,2,0,268,27,2,1,295,3,2,0
01/06/2021,RIO BLANCO,0,8,0,0,8,0,276,27,2,1,303,3,8,0
01/07/2021,RIO BLANCO,0,2,0,0,2,0,278,27,2,1,305,3,2,0
01/08/2021,RIO BLANCO,0,3,0,0,3,0,281,27,2,1,308,3,3,0
01/09/2021,RIO BLANCO,0,5,0,0,5,0,286,27,2,1,313,3,5,0
01/11/2021,RIO BLANCO,0,7,0,0,7,0,293,27,2,1,320,3,7,0
01/12/2021,RIO BLANCO,0,4,0,0,4,0,297,27,2,1,324,3,4,0
01/13/2021,RIO BLANCO,1,2,0,0,3,0,299,28,2,1,327,3,3,0
01/14/2021,RIO BLANCO,1,9,0,0,10,0,308,29,2,1,337,3,10,0
01/15/2021,RIO BLANCO,0,11,0,0,11,0,319,29,2,1,348,3,11,0
01/16/2021,RIO BLANCO,0,2,0,0,2,0,321,29,2,1,350,3,2,0
01/17/2021,RIO BLANCO,1,1,0,0,2,0,322,30,2,1,352,3,2,0
01/18/2021,RIO BLANCO,0,4,0,0,4,0,326,30,2,1,356,3,4,0
01/19/2021,RIO BLANCO,1,5,0,0,6,0,331,31,2,1,362,3,6,0
01/20/2021,RIO BLANCO,1,12,0,0,13,0,343,32,2,1,375,3,13,0
01/21/2021,RIO BLANCO,3,7,0,0,10,0,350,35,2,1,385,3,10,0
01/22/2021,RIO BLANCO,0,5,0,0,5,0,355,35,2,1,390,3,5,0
01/23/2021,RIO BLANCO,0,2,0,0,2,0,357,35,2,1,392,3,2,0
01/24/2021,RIO BLANCO,1,0,0,0,1,0,357,36,2,1,393,3,1,0
01/25/2021,RIO BLANCO,2,5,0,0,7,0,362,38,2,1,400,3,7,0
01/26/2021,RIO BLANCO,2,2,0,0,4,0,364,40,2,1,404,3,4,0
01/27/2021,RIO BLANCO,0,1,0,0,1,0,365,40,2,1,405,3,1,0
01/28/2021,RIO BLANCO,0,1,0,0,1,0,366,40,2,1,406,3,1,0
01/29/2021,RIO BLANCO,1,2,0,0,3,0,368,41,2,1,409,3,3,0
01/30/2021,RIO BLANCO,0,1,0,0,1,0,369,41,2,1,410,3,1,0
01/31/2021,RIO BLANCO,0,1,0,0,1,0,370,41,2,1,411,3,1,0
02/01/2021,RIO BLANCO,0,1,0,0,1,0,371,41,2,1,412,3,1,0
02/02/2021,RIO BLANCO,0,4,0,0,4,0,375,41,2,1,416,3,4,0
02/03/2021,RIO BLANCO,0,8,0,0,8,0,383,41,2,1,424,3,8,0
02/04/2021,RIO BLANCO,0,7,0,0,7,0,390,41,2,1,431,3,7,0
02/05/2021,RIO BLANCO,1,1,0,0,2,0,391,42,2,1,433,3,2,0
02/09/2021,RIO BLANCO,0,6,0,0,6,0,397,42,2,1,439,3,6,0
02/10/2021,RIO BLANCO,0,5,0,0,5,0,402,42,2,1,444,3,5,0
02/11/2021,RIO BLANCO,0,1,0,0,1,0,403,42,2,1,445,3,1,0
02/12/2021,RIO BLANCO,0,2,0,1,2,1,405,42,3,1,447,4,2,1
02/15/2021,RIO BLANCO,0,5,0,0,5,0,410,42,3,1,452,4,5,0
02/16/2021,RIO BLANCO,0,2,0,0,2,0,412,42,3,1,454,4,2,0
02/17/2021,RIO BLANCO,0,6,0,0,6,0,418,42,3,1,460,4,6,0
02/18/2021,RIO BLANCO,0,2,0,0,2,0,420,42,3,1,462,4,2,0
02/19/2021,RIO BLANCO,2,1,0,0,3,0,421,44,3,1,465,4,3,0
02/22/2021,RIO BLANCO,4,2,0,0,6,0,423,48,3,1,471,4,6,0
02/23/2021,RIO BLANCO,0,1,0,0,1,0,424,48,3,1,472,4,1,0
02/24/2021,RIO BLANCO,1,4,0,0,5,0,428,49,3,1,477,4,5,0
02/25/2021,RIO BLANCO,1,2,0,0,3,0,430,50,3,1,480,4,3,0
02/26/2021,RIO BLANCO,0,3,0,0,3,0,433,50,3,1,483,4,3,0
02/27/2021,RIO BLANCO,0,3,0,0,3,0,436,50,3,1,486,4,3,0
02/28/2021,RIO BLANCO,0,1,0,0,1,0,437,50,3,1,487,4,1,0
03/01/2021,RIO BLANCO,0,2,0,0,2,0,439,50,3,1,489,4,2,0
03/02/2021,RIO BLANCO,0,5,0,0,5,0,444,50,3,1,494,4,5,0
03/03/2021,RIO BLANCO,0,3,0,0,3,0,447,50,3,1,497,4,3,0
03/05/2021,RIO BLANCO,0,2,0,0,2,0,449,50,3,1,499,4,2,0
03/06/2021,RIO BLANCO,0,2,0,0,2,0,451,50,3,1,501,4,2,0
03/08/2021,RIO BLANCO,0,3,0,0,3,0,454,50,3,1,504,4,3,0
03/09/2021,RIO BLANCO,0,1,0,0,1,0,455,50,3,1,505,4,1,0
03/10/2021,RIO BLANCO,0,1,0,0,1,0,456,50,3,1,506,4,1,0
03/15/2021,RIO BLANCO,0,2,0,0,2,0,458,50,3,1,508,4,2,0
03/17/2021,RIO BLANCO,1,2,0,0,3,0,460,51,3,1,511,4,3,0
03/18/2021,RIO BLANCO,1,3,0,0,4,0,463,52,3,1,515,4,4,0
03/19/2021,RIO BLANCO,0,1,0,0,1,0,464,52,3,1,516,4,1,0
03/20/2021,RIO BLANCO,0,1,0,0,1,0,465,52,3,1,517,4,1,0
03/21/2021,RIO BLANCO,1,0,0,0,1,0,465,53,3,1,518,4,1,0
03/22/2021,RIO BLANCO,0,1,0,0,1,0,466,53,3,1,519,4,1,0
03/24/2021,RIO BLANCO,0,2,0,0,2,0,468,53,3,1,521,4,2,0
03/25/2021,RIO BLANCO,0,1,0,0,1,0,469,53,3,1,522,4,1,0
03/26/2021,RIO BLANCO,0,1,0,0,1,0,470,53,3,1,523,4,1,0
03/27/2021,RIO BLANCO,0,1,0,0,1,0,471,53,3,1,524,4,1,0
03/29/2021,RIO BLANCO,0,4,0,0,4,0,475,53,3,1,528,4,4,0
03/30/2021,RIO BLANCO,0,2,0,0,2,0,477,53,3,1,530,4,2,0
03/31/2021,RIO BLANCO,1,1,0,0,2,0,478,54,3,1,532,4,2,0
04/01/2021,RIO BLANCO,0,3,0,0,3,0,481,54,3,1,535,4,3,0
04/02/2021,RIO BLANCO,0,2,0,0,2,0,483,54,3,1,537,4,2,0
04/03/2021,RIO BLANCO,0,1,0,0,1,0,484,54,3,1,538,4,1,0
04/05/2021,RIO BLANCO,0,1,0,0,1,0,485,54,3,1,539,4,1,0
04/06/2021,RIO BLANCO,0,2,0,0,2,0,487,54,3,1,541,4,2,0
04/07/2021,RIO BLANCO,3,0,0,0,3,0,487,57,3,1,544,4,3,0
04/08/2021,RIO BLANCO,0,1,0,0,1,0,488,57,3,1,545,4,1,0
04/12/2021,RIO BLANCO,0,2,0,0,2,0,490,57,3,1,547,4,2,0
04/16/2021,RIO BLANCO,0,1,0,0,1,0,491,57,3,1,548,4,1,0
04/18/2021,RIO BLANCO,0,1,0,0,1,0,492,57,3,1,549,4,1,0
04/19/2021,RIO BLANCO,0,1,0,0,1,0,493,57,3,1,550,4,1,0
04/20/2021,RIO BLANCO,1,0,0,0,1,0,493,58,3,1,551,4,1,0
04/21/2021,RIO BLANCO,0,3,0,0,3,0,496,58,3,1,554,4,3,0
04/22/2021,RIO BLANCO,0,3,0,0,3,0,499,58,3,1,557,4,3,0
04/23/2021,RIO BLANCO,0,1,0,0,1,0,500,58,3,1,558,4,1,0
04/24/2021,RIO BLANCO,0,2,0,0,2,0,502,58,3,1,560,4,2,0
04/27/2021,RIO BLANCO,0,4,0,0,4,0,506,58,3,1,564,4,4,0
04/28/2021,RIO BLANCO,0,2,0,0,2,0,508,58,3,1,566,4,2,0
04/29/2021,RIO BLANCO,0,3,0,0,3,0,511,58,3,1,569,4,3,0
05/01/2021,RIO BLANCO,0,2,0,0,2,0,513,58,3,1,571,4,2,0
05/02/2021,RIO BLANCO,0,1,0,0,1,0,514,58,3,1,572,4,1,0
05/03/2021,RIO BLANCO,0,3,0,0,3,0,517,58,3,1,575,4,3,0
05/05/2021,RIO BLANCO,0,1,0,0,1,0,518,58,3,1,576,4,1,0
05/08/2021,RIO BLANCO,0,1,0,0,1,0,519,58,3,1,577,4,1,0
05/10/2021,RIO BLANCO,0,1,0,0,1,0,520,58,3,1,578,4,1,0
05/11/2021,RIO BLANCO,0,1,0,0,1,0,521,58,3,1,579,4,1,0
05/12/2021,RIO BLANCO,0,1,0,0,1,0,522,58,3,1,580,4,1,0
05/17/2021,RIO BLANCO,0,1,0,0,1,0,523,58,3,1,581,4,1,0
05/18/2021,RIO BLANCO,1,0,0,0,1,0,523,59,3,1,582,4,1,0
05/20/2021,RIO BLANCO,0,1,0,0,1,0,524,59,3,1,583,4,1,0
05/21/2021,RIO BLANCO,0,1,0,0,1,0,525,59,3,1,584,4,1,0
05/24/2021,RIO BLANCO,0,1,0,0,1,0,526,59,3,1,585,4,1,0
05/25/2021,RIO BLANCO,0,2,0,0,2,0,528,59,3,1,587,4,2,0
05/26/2021,RIO BLANCO,0,2,0,1,2,1,530,59,4,1,589,5,2,1
05/28/2021,RIO BLANCO,0,1,0,0,1,0,531,59,4,1,590,5,1,0
06/01/2021,RIO BLANCO,0,1,0,0,1,0,532,59,4,1,591,5,1,0
06/02/2021,RIO BLANCO,0,1,0,0,1,0,533,59,4,1,592,5,1,0
06/04/2021,RIO BLANCO,0,2,0,0,2,0,535,59,4,1,594,5,2,0
06/06/2021,RIO BLANCO,0,2,0,0,2,0,537,59,4,1,596,5,2,0
06/07/2021,RIO BLANCO,0,1,0,0,1,0,538,59,4,1,597,5,1,0
06/11/2021,RIO BLANCO,0,1,0,0,1,0,539,59,4,1,598,5,1,0
06/12/2021,RIO BLANCO,0,1,0,0,1,0,540,59,4,1,599,5,1,0
06/14/2021,RIO BLANCO,0,1,0,0,1,0,541,59,4,1,600,5,1,0
06/15/2021,RIO BLANCO,0,3,0,0,3,0,544,59,4,1,603,5,3,0
06/16/2021,RIO BLANCO,0,5,0,0,5,0,549,59,4,1,608,5,5,0
06/17/2021,RIO BLANCO,0,1,0,0,1,0,550,59,4,1,609,5,1,0
06/18/2021,RIO BLANCO,0,2,0,0,2,0,552,59,4,1,611,5,2,0
06/19/2021,RIO BLANCO,0,1,0,0,1,0,553,59,4,1,612,5,1,0
06/21/2021,RIO BLANCO,1,0,0,0,1,0,553,60,4,1,613,5,1,0
06/22/2021,RIO BLANCO,0,1,0,0,1,0,554,60,4,1,614,5,1,0
06/23/2021,RIO BLANCO,0,2,0,0,2,0,556,60,4,1,616,5,2,0
06/24/2021,RIO BLANCO,0,1,0,0,1,0,557,60,4,1,617,5,1,0
06/28/2021,RIO BLANCO,0,3,0,0,3,0,560,60,4,1,620,5,3,0
06/29/2021,RIO BLANCO,0,7,0,0,7,0,567,60,4,1,627,5,7,0
06/30/2021,RIO BLANCO,0,3,0,0,3,0,570,60,4,1,630,5,3,0
07/01/2021,RIO BLANCO,0,3,0,0,3,0,573,60,4,1,633,5,3,0
07/02/2021,RIO BLANCO,0,2,0,0,2,0,575,60,4,1,635,5,2,0
07/05/2021,RIO BLANCO,0,1,0,0,1,0,576,60,4,1,636,5,1,0
07/06/2021,RIO BLANCO,0,6,0,0,6,0,582,60,4,1,642,5,6,0
07/07/2021,RIO BLANCO,0,6,0,0,6,0,588,60,4,1,648,5,6,0
07/08/2021,RIO BLANCO,0,1,0,0,1,0,589,60,4,1,649,5,1,0
07/09/2021,RIO BLANCO,0,8,0,0,8,0,597,60,4,1,657,5,8,0
07/11/2021,RIO BLANCO,1,1,0,0,2,0,598,61,4,1,659,5,2,0
07/12/2021,RIO BLANCO,0,2,0,0,2,0,600,61,4,1,661,5,2,0
07/13/2021,RIO BLANCO,0,1,0,0,1,0,601,61,4,1,662,5,1,0
07/14/2021,RIO BLANCO,2,4,0,0,6,0,605,63,4,1,668,5,6,0
07/15/2021,RIO BLANCO,0,2,0,0,2,0,607,63,4,1,670,5,2,0
07/19/2021,RIO BLANCO,0,2,0,0,2,0,609,63,4,1,672,5,2,0
07/20/2021,RIO BLANCO,0,6,0,0,6,0,615,63,4,1,678,5,6,0
07/21/2021,RIO BLANCO,0,4,0,0,4,0,619,63,4,1,682,5,4,0
07/22/2021,RIO BLANCO,0,3,0,0,3,0,622,63,4,1,685,5,3,0
07/23/2021,RIO BLANCO,0,1,0,0,1,0,623,63,4,1,686,5,1,0
07/24/2021,RIO BLANCO,0,1,0,0,1,0,624,63,4,1,687,5,1,0
07/25/2021,RIO BLANCO,0,1,0,0,1,0,625,63,4,1,688,5,1,0
07/26/2021,RIO BLANCO,2,5,0,0,7,0,630,65,4,1,695,5,7,0
07/27/2021,RIO BLANCO,0,2,0,0,2,0,632,65,4,1,697,5,2,0
07/28/2021,RIO BLANCO,1,2,0,0,3,0,634,66,4,1,700,5,3,0
07/31/2021,RIO BLANCO,0,1,0,0,1,0,635,66,4,1,701,5,1,0
08/03/2021,RIO BLANCO,0,4,0,0,4,0,639,66,4,1,705,5,4,0
08/04/2021,RIO BLANCO,0,2,0,0,2,0,641,66,4,1,707,5,2,0
08/05/2021,RIO BLANCO,0,1,0,0,1,0,642,66,4,1,708,5,1,0
08/06/2021,RIO BLANCO,0,2,0,0,2,0,644,66,4,1,710,5,2,0
08/09/2021,RIO BLANCO,0,1,0,0,1,0,645,66,4,1,711,5,1,0
08/10/2021,RIO BLANCO,0,2,0,0,2,0,647,66,4,1,713,5,2,0
08/11/2021,RIO BLANCO,0,1,0,0,1,0,648,66,4,1,714,5,1,0
08/12/2021,RIO BLANCO,0,3,0,0,3,0,651,66,4,1,717,5,3,0
08/13/2021,RIO BLANCO,1,1,1,0,2,1,652,67,4,2,719,6,2,1
08/14/2021,RIO BLANCO,0,3,0,0,3,0,655,67,4,2,722,6,3,0
08/16/2021,RIO BLANCO,0,2,0,0,2,0,657,67,4,2,724,6,2,0
08/17/2021,RIO BLANCO,0,2,0,0,2,0,659,67,4,2,726,6,2,0
08/18/2021,RIO BLANCO,0,4,0,1,4,1,663,67,5,2,730,7,4,1
08/19/2021,RIO BLANCO,0,1,0,0,1,0,664,67,5,2,731,7,1,0
08/21/2021,RIO BLANCO,0,2,0,0,2,0,666,67,5,2,733,7,2,0
08/22/2021,RIO BLANCO,0,1,0,0,1,0,667,67,5,2,734,7,1,0
08/23/2021,RIO BLANCO,0,3,0,0,3,0,670,67,5,2,737,7,3,0
08/25/2021,RIO BLANCO,1,1,0,0,2,0,671,68,5,2,739,7,2,0
08/26/2021,RIO BLANCO,0,5,0,0,5,0,676,68,5,2,744,7,5,0
08/29/2021,RIO BLANCO,0,1,0,0,1,0,677,68,5,2,745,7,1,0
08/30/2021,RIO BLANCO,0,7,0,0,7,0,684,68,5,2,752,7,7,0
08/31/2021,RIO BLANCO,0,4,0,0,4,0,688,68,5,2,756,7,4,0
09/01/2021,RIO BLANCO,0,3,0,0,3,0,691,68,5,2,759,7,3,0
09/02/2021,RIO BLANCO,0,3,0,1,3,1,694,68,6,2,762,8,3,1
09/03/2021,RIO BLANCO,0,1,0,0,1,0,695,68,6,2,763,8,1,0
09/05/2021,RIO BLANCO,0,4,0,0,4,0,699,68,6,2,767,8,4,0
09/06/2021,RIO BLANCO,0,1,0,0,1,0,700,68,6,2,768,8,1,0
09/07/2021,RIO BLANCO,0,9,0,0,9,0,709,68,6,2,777,8,9,0
09/08/2021,RIO BLANCO,1,5,0,0,6,0,714,69,6,2,783,8,6,0
09/09/2021,RIO BLANCO,1,7,0,0,8,0,721,70,6,2,791,8,8,0
09/10/2021,RIO BLANCO,0,1,0,0,1,0,722,70,6,2,792,8,1,0
09/11/2021,RIO BLANCO,0,2,0,0,2,0,724,70,6,2,794,8,2,0
09/12/2021,RIO BLANCO,1,2,0,0,3,0,726,71,6,2,797,8,3,0
09/13/2021,RIO BLANCO,3,6,0,0,9,0,732,74,6,2,806,8,9,0
09/14/2021,RIO BLANCO,0,6,0,0,6,0,738,74,6,2,812,8,6,0
09/15/2021,RIO BLANCO,1,1,0,0,2,0,739,75,6,2,814,8,2,0
09/16/2021,RIO BLANCO,2,3,0,0,5,0,742,77,6,2,819,8,5,0
09/17/2021,RIO BLANCO,1,3,0,0,4,0,745,78,6,2,823,8,4,0
09/19/2021,RIO BLANCO,0,2,0,0,2,0,747,78,6,2,825,8,2,0
09/20/2021,RIO BLANCO,2,7,0,0,9,0,754,80,6,2,834,8,9,0
09/21/2021,RIO BLANCO,0,2,0,0,2,0,756,80,6,2,836,8,2,0
09/22/2021,RIO BLANCO,0,5,0,0,5,0,761,80,6,2,841,8,5,0
09/23/2021,RIO BLANCO,0,4,0,0,4,0,765,80,6,2,845,8,4,0
09/24/2021,RIO BLANCO,0,2,0,0,2,0,767,80,6,2,847,8,2,0
09/25/2021,RIO BLANCO,0,1,0,0,1,0,768,80,6,2,848,8,1,0
09/27/2021,RIO BLANCO,3,2,0,0,5,0,770,83,6,2,853,8,5,0
09/28/2021,RIO BLANCO,0,2,0,0,2,0,772,83,6,2,855,8,2,0
09/29/2021,RIO BLANCO,0,1,0,0,1,0,773,83,6,2,856,8,1,0
09/30/2021,RIO BLANCO,1,2,0,0,3,0,775,84,6,2,859,8,3,0
10/01/2021,RIO BLANCO,1,2,0,0,3,0,777,85,6,2,862,8,3,0
10/02/2021,RIO BLANCO,0,4,0,0,4,0,781,85,6,2,866,8,4,0
10/03/2021,RIO BLANCO,0,1,0,0,1,0,782,85,6,2,867,8,1,0
10/04/2021,RIO BLANCO,2,8,0,0,10,0,790,87,6,2,877,8,10,0
10/05/2021,RIO BLANCO,0,6,0,1,6,1,796,87,7,2,883,9,6,1
10/06/2021,RIO BLANCO,1,7,0,0,8,0,803,88,7,2,891,9,8,0
10/07/2021,RIO BLANCO,2,2,0,0,4,0,805,90,7,2,895,9,4,0
10/08/2021,RIO BLANCO,0,9,0,0,9,0,814,90,7,2,904,9,9,0
10/09/2021,RIO BLANCO,0,1,0,0,1,0,815,90,7,2,905,9,1,0
10/10/2021,RIO BLANCO,0,2,0,0,2,0,817,90,7,2,907,9,2,0
10/11/2021,RIO BLANCO,0,11,0,0,11,0,828,90,7,2,918,9,11,0
10/12/2021,RIO BLANCO,0,2,0,0,2,0,830,90,7,2,920,9,2,0
10/13/2021,RIO BLANCO,1,5,0,0,6,0,835,91,7,2,926,9,6,0
10/14/2021,RIO BLANCO,0,6,0,0,6,0,841,91,7,2,932,9,6,0
10/15/2021,RIO BLANCO,1,4,0,0,5,0,845,92,7,2,937,9,5,0
10/16/2021,RIO BLANCO,0,3,0,0,3,0,848,92,7,2,940,9,3,0
10/17/2021,RIO BLANCO,0,3,0,0,3,0,851,92,7,2,943,9,3,0
10/18/2021,RIO BLANCO,3,7,0,0,10,0,858,95,7,2,953,9,10,0
10/19/2021,RIO BLANCO,7,4,0,0,11,0,862,102,7,2,964,9,11,0
10/20/2021,RIO BLANCO,2,9,0,0,11,0,871,104,7,2,975,9,11,0
10/21/2021,RIO BLANCO,7,5,0,0,12,0,876,111,7,2,987,9,12,0
10/22/2021,RIO BLANCO,1,11,0,0,12,0,887,112,7,2,999,9,12,0
10/23/2021,RIO BLANCO,0,9,0,0,9,0,896,112,7,2,1008,9,9,0
10/24/2021,RIO BLANCO,0,2,0,0,2,0,898,112,7,2,1010,9,2,0
10/25/2021,RIO BLANCO,9,5,0,0,14,0,903,121,7,2,1024,9,14,0
10/26/2021,RIO BLANCO,2,9,0,0,11,0,912,123,7,2,1035,9,11,0
10/27/2021,RIO BLANCO,0,3,0,0,3,0,915,123,7,2,1038,9,3,0
10/28/2021,RIO BLANCO,3,15,0,0,18,0,930,126,7,2,1056,9,18,0
10/29/2021,RIO BLANCO,3,2,0,0,5,0,932,129,7,2,1061,9,5,0
10/30/2021,RIO BLANCO,1,3,0,0,4,0,935,130,7,2,1065,9,4,0
10/31/2021,RIO BLANCO,0,2,0,0,2,0,937,130,7,2,1067,9,2,0
11/01/2021,RIO BLANCO,8,10,0,0,18,0,947,138,7,2,1085,9,18,0
11/02/2021,RIO BLANCO,1,8,0,0,9,0,955,139,7,2,1094,9,9,0
11/03/2021,RIO BLANCO,0,8,0,0,8,0,963,139,7,2,1102,9,8,0
11/04/2021,RIO BLANCO,1,4,0,0,5,0,967,140,7,2,1107,9,5,0
11/05/2021,RIO BLANCO,0,10,0,0,10,0,977,140,7,2,1117,9,10,0
11/06/2021,RIO BLANCO,0,3,0,0,3,0,980,140,7,2,1120,9,3,0
11/07/2021,RIO BLANCO,0,2,0,0,2,0,982,140,7,2,1122,9,2,0
11/08/2021,RIO BLANCO,8,10,0,0,18,0,992,148,7,2,1140,9,18,0
11/09/2021,RIO BLANCO,4,2,0,0,6,0,994,152,7,2,1146,9,6,0
11/10/2021,RIO BLANCO,0,6,0,0,6,0,1000,152,7,2,1152,9,6,0
11/11/2021,RIO BLANCO,0,2,0,0,2,0,1002,152,7,2,1154,9,2,0
11/12/2021,RIO BLANCO,1,9,0,0,10,0,1011,153,7,2,1164,9,10,0
11/13/2021,RIO BLANCO,0,3,0,0,3,0,1014,153,7,2,1167,9,3,0
11/15/2021,RIO BLANCO,13,6,0,0,19,0,1020,166,7,2,1186,9,19,0
11/16/2021,RIO BLANCO,2,6,0,0,8,0,1026,168,7,2,1194,9,8,0
11/17/2021,RIO BLANCO,1,3,0,1,4,1,1029,169,8,2,1198,10,4,1
11/18/2021,RIO BLANCO,0,2,0,0,2,0,1031,169,8,2,1200,10,2,0
11/19/2021,RIO BLANCO,0,1,0,0,1,0,1032,169,8,2,1201,10,1,0
11/20/2021,RIO BLANCO,0,2,0,0,2,0,1034,169,8,2,1203,10,2,0
11/21/2021,RIO BLANCO,0,4,0,0,4,0,1038,169,8,2,1207,10,4,0
11/22/2021,RIO BLANCO,0,3,0,1,3,1,1041,169,9,2,1210,11,3,1
11/23/2021,RIO BLANCO,2,3,0,0,5,0,1044,171,9,2,1215,11,5,0
11/24/2021,RIO BLANCO,0,6,0,0,6,0,1050,171,9,2,1221,11,6,0
11/26/2021,RIO BLANCO,0,2,0,0,2,0,1052,171,9,2,1223,11,2,0
11/27/2021,RIO BLANCO,0,2,0,0,2,0,1054,171,9,2,1225,11,2,0
11/28/2021,RIO BLANCO,0,3,0,0,3,0,1057,171,9,2,1228,11,3,0
11/29/2021,RIO BLANCO,0,8,0,0,8,0,1065,171,9,2,1236,11,8,0
11/30/2021,RIO BLANCO,0,5,0,0,5,0,1070,171,9,2,1241,11,5,0
12/01/2021,RIO BLANCO,0,4,0,0,4,0,1074,171,9,2,1245,11,4,0
12/02/2021,RIO BLANCO,0,5,0,0,5,0,1079,171,9,2,1250,11,5,0
12/03/2021,RIO BLANCO,0,8,0,0,8,0,1087,171,9,2,1258,11,8,0
12/04/2021,RIO BLANCO,0,1,0,0,1,0,1088,171,9,2,1259,11,1,0
12/05/2021,RIO BLANCO,0,1,0,0,1,0,1089,171,9,2,1260,11,1,0
12/06/2021,RIO BLANCO,1,6,0,0,7,0,1095,172,9,2,1267,11,7,0
12/07/2021,RIO BLANCO,2,4,0,0,6,0,1099,174,9,2,1273,11,6,0
12/08/2021,RIO BLANCO,0,3,0,0,3,0,1102,174,9,2,1276,11,3,0
12/09/2021,RIO BLANCO,0,2,0,0,2,0,1104,174,9,2,1278,11,2,0
12/10/2021,RIO BLANCO,0,2,0,0,2,0,1106,174,9,2,1280,11,2,0
12/11/2021,RIO BLANCO,0,2,0,0,2,0,1108,174,9,2,1282,11,2,0
12/13/2021,RIO BLANCO,5,3,0,1,8,1,1111,179,10,2,1290,12,8,1
12/14/2021,RIO BLANCO,0,1,0,0,1,0,1112,179,10,2,1291,12,1,0
12/15/2021,RIO BLANCO,0,2,0,0,2,0,1114,179,10,2,1293,12,2,0
12/16/2021,RIO BLANCO,0,2,0,0,2,0,1116,179,10,2,1295,12,2,0
12/17/2021,RIO BLANCO,0,5,0,0,5,0,1121,179,10,2,1300,12,5,0
12/18/2021,RIO BLANCO,0,1,0,0,1,0,1122,179,10,2,1301,12,1,0
12/19/2021,RIO BLANCO,0,1,0,0,1,0,1123,179,10,2,1302,12,1,0
12/20/2021,RIO BLANCO,0,4,0,0,4,0,1127,179,10,2,1306,12,4,0
12/21/2021,RIO BLANCO,0,3,0,0,3,0,1130,179,10,2,1309,12,3,0
12/22/2021,RIO BLANCO,0,1,0,0,1,0,1131,179,10,2,1310,12,1,0
12/23/2021,RIO BLANCO,0,3,0,0,3,0,1134,179,10,2,1313,12,3,0
12/24/2021,RIO BLANCO,0,2,0,0,2,0,1136,179,10,2,1315,12,2,0
12/27/2021,RIO BLANCO,0,6,0,0,6,0,1142,179,10,2,1321,12,6,0
12/28/2021,RIO BLANCO,1,1,0,0,2,0,1143,180,10,2,1323,12,2,0
12/29/2021,RIO BLANCO,1,3,0,0,4,0,1146,181,10,2,1327,12,4,0
12/30/2021,RIO BLANCO,0,4,0,0,4,0,1150,181,10,2,1331,12,4,0
12/31/2021,RIO BLANCO,0,4,0,0,4,0,1154,181,10,2,1335,12,4,0
01/01/2022,RIO BLANCO,0,1,0,0,1,0,1155,181,10,2,1336,12,1,0
01/02/2022,RIO BLANCO,0,2,0,0,2,0,1157,181,10,2,1338,12,2,0
01/03/2022,RIO BLANCO,7,4,0,0,11,0,1161,188,10,2,1349,12,11,0
01/04/2022,RIO BLANCO,3,4,0,0,7,0,1165,191,10,2,1356,12,7,0
01/05/2022,RIO BLANCO,3,3,0,0,6,0,1168,194,10,2,1362,12,6,0
01/06/2022,RIO BLANCO,0,4,0,0,4,0,1172,194,10,2,1366,12,4,0
01/07/2022,RIO BLANCO,2,9,1,0,11,1,1181,196,10,3,1377,13,11,1
01/08/2022,RIO BLANCO,0,1,0,0,1,0,1182,196,10,3,1378,13,1,0
01/10/2022,RIO BLANCO,5,7,0,0,12,0,1189,201,10,3,1390,13,12,0
01/11/2022,RIO BLANCO,0,6,0,0,6,0,1195,201,10,3,1396,13,6,0
01/12/2022,RIO BLANCO,6,13,0,0,19,0,1208,207,10,3,1415,13,19,0
01/13/2022,RIO BLANCO,1,9,0,0,10,0,1217,208,10,3,1425,13,10,0
01/14/2022,RIO BLANCO,0,9,0,0,9,0,1226,208,10,3,1434,13,9,0
01/15/2022,RIO BLANCO,0,3,0,0,3,0,1229,208,10,3,1437,13,3,0
01/17/2022,RIO BLANCO,1,4,0,0,5,0,1233,209,10,3,1442,13,5,0
01/18/2022,RIO BLANCO,0,16,0,0,16,0,1249,209,10,3,1458,13,16,0
01/19/2022,RIO BLANCO,4,4,0,0,8,0,1253,213,10,3,1466,13,8,0
01/20/2022,RIO BLANCO,1,7,0,0,8,0,1260,214,10,3,1474,13,8,0
01/21/2022,RIO BLANCO,3,9,0,0,12,0,1269,217,10,3,1486,13,12,0
01/22/2022,RIO BLANCO,0,4,0,0,4,0,1273,217,10,3,1490,13,4,0
01/23/2022,RIO BLANCO,0,1,0,0,1,0,1274,217,10,3,1491,13,1,0
01/24/2022,RIO BLANCO,1,15,0,0,16,0,1289,218,10,3,1507,13,16,0
01/25/2022,RIO BLANCO,1,7,0,0,8,0,1296,219,10,3,1515,13,8,0
01/26/2022,RIO BLANCO,1,8,0,0,9,0,1304,220,10,3,1524,13,9,0
01/27/2022,RIO BLANCO,0,11,0,0,11,0,1315,220,10,3,1535,13,11,0
01/28/2022,RIO BLANCO,0,8,0,0,8,0,1323,220,10,3,1543,13,8,0
01/29/2022,RIO BLANCO,0,5,0,0,5,0,1328,220,10,3,1548,13,5,0
01/30/2022,RIO BLANCO,0,4,0,0,4,0,1332,220,10,3,1552,13,4,0
01/31/2022,RIO BLANCO,1,9,0,0,10,0,1341,221,10,3,1562,13,10,0
02/01/2022,RIO BLANCO,0,7,0,0,7,0,1348,221,10,3,1569,13,7,0
02/02/2022,RIO BLANCO,0,9,0,0,9,0,1357,221,10,3,1578,13,9,0
02/03/2022,RIO BLANCO,2,3,0,0,5,0,1360,223,10,3,1583,13,5,0
02/04/2022,RIO BLANCO,0,14,0,0,14,0,1374,223,10,3,1597,13,14,0
02/06/2022,RIO BLANCO,0,3,0,0,3,0,1377,223,10,3,1600,13,3,0
02/07/2022,RIO BLANCO,3,7,0,0,10,0,1384,226,10,3,1610,13,10,0
02/08/2022,RIO BLANCO,0,2,0,0,2,0,1386,226,10,3,1612,13,2,0
02/09/2022,RIO BLANCO,0,3,0,0,3,0,1389,226,10,3,1615,13,3,0
02/10/2022,RIO BLANCO,0,2,0,0,2,0,1391,226,10,3,1617,13,2,0
02/11/2022,RIO BLANCO,0,5,0,0,5,0,1396,226,10,3,1622,13,5,0
02/13/2022,RIO BLANCO,0,4,0,0,4,0,1400,226,10,3,1626,13,4,0
02/14/2022,RIO BLANCO,0,1,0,0,1,0,1401,226,10,3,1627,13,1,0
02/15/2022,RIO BLANCO,1,8,0,0,9,0,1409,227,10,3,1636,13,9,0
02/16/2022,RIO BLANCO,1,6,0,0,7,0,1415,228,10,3,1643,13,7,0
02/17/2022,RIO BLANCO,0,3,0,0,3,0,1418,228,10,3,1646,13,3,0
02/18/2022,RIO BLANCO,2,1,0,0,3,0,1419,230,10,3,1649,13,3,0
02/19/2022,RIO BLANCO,0,2,0,0,2,0,1421,230,10,3,1651,13,2,0
02/21/2022,RIO BLANCO,1,2,0,0,3,0,1423,231,10,3,1654,13,3,0
02/22/2022,RIO BLANCO,0,1,0,0,1,0,1424,231,10,3,1655,13,1,0
02/23/2022,RIO BLANCO,0,3,0,0,3,0,1427,231,10,3,1658,13,3,0
02/24/2022,RIO BLANCO,1,0,0,0,1,0,1427,232,10,3,1659,13,1,0
02/25/2022,RIO BLANCO,0,2,0,0,2,0,1429,232,10,3,1661,13,2,0
02/28/2022,RIO BLANCO,0,1,0,0,1,0,1430,232,10,3,1662,13,1,0
03/25/2020,RIO GRANDE,0,2,0,0,2,0,2,0,0,0,2,0,-1660,-13
03/28/2020,RIO GRANDE,0,1,0,0,1,0,3,0,0,0,3,0,1,0
03/29/2020,RIO GRANDE,0,1,0,0,1,0,4,0,0,0,4,0,1,0
03/30/2020,RIO GRANDE,1,0,0,0,1,0,4,1,0,0,5,0,1,0
04/14/2020,RIO GRANDE,1,1,0,0,2,0,5,2,0,0,7,0,2,0
05/15/2020,RIO GRANDE,0,1,0,0,1,0,6,2,0,0,8,0,1,0
05/19/2020,RIO GRANDE,0,1,0,0,1,0,7,2,0,0,9,0,1,0
05/20/2020,RIO GRANDE,0,4,0,0,4,0,11,2,0,0,13,0,4,0
05/21/2020,RIO GRANDE,0,1,0,0,1,0,12,2,0,0,14,0,1,0
05/22/2020,RIO GRANDE,0,1,0,0,1,0,13,2,0,0,15,0,1,0
05/25/2020,RIO GRANDE,0,1,0,0,1,0,14,2,0,0,16,0,1,0
05/27/2020,RIO GRANDE,0,1,0,0,1,0,15,2,0,0,17,0,1,0
05/28/2020,RIO GRANDE,0,2,0,0,2,0,17,2,0,0,19,0,2,0
05/29/2020,RIO GRANDE,0,7,0,1,7,1,24,2,1,0,26,1,7,1
05/30/2020,RIO GRANDE,0,7,0,0,7,0,31,2,1,0,33,1,7,0
05/31/2020,RIO GRANDE,0,2,0,0,2,0,33,2,1,0,35,1,2,0
06/01/2020,RIO GRANDE,0,2,0,0,2,0,35,2,1,0,37,1,2,0
06/03/2020,RIO GRANDE,0,1,0,0,1,0,36,2,1,0,38,1,1,0
06/04/2020,RIO GRANDE,0,2,0,0,2,0,38,2,1,0,40,1,2,0
06/05/2020,RIO GRANDE,0,3,0,0,3,0,41,2,1,0,43,1,3,0
06/06/2020,RIO GRANDE,0,2,0,0,2,0,43,2,1,0,45,1,2,0
06/07/2020,RIO GRANDE,0,1,0,0,1,0,44,2,1,0,46,1,1,0
06/08/2020,RIO GRANDE,0,1,0,0,1,0,45,2,1,0,47,1,1,0
06/09/2020,RIO GRANDE,0,1,0,0,1,0,46,2,1,0,48,1,1,0
06/10/2020,RIO GRANDE,0,3,0,0,3,0,49,2,1,0,51,1,3,0
06/11/2020,RIO GRANDE,0,4,0,0,4,0,53,2,1,0,55,1,4,0
06/14/2020,RIO GRANDE,0,1,0,0,1,0,54,2,1,0,56,1,1,0
06/16/2020,RIO GRANDE,0,2,0,0,2,0,56,2,1,0,58,1,2,0
06/17/2020,RIO GRANDE,0,1,0,0,1,0,57,2,1,0,59,1,1,0
06/18/2020,RIO GRANDE,0,5,0,1,5,1,62,2,2,0,64,2,5,1
06/19/2020,RIO GRANDE,0,1,0,0,1,0,63,2,2,0,65,2,1,0
06/20/2020,RIO GRANDE,0,2,0,0,2,0,65,2,2,0,67,2,2,0
06/22/2020,RIO GRANDE,1,2,0,0,3,0,67,3,2,0,70,2,3,0
06/24/2020,RIO GRANDE,0,2,0,0,2,0,69,3,2,0,72,2,2,0
06/25/2020,RIO GRANDE,0,2,0,0,2,0,71,3,2,0,74,2,2,0
06/26/2020,RIO GRANDE,0,1,0,0,1,0,72,3,2,0,75,2,1,0
06/28/2020,RIO GRANDE,0,1,0,0,1,0,73,3,2,0,76,2,1,0
06/29/2020,RIO GRANDE,0,2,0,0,2,0,75,3,2,0,78,2,2,0
07/01/2020,RIO GRANDE,1,1,0,0,2,0,76,4,2,0,80,2,2,0
07/02/2020,RIO GRANDE,0,1,0,0,1,0,77,4,2,0,81,2,1,0
07/04/2020,RIO GRANDE,0,1,0,0,1,0,78,4,2,0,82,2,1,0
07/11/2020,RIO GRANDE,0,1,0,0,1,0,79,4,2,0,83,2,1,0
07/14/2020,RIO GRANDE,0,1,0,0,1,0,80,4,2,0,84,2,1,0
07/18/2020,RIO GRANDE,0,1,0,0,1,0,81,4,2,0,85,2,1,0
07/21/2020,RIO GRANDE,0,1,0,0,1,0,82,4,2,0,86,2,1,0
07/23/2020,RIO GRANDE,1,0,0,0,1,0,82,5,2,0,87,2,1,0
07/24/2020,RIO GRANDE,0,2,0,0,2,0,84,5,2,0,89,2,2,0
08/03/2020,RIO GRANDE,0,1,0,0,1,0,85,5,2,0,90,2,1,0
08/04/2020,RIO GRANDE,1,1,0,0,2,0,86,6,2,0,92,2,2,0
08/12/2020,RIO GRANDE,0,1,0,0,1,0,87,6,2,0,93,2,1,0
08/17/2020,RIO GRANDE,0,1,0,0,1,0,88,6,2,0,94,2,1,0
08/19/2020,RIO GRANDE,0,1,0,0,1,0,89,6,2,0,95,2,1,0
09/10/2020,RIO GRANDE,0,1,0,0,1,0,90,6,2,0,96,2,1,0
09/21/2020,RIO GRANDE,0,1,0,0,1,0,91,6,2,0,97,2,1,0
09/29/2020,RIO GRANDE,0,2,0,0,2,0,93,6,2,0,99,2,2,0
09/30/2020,RIO GRANDE,0,1,0,0,1,0,94,6,2,0,100,2,1,0
10/05/2020,RIO GRANDE,0,1,0,0,1,0,95,6,2,0,101,2,1,0
10/06/2020,RIO GRANDE,0,3,0,0,3,0,98,6,2,0,104,2,3,0
10/07/2020,RIO GRANDE,0,1,0,0,1,0,99,6,2,0,105,2,1,0
10/08/2020,RIO GRANDE,0,2,0,1,2,1,101,6,3,0,107,3,2,1
10/10/2020,RIO GRANDE,1,4,0,0,5,0,105,7,3,0,112,3,5,0
10/11/2020,RIO GRANDE,0,1,0,1,1,1,106,7,4,0,113,4,1,1
10/14/2020,RIO GRANDE,0,1,0,0,1,0,107,7,4,0,114,4,1,0
10/16/2020,RIO GRANDE,0,2,0,0,2,0,109,7,4,0,116,4,2,0
10/18/2020,RIO GRANDE,0,1,0,0,1,0,110,7,4,0,117,4,1,0
10/21/2020,RIO GRANDE,0,1,0,0,1,0,111,7,4,0,118,4,1,0
10/23/2020,RIO GRANDE,0,2,0,0,2,0,113,7,4,0,120,4,2,0
10/24/2020,RIO GRANDE,0,2,0,0,2,0,115,7,4,0,122,4,2,0
10/25/2020,RIO GRANDE,0,1,0,0,1,0,116,7,4,0,123,4,1,0
10/27/2020,RIO GRANDE,0,3,0,0,3,0,119,7,4,0,126,4,3,0
10/28/2020,RIO GRANDE,0,2,0,0,2,0,121,7,4,0,128,4,2,0
10/29/2020,RIO GRANDE,0,2,0,0,2,0,123,7,4,0,130,4,2,0
10/30/2020,RIO GRANDE,0,5,0,0,5,0,128,7,4,0,135,4,5,0
10/31/2020,RIO GRANDE,0,4,0,0,4,0,132,7,4,0,139,4,4,0
11/01/2020,RIO GRANDE,0,3,0,0,3,0,135,7,4,0,142,4,3,0
11/02/2020,RIO GRANDE,0,1,0,0,1,0,136,7,4,0,143,4,1,0
11/04/2020,RIO GRANDE,0,1,0,0,1,0,137,7,4,0,144,4,1,0
11/05/2020,RIO GRANDE,0,8,0,0,8,0,145,7,4,0,152,4,8,0
11/06/2020,RIO GRANDE,0,3,0,0,3,0,148,7,4,0,155,4,3,0
11/08/2020,RIO GRANDE,0,3,0,0,3,0,151,7,4,0,158,4,3,0
11/09/2020,RIO GRANDE,0,3,0,0,3,0,154,7,4,0,161,4,3,0
11/10/2020,RIO GRANDE,0,5,0,0,5,0,159,7,4,0,166,4,5,0
11/11/2020,RIO GRANDE,0,3,0,0,3,0,162,7,4,0,169,4,3,0
11/12/2020,RIO GRANDE,0,12,0,0,12,0,174,7,4,0,181,4,12,0
11/13/2020,RIO GRANDE,0,9,0,0,9,0,183,7,4,0,190,4,9,0
11/14/2020,RIO GRANDE,0,4,0,0,4,0,187,7,4,0,194,4,4,0
11/15/2020,RIO GRANDE,0,2,0,0,2,0,189,7,4,0,196,4,2,0
11/16/2020,RIO GRANDE,0,8,0,0,8,0,197,7,4,0,204,4,8,0
11/17/2020,RIO GRANDE,0,5,0,0,5,0,202,7,4,0,209,4,5,0
11/18/2020,RIO GRANDE,0,10,0,0,10,0,212,7,4,0,219,4,10,0
11/19/2020,RIO GRANDE,0,6,0,0,6,0,218,7,4,0,225,4,6,0
11/20/2020,RIO GRANDE,0,9,0,0,9,0,227,7,4,0,234,4,9,0
11/21/2020,RIO GRANDE,0,4,0,0,4,0,231,7,4,0,238,4,4,0
11/22/2020,RIO GRANDE,0,1,0,0,1,0,232,7,4,0,239,4,1,0
11/23/2020,RIO GRANDE,0,1,0,0,1,0,233,7,4,0,240,4,1,0
11/24/2020,RIO GRANDE,0,7,0,0,7,0,240,7,4,0,247,4,7,0
11/25/2020,RIO GRANDE,0,12,0,0,12,0,252,7,4,0,259,4,12,0
11/26/2020,RIO GRANDE,0,10,0,0,10,0,262,7,4,0,269,4,10,0
11/27/2020,RIO GRANDE,0,6,0,0,6,0,268,7,4,0,275,4,6,0
11/28/2020,RIO GRANDE,0,11,0,0,11,0,279,7,4,0,286,4,11,0
11/29/2020,RIO GRANDE,0,3,0,0,3,0,282,7,4,0,289,4,3,0
11/30/2020,RIO GRANDE,0,10,0,0,10,0,292,7,4,0,299,4,10,0
12/01/2020,RIO GRANDE,0,10,0,0,10,0,302,7,4,0,309,4,10,0
12/02/2020,RIO GRANDE,0,14,0,1,14,1,316,7,5,0,323,5,14,1
12/03/2020,RIO GRANDE,0,8,0,0,8,0,324,7,5,0,331,5,8,0
12/04/2020,RIO GRANDE,0,5,0,0,5,0,329,7,5,0,336,5,5,0
12/05/2020,RIO GRANDE,0,9,0,1,9,1,338,7,6,0,345,6,9,1
12/06/2020,RIO GRANDE,0,4,0,0,4,0,342,7,6,0,349,6,4,0
12/07/2020,RIO GRANDE,0,3,0,0,3,0,345,7,6,0,352,6,3,0
12/09/2020,RIO GRANDE,0,4,0,0,4,0,349,7,6,0,356,6,4,0
12/10/2020,RIO GRANDE,0,11,0,0,11,0,360,7,6,0,367,6,11,0
12/11/2020,RIO GRANDE,0,2,0,0,2,0,362,7,6,0,369,6,2,0
12/12/2020,RIO GRANDE,0,5,0,0,5,0,367,7,6,0,374,6,5,0
12/14/2020,RIO GRANDE,0,1,0,0,1,0,368,7,6,0,375,6,1,0
12/15/2020,RIO GRANDE,1,5,0,0,6,0,373,8,6,0,381,6,6,0
12/16/2020,RIO GRANDE,0,18,0,1,18,1,391,8,7,0,399,7,18,1
12/17/2020,RIO GRANDE,1,23,0,0,24,0,414,9,7,0,423,7,24,0
12/18/2020,RIO GRANDE,0,12,0,0,12,0,426,9,7,0,435,7,12,0
12/19/2020,RIO GRANDE,0,2,0,0,2,0,428,9,7,0,437,7,2,0
12/21/2020,RIO GRANDE,1,1,0,0,2,0,429,10,7,0,439,7,2,0
12/22/2020,RIO GRANDE,0,6,0,1,6,1,435,10,8,0,445,8,6,1
12/24/2020,RIO GRANDE,0,3,0,0,3,0,438,10,8,0,448,8,3,0
12/26/2020,RIO GRANDE,0,1,0,0,1,0,439,10,8,0,449,8,1,0
12/28/2020,RIO GRANDE,2,3,0,0,5,0,442,12,8,0,454,8,5,0
12/30/2020,RIO GRANDE,0,6,0,0,6,0,448,12,8,0,460,8,6,0
12/31/2020,RIO GRANDE,0,29,0,0,29,0,477,12,8,0,489,8,29,0
01/01/2021,RIO GRANDE,0,1,0,0,1,0,478,12,8,0,490,8,1,0
01/03/2021,RIO GRANDE,0,2,0,0,2,0,480,12,8,0,492,8,2,0
01/04/2021,RIO GRANDE,1,2,0,1,3,1,482,13,9,0,495,9,3,1
01/05/2021,RIO GRANDE,2,15,0,0,17,0,497,15,9,0,512,9,17,0
01/06/2021,RIO GRANDE,0,10,0,0,10,0,507,15,9,0,522,9,10,0
01/07/2021,RIO GRANDE,2,5,0,0,7,0,512,17,9,0,529,9,7,0
01/08/2021,RIO GRANDE,0,23,0,1,23,1,535,17,10,0,552,10,23,1
01/09/2021,RIO GRANDE,0,2,0,0,2,0,537,17,10,0,554,10,2,0
01/10/2021,RIO GRANDE,0,1,0,0,1,0,538,17,10,0,555,10,1,0
01/11/2021,RIO GRANDE,0,2,0,0,2,0,540,17,10,0,557,10,2,0
01/14/2021,RIO GRANDE,0,8,0,0,8,0,548,17,10,0,565,10,8,0
01/15/2021,RIO GRANDE,0,26,0,1,26,1,574,17,11,0,591,11,26,1
01/16/2021,RIO GRANDE,0,4,0,0,4,0,578,17,11,0,595,11,4,0
01/17/2021,RIO GRANDE,0,1,0,0,1,0,579,17,11,0,596,11,1,0
01/18/2021,RIO GRANDE,0,5,0,0,5,0,584,17,11,0,601,11,5,0
01/19/2021,RIO GRANDE,0,5,0,0,5,0,589,17,11,0,606,11,5,0
01/20/2021,RIO GRANDE,0,6,0,0,6,0,595,17,11,0,612,11,6,0
01/21/2021,RIO GRANDE,1,3,0,0,4,0,598,18,11,0,616,11,4,0
01/22/2021,RIO GRANDE,0,12,0,0,12,0,610,18,11,0,628,11,12,0
01/23/2021,RIO GRANDE,0,1,0,1,1,1,611,18,12,0,629,12,1,1
01/24/2021,RIO GRANDE,0,1,0,0,1,0,612,18,12,0,630,12,1,0
01/25/2021,RIO GRANDE,0,5,0,0,5,0,617,18,12,0,635,12,5,0
01/26/2021,RIO GRANDE,0,9,0,0,9,0,626,18,12,0,644,12,9,0
01/27/2021,RIO GRANDE,0,5,0,0,5,0,631,18,12,0,649,12,5,0
01/28/2021,RIO GRANDE,0,5,0,0,5,0,636,18,12,0,654,12,5,0
01/29/2021,RIO GRANDE,0,4,0,0,4,0,640,18,12,0,658,12,4,0
01/30/2021,RIO GRANDE,0,3,0,0,3,0,643,18,12,0,661,12,3,0
02/01/2021,RIO GRANDE,1,5,0,0,6,0,648,19,12,0,667,12,6,0
02/02/2021,RIO GRANDE,0,4,0,1,4,1,652,19,13,0,671,13,4,1
02/03/2021,RIO GRANDE,0,1,0,0,1,0,653,19,13,0,672,13,1,0
02/04/2021,RIO GRANDE,0,3,0,0,3,0,656,19,13,0,675,13,3,0
02/05/2021,RIO GRANDE,0,1,0,0,1,0,657,19,13,0,676,13,1,0
02/06/2021,RIO GRANDE,0,3,0,0,3,0,660,19,13,0,679,13,3,0
02/07/2021,RIO GRANDE,0,1,0,0,1,0,661,19,13,0,680,13,1,0
02/08/2021,RIO GRANDE,0,1,0,0,1,0,662,19,13,0,681,13,1,0
02/10/2021,RIO GRANDE,0,6,0,0,6,0,668,19,13,0,687,13,6,0
02/11/2021,RIO GRANDE,1,0,0,0,1,0,668,20,13,0,688,13,1,0
02/13/2021,RIO GRANDE,0,1,0,0,1,0,669,20,13,0,689,13,1,0
02/15/2021,RIO GRANDE,0,5,0,0,5,0,674,20,13,0,694,13,5,0
02/16/2021,RIO GRANDE,0,2,0,0,2,0,676,20,13,0,696,13,2,0
02/17/2021,RIO GRANDE,0,3,0,0,3,0,679,20,13,0,699,13,3,0
02/18/2021,RIO GRANDE,0,3,0,0,3,0,682,20,13,0,702,13,3,0
02/19/2021,RIO GRANDE,1,3,0,0,4,0,685,21,13,0,706,13,4,0
02/20/2021,RIO GRANDE,0,3,0,0,3,0,688,21,13,0,709,13,3,0
02/22/2021,RIO GRANDE,0,4,0,0,4,0,692,21,13,0,713,13,4,0
02/23/2021,RIO GRANDE,0,4,0,0,4,0,696,21,13,0,717,13,4,0
02/24/2021,RIO GRANDE,0,3,0,0,3,0,699,21,13,0,720,13,3,0
02/26/2021,RIO GRANDE,1,3,0,0,4,0,702,22,13,0,724,13,4,0
02/27/2021,RIO GRANDE,0,1,0,0,1,0,703,22,13,0,725,13,1,0
03/01/2021,RIO GRANDE,0,2,0,0,2,0,705,22,13,0,727,13,2,0
03/02/2021,RIO GRANDE,1,2,0,0,3,0,707,23,13,0,730,13,3,0
03/03/2021,RIO GRANDE,1,3,0,0,4,0,710,24,13,0,734,13,4,0
03/04/2021,RIO GRANDE,0,2,0,0,2,0,712,24,13,0,736,13,2,0
03/05/2021,RIO GRANDE,1,2,0,0,3,0,714,25,13,0,739,13,3,0
03/08/2021,RIO GRANDE,0,2,0,0,2,0,716,25,13,0,741,13,2,0
03/09/2021,RIO GRANDE,0,2,0,0,2,0,718,25,13,0,743,13,2,0
03/11/2021,RIO GRANDE,0,2,0,0,2,0,720,25,13,0,745,13,2,0
03/13/2021,RIO GRANDE,0,1,0,0,1,0,721,25,13,0,746,13,1,0
03/14/2021,RIO GRANDE,0,1,0,0,1,0,722,25,13,0,747,13,1,0
03/15/2021,RIO GRANDE,0,2,0,0,2,0,724,25,13,0,749,13,2,0
03/17/2021,RIO GRANDE,0,2,0,0,2,0,726,25,13,0,751,13,2,0
03/18/2021,RIO GRANDE,1,3,0,1,4,1,729,26,14,0,755,14,4,1
03/20/2021,RIO GRANDE,0,2,0,0,2,0,731,26,14,0,757,14,2,0
03/21/2021,RIO GRANDE,0,3,0,0,3,0,734,26,14,0,760,14,3,0
03/22/2021,RIO GRANDE,0,2,0,0,2,0,736,26,14,0,762,14,2,0
03/27/2021,RIO GRANDE,0,2,0,0,2,0,738,26,14,0,764,14,2,0
03/29/2021,RIO GRANDE,0,1,0,0,1,0,739,26,14,0,765,14,1,0
03/30/2021,RIO GRANDE,0,1,0,0,1,0,740,26,14,0,766,14,1,0
03/31/2021,RIO GRANDE,0,1,0,0,1,0,741,26,14,0,767,14,1,0
04/02/2021,RIO GRANDE,0,2,0,0,2,0,743,26,14,0,769,14,2,0
04/03/2021,RIO GRANDE,0,1,0,0,1,0,744,26,14,0,770,14,1,0
04/05/2021,RIO GRANDE,0,2,0,0,2,0,746,26,14,0,772,14,2,0
04/06/2021,RIO GRANDE,1,1,0,0,2,0,747,27,14,0,774,14,2,0
04/07/2021,RIO GRANDE,0,1,0,0,1,0,748,27,14,0,775,14,1,0
04/08/2021,RIO GRANDE,0,2,0,0,2,0,750,27,14,0,777,14,2,0
04/09/2021,RIO GRANDE,0,1,0,0,1,0,751,27,14,0,778,14,1,0
04/11/2021,RIO GRANDE,0,1,0,0,1,0,752,27,14,0,779,14,1,0
04/12/2021,RIO GRANDE,1,1,0,0,2,0,753,28,14,0,781,14,2,0
04/14/2021,RIO GRANDE,1,1,0,0,2,0,754,29,14,0,783,14,2,0
04/15/2021,RIO GRANDE,0,1,0,0,1,0,755,29,14,0,784,14,1,0
04/16/2021,RIO GRANDE,0,1,0,0,1,0,756,29,14,0,785,14,1,0
04/18/2021,RIO GRANDE,0,1,0,0,1,0,757,29,14,0,786,14,1,0
04/20/2021,RIO GRANDE,2,2,0,0,4,0,759,31,14,0,790,14,4,0
04/21/2021,RIO GRANDE,0,2,0,0,2,0,761,31,14,0,792,14,2,0
04/22/2021,RIO GRANDE,0,1,0,0,1,0,762,31,14,0,793,14,1,0
04/27/2021,RIO GRANDE,0,1,0,0,1,0,763,31,14,0,794,14,1,0
04/28/2021,RIO GRANDE,1,1,0,0,2,0,764,32,14,0,796,14,2,0
04/29/2021,RIO GRANDE,1,1,0,0,2,0,765,33,14,0,798,14,2,0
04/30/2021,RIO GRANDE,1,1,0,0,2,0,766,34,14,0,800,14,2,0
05/01/2021,RIO GRANDE,0,3,0,0,3,0,769,34,14,0,803,14,3,0
05/03/2021,RIO GRANDE,2,2,0,0,4,0,771,36,14,0,807,14,4,0
05/04/2021,RIO GRANDE,1,5,0,1,6,1,776,37,15,0,813,15,6,1
05/07/2021,RIO GRANDE,0,1,0,0,1,0,777,37,15,0,814,15,1,0
05/10/2021,RIO GRANDE,2,2,0,0,4,0,779,39,15,0,818,15,4,0
05/11/2021,RIO GRANDE,1,3,0,0,4,0,782,40,15,0,822,15,4,0
05/12/2021,RIO GRANDE,0,3,0,0,3,0,785,40,15,0,825,15,3,0
05/13/2021,RIO GRANDE,0,4,0,0,4,0,789,40,15,0,829,15,4,0
05/14/2021,RIO GRANDE,1,3,0,0,4,0,792,41,15,0,833,15,4,0
05/15/2021,RIO GRANDE,0,3,0,0,3,0,795,41,15,0,836,15,3,0
05/16/2021,RIO GRANDE,0,2,0,0,2,0,797,41,15,0,838,15,2,0
05/17/2021,RIO GRANDE,0,4,0,1,4,1,801,41,16,0,842,16,4,1
05/18/2021,RIO GRANDE,0,1,0,0,1,0,802,41,16,0,843,16,1,0
05/19/2021,RIO GRANDE,1,1,0,0,2,0,803,42,16,0,845,16,2,0
05/20/2021,RIO GRANDE,0,3,0,0,3,0,806,42,16,0,848,16,3,0
05/21/2021,RIO GRANDE,0,1,0,0,1,0,807,42,16,0,849,16,1,0
05/22/2021,RIO GRANDE,0,3,0,0,3,0,810,42,16,0,852,16,3,0
05/23/2021,RIO GRANDE,1,0,0,0,1,0,810,43,16,0,853,16,1,0
05/24/2021,RIO GRANDE,0,3,0,0,3,0,813,43,16,0,856,16,3,0
05/25/2021,RIO GRANDE,0,3,0,0,3,0,816,43,16,0,859,16,3,0
05/26/2021,RIO GRANDE,0,2,0,0,2,0,818,43,16,0,861,16,2,0
05/27/2021,RIO GRANDE,0,4,0,0,4,0,822,43,16,0,865,16,4,0
05/28/2021,RIO GRANDE,0,3,0,0,3,0,825,43,16,0,868,16,3,0
05/29/2021,RIO GRANDE,0,4,0,0,4,0,829,43,16,0,872,16,4,0
05/30/2021,RIO GRANDE,0,1,0,0,1,0,830,43,16,0,873,16,1,0
06/01/2021,RIO GRANDE,1,7,0,1,8,1,837,44,17,0,881,17,8,1
06/02/2021,RIO GRANDE,0,1,0,0,1,0,838,44,17,0,882,17,1,0
06/03/2021,RIO GRANDE,0,3,0,0,3,0,841,44,17,0,885,17,3,0
06/04/2021,RIO GRANDE,0,3,0,0,3,0,844,44,17,0,888,17,3,0
06/05/2021,RIO GRANDE,0,2,0,0,2,0,846,44,17,0,890,17,2,0
06/07/2021,RIO GRANDE,0,1,0,0,1,0,847,44,17,0,891,17,1,0
06/08/2021,RIO GRANDE,1,1,0,0,2,0,848,45,17,0,893,17,2,0
06/10/2021,RIO GRANDE,0,1,0,0,1,0,849,45,17,0,894,17,1,0
06/11/2021,RIO GRANDE,1,1,0,0,2,0,850,46,17,0,896,17,2,0
06/12/2021,RIO GRANDE,1,0,0,0,1,0,850,47,17,0,897,17,1,0
06/13/2021,RIO GRANDE,0,2,0,0,2,0,852,47,17,0,899,17,2,0
06/15/2021,RIO GRANDE,0,1,0,0,1,0,853,47,17,0,900,17,1,0
06/16/2021,RIO GRANDE,0,3,0,0,3,0,856,47,17,0,903,17,3,0
06/20/2021,RIO GRANDE,0,2,0,0,2,0,858,47,17,0,905,17,2,0
06/21/2021,RIO GRANDE,0,2,0,0,2,0,860,47,17,0,907,17,2,0
06/22/2021,RIO GRANDE,1,1,1,0,2,1,861,48,17,1,909,18,2,1
06/23/2021,RIO GRANDE,0,1,0,0,1,0,862,48,17,1,910,18,1,0
06/24/2021,RIO GRANDE,0,1,0,0,1,0,863,48,17,1,911,18,1,0
06/26/2021,RIO GRANDE,0,3,0,0,3,0,866,48,17,1,914,18,3,0
06/28/2021,RIO GRANDE,0,3,0,0,3,0,869,48,17,1,917,18,3,0
06/29/2021,RIO GRANDE,1,2,0,0,3,0,871,49,17,1,920,18,3,0
06/30/2021,RIO GRANDE,1,0,0,0,1,0,871,50,17,1,921,18,1,0
07/03/2021,RIO GRANDE,0,1,0,0,1,0,872,50,17,1,922,18,1,0
07/05/2021,RIO GRANDE,0,6,0,1,6,1,878,50,18,1,928,19,6,1
07/07/2021,RIO GRANDE,1,1,0,0,2,0,879,51,18,1,930,19,2,0
07/08/2021,RIO GRANDE,0,2,0,0,2,0,881,51,18,1,932,19,2,0
07/09/2021,RIO GRANDE,0,3,0,0,3,0,884,51,18,1,935,19,3,0
07/10/2021,RIO GRANDE,0,2,0,0,2,0,886,51,18,1,937,19,2,0
07/12/2021,RIO GRANDE,1,0,0,0,1,0,886,52,18,1,938,19,1,0
07/14/2021,RIO GRANDE,0,3,0,0,3,0,889,52,18,1,941,19,3,0
07/15/2021,RIO GRANDE,0,2,0,0,2,0,891,52,18,1,943,19,2,0
07/16/2021,RIO GRANDE,1,2,1,0,3,1,893,53,18,2,946,20,3,1
07/19/2021,RIO GRANDE,0,3,0,0,3,0,896,53,18,2,949,20,3,0
07/20/2021,RIO GRANDE,0,1,0,0,1,0,897,53,18,2,950,20,1,0
07/21/2021,RIO GRANDE,0,1,0,0,1,0,898,53,18,2,951,20,1,0
07/23/2021,RIO GRANDE,0,1,0,0,1,0,899,53,18,2,952,20,1,0
07/25/2021,RIO GRANDE,0,2,0,0,2,0,901,53,18,2,954,20,2,0
07/27/2021,RIO GRANDE,0,2,0,0,2,0,903,53,18,2,956,20,2,0
07/28/2021,RIO GRANDE,1,6,0,0,7,0,909,54,18,2,963,20,7,0
07/29/2021,RIO GRANDE,0,3,0,0,3,0,912,54,18,2,966,20,3,0
07/30/2021,RIO GRANDE,0,2,0,0,2,0,914,54,18,2,968,20,2,0
08/02/2021,RIO GRANDE,0,2,0,0,2,0,916,54,18,2,970,20,2,0
08/03/2021,RIO GRANDE,0,4,0,0,4,0,920,54,18,2,974,20,4,0
08/04/2021,RIO GRANDE,0,3,0,0,3,0,923,54,18,2,977,20,3,0
08/05/2021,RIO GRANDE,1,0,0,0,1,0,923,55,18,2,978,20,1,0
08/06/2021,RIO GRANDE,0,3,0,0,3,0,926,55,18,2,981,20,3,0
08/08/2021,RIO GRANDE,0,1,0,0,1,0,927,55,18,2,982,20,1,0
08/09/2021,RIO GRANDE,0,1,0,0,1,0,928,55,18,2,983,20,1,0
08/10/2021,RIO GRANDE,0,4,0,0,4,0,932,55,18,2,987,20,4,0
08/11/2021,RIO GRANDE,0,6,0,0,6,0,938,55,18,2,993,20,6,0
08/12/2021,RIO GRANDE,0,3,0,0,3,0,941,55,18,2,996,20,3,0
08/13/2021,RIO GRANDE,0,3,0,0,3,0,944,55,18,2,999,20,3,0
08/16/2021,RIO GRANDE,1,4,0,0,5,0,948,56,18,2,1004,20,5,0
08/17/2021,RIO GRANDE,0,2,0,0,2,0,950,56,18,2,1006,20,2,0
08/18/2021,RIO GRANDE,0,6,0,0,6,0,956,56,18,2,1012,20,6,0
08/19/2021,RIO GRANDE,0,1,0,0,1,0,957,56,18,2,1013,20,1,0
08/20/2021,RIO GRANDE,1,5,0,0,6,0,962,57,18,2,1019,20,6,0
08/21/2021,RIO GRANDE,0,2,0,0,2,0,964,57,18,2,1021,20,2,0
08/22/2021,RIO GRANDE,0,1,0,0,1,0,965,57,18,2,1022,20,1,0
08/23/2021,RIO GRANDE,2,8,0,0,10,0,973,59,18,2,1032,20,10,0
08/24/2021,RIO GRANDE,0,7,0,0,7,0,980,59,18,2,1039,20,7,0
08/25/2021,RIO GRANDE,0,5,0,0,5,0,985,59,18,2,1044,20,5,0
08/26/2021,RIO GRANDE,0,4,0,0,4,0,989,59,18,2,1048,20,4,0
08/27/2021,RIO GRANDE,1,4,0,0,5,0,993,60,18,2,1053,20,5,0
08/29/2021,RIO GRANDE,0,2,0,0,2,0,995,60,18,2,1055,20,2,0
08/30/2021,RIO GRANDE,0,3,0,0,3,0,998,60,18,2,1058,20,3,0
08/31/2021,RIO GRANDE,0,8,0,0,8,0,1006,60,18,2,1066,20,8,0
09/01/2021,RIO GRANDE,1,5,0,0,6,0,1011,61,18,2,1072,20,6,0
09/02/2021,RIO GRANDE,0,8,0,0,8,0,1019,61,18,2,1080,20,8,0
09/03/2021,RIO GRANDE,1,2,0,0,3,0,1021,62,18,2,1083,20,3,0
09/04/2021,RIO GRANDE,0,1,0,0,1,0,1022,62,18,2,1084,20,1,0
09/05/2021,RIO GRANDE,0,2,0,0,2,0,1024,62,18,2,1086,20,2,0
09/06/2021,RIO GRANDE,0,3,0,0,3,0,1027,62,18,2,1089,20,3,0
09/07/2021,RIO GRANDE,1,3,0,0,4,0,1030,63,18,2,1093,20,4,0
09/08/2021,RIO GRANDE,1,3,0,0,4,0,1033,64,18,2,1097,20,4,0
09/09/2021,RIO GRANDE,0,7,0,1,7,1,1040,64,19,2,1104,21,7,1
09/10/2021,RIO GRANDE,2,9,0,0,11,0,1049,66,19,2,1115,21,11,0
09/11/2021,RIO GRANDE,0,2,0,0,2,0,1051,66,19,2,1117,21,2,0
09/12/2021,RIO GRANDE,0,3,0,0,3,0,1054,66,19,2,1120,21,3,0
09/13/2021,RIO GRANDE,3,7,0,0,10,0,1061,69,19,2,1130,21,10,0
09/14/2021,RIO GRANDE,1,6,0,0,7,0,1067,70,19,2,1137,21,7,0
09/15/2021,RIO GRANDE,1,2,0,0,3,0,1069,71,19,2,1140,21,3,0
09/16/2021,RIO GRANDE,4,8,0,0,12,0,1077,75,19,2,1152,21,12,0
09/17/2021,RIO GRANDE,1,1,0,0,2,0,1078,76,19,2,1154,21,2,0
09/18/2021,RIO GRANDE,0,4,0,0,4,0,1082,76,19,2,1158,21,4,0
09/19/2021,RIO GRANDE,0,4,0,0,4,0,1086,76,19,2,1162,21,4,0
09/20/2021,RIO GRANDE,0,8,0,0,8,0,1094,76,19,2,1170,21,8,0
09/21/2021,RIO GRANDE,1,5,0,0,6,0,1099,77,19,2,1176,21,6,0
09/22/2021,RIO GRANDE,1,7,0,0,8,0,1106,78,19,2,1184,21,8,0
09/23/2021,RIO GRANDE,5,6,0,0,11,0,1112,83,19,2,1195,21,11,0
09/24/2021,RIO GRANDE,0,9,0,0,9,0,1121,83,19,2,1204,21,9,0
09/25/2021,RIO GRANDE,1,3,0,0,4,0,1124,84,19,2,1208,21,4,0
09/26/2021,RIO GRANDE,0,2,0,0,2,0,1126,84,19,2,1210,21,2,0
09/27/2021,RIO GRANDE,14,14,0,0,28,0,1140,98,19,2,1238,21,28,0
09/28/2021,RIO GRANDE,7,5,0,0,12,0,1145,105,19,2,1250,21,12,0
09/29/2021,RIO GRANDE,8,15,0,1,23,1,1160,113,20,2,1273,22,23,1
09/30/2021,RIO GRANDE,1,13,0,0,14,0,1173,114,20,2,1287,22,14,0
10/01/2021,RIO GRANDE,1,5,0,0,6,0,1178,115,20,2,1293,22,6,0
10/02/2021,RIO GRANDE,0,12,0,0,12,0,1190,115,20,2,1305,22,12,0
10/03/2021,RIO GRANDE,0,5,0,1,5,1,1195,115,21,2,1310,23,5,1
10/04/2021,RIO GRANDE,2,12,0,0,14,0,1207,117,21,2,1324,23,14,0
10/05/2021,RIO GRANDE,5,7,0,0,12,0,1214,122,21,2,1336,23,12,0
10/06/2021,RIO GRANDE,8,15,0,0,23,0,1229,130,21,2,1359,23,23,0
10/07/2021,RIO GRANDE,4,25,0,0,29,0,1254,134,21,2,1388,23,29,0
10/08/2021,RIO GRANDE,7,9,0,0,16,0,1263,141,21,2,1404,23,16,0
10/09/2021,RIO GRANDE,0,5,0,0,5,0,1268,141,21,2,1409,23,5,0
10/10/2021,RIO GRANDE,0,6,0,0,6,0,1274,141,21,2,1415,23,6,0
10/11/2021,RIO GRANDE,12,6,0,0,18,0,1280,153,21,2,1433,23,18,0
10/12/2021,RIO GRANDE,5,5,0,0,10,0,1285,158,21,2,1443,23,10,0
10/13/2021,RIO GRANDE,2,8,0,0,10,0,1293,160,21,2,1453,23,10,0
10/14/2021,RIO GRANDE,2,10,0,0,12,0,1303,162,21,2,1465,23,12,0
10/15/2021,RIO GRANDE,0,2,0,0,2,0,1305,162,21,2,1467,23,2,0
10/16/2021,RIO GRANDE,7,5,0,0,12,0,1310,169,21,2,1479,23,12,0
10/17/2021,RIO GRANDE,0,1,0,0,1,0,1311,169,21,2,1480,23,1,0
10/18/2021,RIO GRANDE,7,2,0,0,9,0,1313,176,21,2,1489,23,9,0
10/19/2021,RIO GRANDE,1,1,0,0,2,0,1314,177,21,2,1491,23,2,0
10/20/2021,RIO GRANDE,0,7,0,0,7,0,1321,177,21,2,1498,23,7,0
10/21/2021,RIO GRANDE,2,4,0,0,6,0,1325,179,21,2,1504,23,6,0
10/22/2021,RIO GRANDE,0,1,0,1,1,1,1326,179,22,2,1505,24,1,1
10/23/2021,RIO GRANDE,0,4,0,0,4,0,1330,179,22,2,1509,24,4,0
10/24/2021,RIO GRANDE,1,4,0,0,5,0,1334,180,22,2,1514,24,5,0
10/25/2021,RIO GRANDE,4,5,0,0,9,0,1339,184,22,2,1523,24,9,0
10/26/2021,RIO GRANDE,2,4,0,0,6,0,1343,186,22,2,1529,24,6,0
10/27/2021,RIO GRANDE,3,9,0,0,12,0,1352,189,22,2,1541,24,12,0
10/28/2021,RIO GRANDE,4,6,0,0,10,0,1358,193,22,2,1551,24,10,0
10/29/2021,RIO GRANDE,1,4,0,0,5,0,1362,194,22,2,1556,24,5,0
10/30/2021,RIO GRANDE,0,6,0,0,6,0,1368,194,22,2,1562,24,6,0
10/31/2021,RIO GRANDE,0,3,0,0,3,0,1371,194,22,2,1565,24,3,0
11/01/2021,RIO GRANDE,4,3,0,0,7,0,1374,198,22,2,1572,24,7,0
11/02/2021,RIO GRANDE,3,5,0,0,8,0,1379,201,22,2,1580,24,8,0
11/03/2021,RIO GRANDE,4,3,0,0,7,0,1382,205,22,2,1587,24,7,0
11/04/2021,RIO GRANDE,1,5,0,0,6,0,1387,206,22,2,1593,24,6,0
11/05/2021,RIO GRANDE,0,7,0,0,7,0,1394,206,22,2,1600,24,7,0
11/06/2021,RIO GRANDE,0,12,0,1,12,1,1406,206,23,2,1612,25,12,1
11/07/2021,RIO GRANDE,0,8,0,0,8,0,1414,206,23,2,1620,25,8,0
11/08/2021,RIO GRANDE,1,8,0,0,9,0,1422,207,23,2,1629,25,9,0
11/09/2021,RIO GRANDE,6,13,0,1,19,1,1435,213,24,2,1648,26,19,1
11/10/2021,RIO GRANDE,7,16,0,1,23,1,1451,220,25,2,1671,27,23,1
11/11/2021,RIO GRANDE,5,9,0,0,14,0,1460,225,25,2,1685,27,14,0
11/12/2021,RIO GRANDE,3,10,0,0,13,0,1470,228,25,2,1698,27,13,0
11/13/2021,RIO GRANDE,1,10,0,1,11,1,1480,229,26,2,1709,28,11,1
11/14/2021,RIO GRANDE,0,9,0,0,9,0,1489,229,26,2,1718,28,9,0
11/15/2021,RIO GRANDE,6,7,0,0,13,0,1496,235,26,2,1731,28,13,0
11/16/2021,RIO GRANDE,7,12,0,2,19,2,1508,242,28,2,1750,30,19,2
11/17/2021,RIO GRANDE,2,7,0,1,9,1,1515,244,29,2,1759,31,9,1
11/18/2021,RIO GRANDE,3,4,0,0,7,0,1519,247,29,2,1766,31,7,0
11/19/2021,RIO GRANDE,1,2,0,0,3,0,1521,248,29,2,1769,31,3,0
11/20/2021,RIO GRANDE,0,5,0,0,5,0,1526,248,29,2,1774,31,5,0
11/21/2021,RIO GRANDE,1,3,0,0,4,0,1529,249,29,2,1778,31,4,0
11/22/2021,RIO GRANDE,3,9,0,0,12,0,1538,252,29,2,1790,31,12,0
11/23/2021,RIO GRANDE,0,9,0,0,9,0,1547,252,29,2,1799,31,9,0
11/24/2021,RIO GRANDE,1,17,0,2,18,2,1564,253,31,2,1817,33,18,2
11/25/2021,RIO GRANDE,0,2,0,0,2,0,1566,253,31,2,1819,33,2,0
11/26/2021,RIO GRANDE,0,4,0,0,4,0,1570,253,31,2,1823,33,4,0
11/27/2021,RIO GRANDE,0,5,0,0,5,0,1575,253,31,2,1828,33,5,0
11/28/2021,RIO GRANDE,0,3,0,0,3,0,1578,253,31,2,1831,33,3,0
11/29/2021,RIO GRANDE,6,1,0,0,7,0,1579,259,31,2,1838,33,7,0
11/30/2021,RIO GRANDE,7,14,2,1,21,3,1593,266,32,4,1859,36,21,3
12/01/2021,RIO GRANDE,1,16,0,0,17,0,1609,267,32,4,1876,36,17,0
12/02/2021,RIO GRANDE,3,2,0,0,5,0,1611,270,32,4,1881,36,5,0
12/03/2021,RIO GRANDE,0,16,0,2,16,2,1627,270,34,4,1897,38,16,2
12/04/2021,RIO GRANDE,1,6,0,0,7,0,1633,271,34,4,1904,38,7,0
12/05/2021,RIO GRANDE,0,3,0,0,3,0,1636,271,34,4,1907,38,3,0
12/07/2021,RIO GRANDE,0,3,0,1,3,1,1639,271,35,4,1910,39,3,1
12/08/2021,RIO GRANDE,0,5,0,0,5,0,1644,271,35,4,1915,39,5,0
12/09/2021,RIO GRANDE,0,2,0,0,2,0,1646,271,35,4,1917,39,2,0
12/10/2021,RIO GRANDE,0,3,0,0,3,0,1649,271,35,4,1920,39,3,0
12/11/2021,RIO GRANDE,0,3,0,0,3,0,1652,271,35,4,1923,39,3,0
12/12/2021,RIO GRANDE,0,2,0,0,2,0,1654,271,35,4,1925,39,2,0
12/13/2021,RIO GRANDE,0,1,0,0,1,0,1655,271,35,4,1926,39,1,0
12/14/2021,RIO GRANDE,0,3,0,0,3,0,1658,271,35,4,1929,39,3,0
12/15/2021,RIO GRANDE,5,2,0,0,7,0,1660,276,35,4,1936,39,7,0
12/16/2021,RIO GRANDE,0,1,0,0,1,0,1661,276,35,4,1937,39,1,0
12/17/2021,RIO GRANDE,0,2,0,1,2,1,1663,276,36,4,1939,40,2,1
12/19/2021,RIO GRANDE,0,1,0,0,1,0,1664,276,36,4,1940,40,1,0
12/20/2021,RIO GRANDE,1,1,0,0,2,0,1665,277,36,4,1942,40,2,0
12/21/2021,RIO GRANDE,1,1,0,0,2,0,1666,278,36,4,1944,40,2,0
12/22/2021,RIO GRANDE,1,2,0,0,3,0,1668,279,36,4,1947,40,3,0
12/23/2021,RIO GRANDE,1,5,0,0,6,0,1673,280,36,4,1953,40,6,0
12/25/2021,RIO GRANDE,0,1,0,0,1,0,1674,280,36,4,1954,40,1,0
12/26/2021,RIO GRANDE,1,2,0,0,3,0,1676,281,36,4,1957,40,3,0
12/27/2021,RIO GRANDE,2,5,0,0,7,0,1681,283,36,4,1964,40,7,0
12/28/2021,RIO GRANDE,1,5,0,0,6,0,1686,284,36,4,1970,40,6,0
12/29/2021,RIO GRANDE,4,9,0,0,13,0,1695,288,36,4,1983,40,13,0
12/30/2021,RIO GRANDE,0,3,0,0,3,0,1698,288,36,4,1986,40,3,0
12/31/2021,RIO GRANDE,0,7,0,0,7,0,1705,288,36,4,1993,40,7,0
01/01/2022,RIO GRANDE,0,3,0,0,3,0,1708,288,36,4,1996,40,3,0
01/02/2022,RIO GRANDE,0,8,0,0,8,0,1716,288,36,4,2004,40,8,0
01/03/2022,RIO GRANDE,6,19,0,1,25,1,1735,294,37,4,2029,41,25,1
01/04/2022,RIO GRANDE,6,10,0,0,16,0,1745,300,37,4,2045,41,16,0
01/05/2022,RIO GRANDE,6,5,0,0,11,0,1750,306,37,4,2056,41,11,0
01/06/2022,RIO GRANDE,8,12,0,0,20,0,1762,314,37,4,2076,41,20,0
01/07/2022,RIO GRANDE,0,9,0,0,9,0,1771,314,37,4,2085,41,9,0
01/08/2022,RIO GRANDE,1,9,0,0,10,0,1780,315,37,4,2095,41,10,0
01/09/2022,RIO GRANDE,5,9,0,0,14,0,1789,320,37,4,2109,41,14,0
01/10/2022,RIO GRANDE,3,13,1,0,16,1,1802,323,37,5,2125,42,16,1
01/11/2022,RIO GRANDE,6,14,0,0,20,0,1816,329,37,5,2145,42,20,0
01/12/2022,RIO GRANDE,5,23,0,0,28,0,1839,334,37,5,2173,42,28,0
01/13/2022,RIO GRANDE,5,13,0,0,18,0,1852,339,37,5,2191,42,18,0
01/14/2022,RIO GRANDE,1,12,0,0,13,0,1864,340,37,5,2204,42,13,0
01/15/2022,RIO GRANDE,1,13,0,0,14,0,1877,341,37,5,2218,42,14,0
01/16/2022,RIO GRANDE,1,15,0,0,16,0,1892,342,37,5,2234,42,16,0
01/17/2022,RIO GRANDE,11,16,0,0,27,0,1908,353,37,5,2261,42,27,0
01/18/2022,RIO GRANDE,11,19,0,0,30,0,1927,364,37,5,2291,42,30,0
01/19/2022,RIO GRANDE,5,16,0,0,21,0,1943,369,37,5,2312,42,21,0
01/20/2022,RIO GRANDE,8,12,0,0,20,0,1955,377,37,5,2332,42,20,0
01/21/2022,RIO GRANDE,9,18,0,0,27,0,1973,386,37,5,2359,42,27,0
01/22/2022,RIO GRANDE,2,11,0,0,13,0,1984,388,37,5,2372,42,13,0
01/23/2022,RIO GRANDE,3,20,1,0,23,1,2004,391,37,6,2395,43,23,1
01/24/2022,RIO GRANDE,16,14,0,0,30,0,2018,407,37,6,2425,43,30,0
01/25/2022,RIO GRANDE,9,20,0,0,29,0,2038,416,37,6,2454,43,29,0
01/26/2022,RIO GRANDE,7,27,0,0,34,0,2065,423,37,6,2488,43,34,0
01/27/2022,RIO GRANDE,7,12,0,0,19,0,2077,430,37,6,2507,43,19,0
01/28/2022,RIO GRANDE,7,15,1,0,22,1,2092,437,37,7,2529,44,22,1
01/29/2022,RIO GRANDE,1,7,0,1,8,1,2099,438,38,7,2537,45,8,1
01/30/2022,RIO GRANDE,0,13,0,0,13,0,2112,438,38,7,2550,45,13,0
01/31/2022,RIO GRANDE,7,14,0,0,21,0,2126,445,38,7,2571,45,21,0
02/01/2022,RIO GRANDE,3,10,0,0,13,0,2136,448,38,7,2584,45,13,0
02/02/2022,RIO GRANDE,1,15,0,0,16,0,2151,449,38,7,2600,45,16,0
02/03/2022,RIO GRANDE,0,11,0,0,11,0,2162,449,38,7,2611,45,11,0
02/04/2022,RIO GRANDE,2,14,0,0,16,0,2176,451,38,7,2627,45,16,0
02/05/2022,RIO GRANDE,0,8,0,0,8,0,2184,451,38,7,2635,45,8,0
02/06/2022,RIO GRANDE,0,5,0,0,5,0,2189,451,38,7,2640,45,5,0
02/07/2022,RIO GRANDE,3,13,0,0,16,0,2202,454,38,7,2656,45,16,0
02/08/2022,RIO GRANDE,4,9,0,0,13,0,2211,458,38,7,2669,45,13,0
02/09/2022,RIO GRANDE,1,5,0,0,6,0,2216,459,38,7,2675,45,6,0
02/10/2022,RIO GRANDE,1,4,0,0,5,0,2220,460,38,7,2680,45,5,0
02/11/2022,RIO GRANDE,0,4,0,0,4,0,2224,460,38,7,2684,45,4,0
02/12/2022,RIO GRANDE,0,2,0,0,2,0,2226,460,38,7,2686,45,2,0
02/13/2022,RIO GRANDE,0,6,0,0,6,0,2232,460,38,7,2692,45,6,0
02/14/2022,RIO GRANDE,5,9,0,0,14,0,2241,465,38,7,2706,45,14,0
02/15/2022,RIO GRANDE,0,6,0,0,6,0,2247,465,38,7,2712,45,6,0
02/16/2022,RIO GRANDE,0,7,0,0,7,0,2254,465,38,7,2719,45,7,0
02/17/2022,RIO GRANDE,0,1,0,0,1,0,2255,465,38,7,2720,45,1,0
02/18/2022,RIO GRANDE,0,2,0,0,2,0,2257,465,38,7,2722,45,2,0
02/19/2022,RIO GRANDE,0,3,0,0,3,0,2260,465,38,7,2725,45,3,0
02/20/2022,RIO GRANDE,0,1,0,0,1,0,2261,465,38,7,2726,45,1,0
02/21/2022,RIO GRANDE,3,2,1,0,5,1,2263,468,38,8,2731,46,5,1
02/22/2022,RIO GRANDE,2,2,0,0,4,0,2265,470,38,8,2735,46,4,0
02/23/2022,RIO GRANDE,0,2,0,0,2,0,2267,470,38,8,2737,46,2,0
02/24/2022,RIO GRANDE,5,3,0,0,8,0,2270,475,38,8,2745,46,8,0
02/25/2022,RIO GRANDE,0,3,0,0,3,0,2273,475,38,8,2748,46,3,0
02/27/2022,RIO GRANDE,0,3,0,0,3,0,2276,475,38,8,2751,46,3,0
02/28/2022,RIO GRANDE,0,2,0,0,2,0,2278,475,38,8,2753,46,2,0
03/01/2022,RIO GRANDE,0,1,0,0,1,0,2279,475,38,8,2754,46,1,0
03/02/2022,RIO GRANDE,0,1,0,0,1,0,2280,475,38,8,2755,46,1,0
03/03/2022,RIO GRANDE,0,3,0,0,3,0,2283,475,38,8,2758,46,3,0
03/05/2022,RIO GRANDE,0,1,0,0,1,0,2284,475,38,8,2759,46,1,0
03/08/2022,RIO GRANDE,0,1,0,0,1,0,2285,475,38,8,2760,46,1,0
03/11/2022,RIO GRANDE,0,1,0,0,1,0,2286,475,38,8,2761,46,1,0
03/16/2022,RIO GRANDE,9,0,0,0,9,0,2286,484,38,8,2770,46,9,0
03/18/2022,RIO GRANDE,0,2,0,0,2,0,2288,484,38,8,2772,46,2,0
03/20/2022,RIO GRANDE,0,1,0,0,1,0,2289,484,38,8,2773,46,1,0
03/21/2020,ROUTT,0,1,0,0,1,0,1,0,0,0,1,0,-2772,-46
03/23/2020,ROUTT,0,1,0,0,1,0,2,0,0,0,2,0,1,0
03/24/2020,ROUTT,0,2,0,0,2,0,4,0,0,0,4,0,2,0
03/25/2020,ROUTT,0,3,0,0,3,0,7,0,0,0,7,0,3,0
03/26/2020,ROUTT,0,2,0,0,2,0,9,0,0,0,9,0,2,0
03/27/2020,ROUTT,0,2,0,1,2,1,11,0,1,0,11,1,2,1
03/28/2020,ROUTT,0,2,0,0,2,0,13,0,1,0,13,1,2,0
03/29/2020,ROUTT,0,2,0,0,2,0,15,0,1,0,15,1,2,0
03/30/2020,ROUTT,0,1,0,0,1,0,16,0,1,0,16,1,1,0
03/31/2020,ROUTT,1,2,0,1,3,1,18,1,2,0,19,2,3,1
04/01/2020,ROUTT,0,3,0,1,3,1,21,1,3,0,22,3,3,1
04/02/2020,ROUTT,0,3,0,0,3,0,24,1,3,0,25,3,3,0
04/03/2020,ROUTT,0,1,0,0,1,0,25,1,3,0,26,3,1,0
04/06/2020,ROUTT,2,1,0,0,3,0,26,3,3,0,29,3,3,0
04/09/2020,ROUTT,0,3,0,1,3,1,29,3,4,0,32,4,3,1
04/11/2020,ROUTT,0,1,0,0,1,0,30,3,4,0,33,4,1,0
04/12/2020,ROUTT,0,5,0,1,5,1,35,3,5,0,38,5,5,1
04/15/2020,ROUTT,0,2,0,0,2,0,37,3,5,0,40,5,2,0
04/16/2020,ROUTT,0,3,0,0,3,0,40,3,5,0,43,5,3,0
04/17/2020,ROUTT,0,3,0,0,3,0,43,3,5,0,46,5,3,0
04/18/2020,ROUTT,0,2,0,1,2,1,45,3,6,0,48,6,2,1
04/21/2020,ROUTT,0,1,0,0,1,0,46,3,6,0,49,6,1,0
04/25/2020,ROUTT,0,2,0,0,2,0,48,3,6,0,51,6,2,0
04/27/2020,ROUTT,0,1,0,0,1,0,49,3,6,0,52,6,1,0
04/29/2020,ROUTT,0,2,0,1,2,1,51,3,7,0,54,7,2,1
04/30/2020,ROUTT,2,2,1,0,4,1,53,5,7,1,58,8,4,1
05/01/2020,ROUTT,0,1,0,0,1,0,54,5,7,1,59,8,1,0
05/17/2020,ROUTT,0,1,0,0,1,0,55,5,7,1,60,8,1,0
05/26/2020,ROUTT,1,0,0,0,1,0,55,6,7,1,61,8,1,0
05/30/2020,ROUTT,0,1,0,0,1,0,56,6,7,1,62,8,1,0
06/09/2020,ROUTT,0,1,0,0,1,0,57,6,7,1,63,8,1,0
06/20/2020,ROUTT,0,1,0,0,1,0,58,6,7,1,64,8,1,0
06/21/2020,ROUTT,0,1,0,0,1,0,59,6,7,1,65,8,1,0
06/22/2020,ROUTT,0,2,0,0,2,0,61,6,7,1,67,8,2,0
06/24/2020,ROUTT,0,2,0,0,2,0,63,6,7,1,69,8,2,0
06/25/2020,ROUTT,0,2,0,0,2,0,65,6,7,1,71,8,2,0
06/26/2020,ROUTT,0,1,0,0,1,0,66,6,7,1,72,8,1,0
06/27/2020,ROUTT,0,1,0,0,1,0,67,6,7,1,73,8,1,0
06/29/2020,ROUTT,0,1,0,0,1,0,68,6,7,1,74,8,1,0
06/30/2020,ROUTT,0,1,0,0,1,0,69,6,7,1,75,8,1,0
07/01/2020,ROUTT,0,1,0,0,1,0,70,6,7,1,76,8,1,0
07/02/2020,ROUTT,0,1,0,0,1,0,71,6,7,1,77,8,1,0
07/03/2020,ROUTT,0,1,0,0,1,0,72,6,7,1,78,8,1,0
07/06/2020,ROUTT,0,1,0,0,1,0,73,6,7,1,79,8,1,0
07/09/2020,ROUTT,0,3,0,0,3,0,76,6,7,1,82,8,3,0
07/11/2020,ROUTT,0,1,0,0,1,0,77,6,7,1,83,8,1,0
07/12/2020,ROUTT,0,3,0,0,3,0,80,6,7,1,86,8,3,0
07/17/2020,ROUTT,0,1,0,0,1,0,81,6,7,1,87,8,1,0
07/18/2020,ROUTT,0,2,0,0,2,0,83,6,7,1,89,8,2,0
07/20/2020,ROUTT,0,4,0,0,4,0,87,6,7,1,93,8,4,0
07/21/2020,ROUTT,0,2,0,0,2,0,89,6,7,1,95,8,2,0
07/27/2020,ROUTT,0,1,0,0,1,0,90,6,7,1,96,8,1,0
07/28/2020,ROUTT,0,6,0,1,6,1,96,6,8,1,102,9,6,1
07/29/2020,ROUTT,0,2,0,0,2,0,98,6,8,1,104,9,2,0
07/30/2020,ROUTT,0,1,0,1,1,1,99,6,9,1,105,10,1,1
07/31/2020,ROUTT,0,2,0,0,2,0,101,6,9,1,107,10,2,0
08/01/2020,ROUTT,0,1,0,0,1,0,102,6,9,1,108,10,1,0
08/02/2020,ROUTT,0,1,0,0,1,0,103,6,9,1,109,10,1,0
08/03/2020,ROUTT,0,2,0,0,2,0,105,6,9,1,111,10,2,0
08/04/2020,ROUTT,0,3,0,0,3,0,108,6,9,1,114,10,3,0
08/05/2020,ROUTT,0,1,0,1,1,1,109,6,10,1,115,11,1,1
08/06/2020,ROUTT,0,3,0,0,3,0,112,6,10,1,118,11,3,0
08/07/2020,ROUTT,0,7,0,0,7,0,119,6,10,1,125,11,7,0
08/11/2020,ROUTT,1,0,0,0,1,0,119,7,10,1,126,11,1,0
08/13/2020,ROUTT,0,1,0,0,1,0,120,7,10,1,127,11,1,0
08/14/2020,ROUTT,0,3,0,0,3,0,123,7,10,1,130,11,3,0
08/17/2020,ROUTT,0,1,0,0,1,0,124,7,10,1,131,11,1,0
08/21/2020,ROUTT,0,2,0,0,2,0,126,7,10,1,133,11,2,0
08/24/2020,ROUTT,0,1,0,0,1,0,127,7,10,1,134,11,1,0
08/27/2020,ROUTT,0,2,0,0,2,0,129,7,10,1,136,11,2,0
09/03/2020,ROUTT,3,0,0,0,3,0,129,10,10,1,139,11,3,0
09/10/2020,ROUTT,0,2,0,0,2,0,131,10,10,1,141,11,2,0
09/16/2020,ROUTT,0,2,0,0,2,0,133,10,10,1,143,11,2,0
09/18/2020,ROUTT,0,2,0,0,2,0,135,10,10,1,145,11,2,0
09/19/2020,ROUTT,0,1,0,0,1,0,136,10,10,1,146,11,1,0
09/20/2020,ROUTT,0,2,0,0,2,0,138,10,10,1,148,11,2,0
09/21/2020,ROUTT,1,2,0,0,3,0,140,11,10,1,151,11,3,0
09/23/2020,ROUTT,0,2,0,0,2,0,142,11,10,1,153,11,2,0
09/24/2020,ROUTT,0,2,0,0,2,0,144,11,10,1,155,11,2,0
09/25/2020,ROUTT,1,1,0,0,2,0,145,12,10,1,157,11,2,0
09/27/2020,ROUTT,1,2,0,0,3,0,147,13,10,1,160,11,3,0
10/01/2020,ROUTT,0,2,0,0,2,0,149,13,10,1,162,11,2,0
10/03/2020,ROUTT,2,0,0,0,2,0,149,15,10,1,164,11,2,0
10/05/2020,ROUTT,0,1,0,0,1,0,150,15,10,1,165,11,1,0
10/06/2020,ROUTT,0,1,0,0,1,0,151,15,10,1,166,11,1,0
10/07/2020,ROUTT,0,2,0,0,2,0,153,15,10,1,168,11,2,0
10/08/2020,ROUTT,0,5,0,0,5,0,158,15,10,1,173,11,5,0
10/13/2020,ROUTT,0,2,0,0,2,0,160,15,10,1,175,11,2,0
10/14/2020,ROUTT,0,3,0,0,3,0,163,15,10,1,178,11,3,0
10/15/2020,ROUTT,0,6,0,0,6,0,169,15,10,1,184,11,6,0
10/16/2020,ROUTT,2,3,0,0,5,0,172,17,10,1,189,11,5,0
10/17/2020,ROUTT,0,3,0,0,3,0,175,17,10,1,192,11,3,0
10/18/2020,ROUTT,2,0,0,0,2,0,175,19,10,1,194,11,2,0
10/19/2020,ROUTT,1,0,0,0,1,0,175,20,10,1,195,11,1,0
10/20/2020,ROUTT,1,2,0,0,3,0,177,21,10,1,198,11,3,0
10/21/2020,ROUTT,0,1,0,0,1,0,178,21,10,1,199,11,1,0
10/22/2020,ROUTT,1,2,0,0,3,0,180,22,10,1,202,11,3,0
10/23/2020,ROUTT,0,2,0,0,2,0,182,22,10,1,204,11,2,0
10/25/2020,ROUTT,0,1,0,0,1,0,183,22,10,1,205,11,1,0
10/26/2020,ROUTT,1,7,0,1,8,1,190,23,11,1,213,12,8,1
10/27/2020,ROUTT,2,3,0,0,5,0,193,25,11,1,218,12,5,0
10/28/2020,ROUTT,1,5,0,0,6,0,198,26,11,1,224,12,6,0
10/29/2020,ROUTT,1,1,0,0,2,0,199,27,11,1,226,12,2,0
10/30/2020,ROUTT,3,2,0,0,5,0,201,30,11,1,231,12,5,0
11/01/2020,ROUTT,0,1,0,0,1,0,202,30,11,1,232,12,1,0
11/02/2020,ROUTT,1,8,0,0,9,0,210,31,11,1,241,12,9,0
11/03/2020,ROUTT,2,4,0,0,6,0,214,33,11,1,247,12,6,0
11/04/2020,ROUTT,1,6,0,0,7,0,220,34,11,1,254,12,7,0
11/05/2020,ROUTT,3,11,0,0,14,0,231,37,11,1,268,12,14,0
11/06/2020,ROUTT,1,15,0,0,16,0,246,38,11,1,284,12,16,0
11/07/2020,ROUTT,5,3,0,0,8,0,249,43,11,1,292,12,8,0
11/08/2020,ROUTT,1,12,0,0,13,0,261,44,11,1,305,12,13,0
11/09/2020,ROUTT,1,8,0,0,9,0,269,45,11,1,314,12,9,0
11/10/2020,ROUTT,3,13,0,0,16,0,282,48,11,1,330,12,16,0
11/11/2020,ROUTT,1,10,0,0,11,0,292,49,11,1,341,12,11,0
11/12/2020,ROUTT,10,11,0,0,21,0,303,59,11,1,362,12,21,0
11/13/2020,ROUTT,7,16,0,0,23,0,319,66,11,1,385,12,23,0
11/14/2020,ROUTT,3,8,0,0,11,0,327,69,11,1,396,12,11,0
11/15/2020,ROUTT,1,10,0,0,11,0,337,70,11,1,407,12,11,0
11/16/2020,ROUTT,5,15,0,0,20,0,352,75,11,1,427,12,20,0
11/17/2020,ROUTT,4,19,0,0,23,0,371,79,11,1,450,12,23,0
11/18/2020,ROUTT,8,25,0,3,33,3,396,87,14,1,483,15,33,3
11/19/2020,ROUTT,6,20,0,1,26,1,416,93,15,1,509,16,26,1
11/20/2020,ROUTT,4,11,0,0,15,0,427,97,15,1,524,16,15,0
11/21/2020,ROUTT,0,2,0,0,2,0,429,97,15,1,526,16,2,0
11/22/2020,ROUTT,1,8,0,0,9,0,437,98,15,1,535,16,9,0
11/23/2020,ROUTT,11,21,0,0,32,0,458,109,15,1,567,16,32,0
11/24/2020,ROUTT,5,33,2,0,38,2,491,114,15,3,605,18,38,2
11/25/2020,ROUTT,2,23,0,0,25,0,514,116,15,3,630,18,25,0
11/26/2020,ROUTT,4,19,0,1,23,1,533,120,16,3,653,19,23,1
11/27/2020,ROUTT,1,8,0,1,9,1,541,121,17,3,662,20,9,1
11/28/2020,ROUTT,4,8,0,0,12,0,549,125,17,3,674,20,12,0
11/29/2020,ROUTT,3,5,0,0,8,0,554,128,17,3,682,20,8,0
11/30/2020,ROUTT,6,19,0,0,25,0,573,134,17,3,707,20,25,0
12/01/2020,ROUTT,5,11,0,0,16,0,584,139,17,3,723,20,16,0
12/02/2020,ROUTT,4,7,0,0,11,0,591,143,17,3,734,20,11,0
12/03/2020,ROUTT,1,8,0,0,9,0,599,144,17,3,743,20,9,0
12/04/2020,ROUTT,1,10,0,0,11,0,609,145,17,3,754,20,11,0
12/05/2020,ROUTT,0,28,0,1,28,1,637,145,18,3,782,21,28,1
12/06/2020,ROUTT,4,17,0,0,21,0,654,149,18,3,803,21,21,0
12/07/2020,ROUTT,3,8,0,0,11,0,662,152,18,3,814,21,11,0
12/08/2020,ROUTT,0,17,0,0,17,0,679,152,18,3,831,21,17,0
12/09/2020,ROUTT,1,6,0,0,7,0,685,153,18,3,838,21,7,0
12/10/2020,ROUTT,3,21,0,0,24,0,706,156,18,3,862,21,24,0
12/11/2020,ROUTT,2,13,0,0,15,0,719,158,18,3,877,21,15,0
12/12/2020,ROUTT,0,10,0,0,10,0,729,158,18,3,887,21,10,0
12/13/2020,ROUTT,4,11,0,0,15,0,740,162,18,3,902,21,15,0
12/14/2020,ROUTT,9,4,0,0,13,0,744,171,18,3,915,21,13,0
12/15/2020,ROUTT,7,16,0,0,23,0,760,178,18,3,938,21,23,0
12/16/2020,ROUTT,1,10,0,0,11,0,770,179,18,3,949,21,11,0
12/17/2020,ROUTT,0,5,0,0,5,0,775,179,18,3,954,21,5,0
12/18/2020,ROUTT,0,4,0,0,4,0,779,179,18,3,958,21,4,0
12/19/2020,ROUTT,2,5,0,0,7,0,784,181,18,3,965,21,7,0
12/20/2020,ROUTT,1,4,0,0,5,0,788,182,18,3,970,21,5,0
12/21/2020,ROUTT,4,3,0,0,7,0,791,186,18,3,977,21,7,0
12/22/2020,ROUTT,4,9,0,0,13,0,800,190,18,3,990,21,13,0
12/23/2020,ROUTT,1,7,0,0,8,0,807,191,18,3,998,21,8,0
12/24/2020,ROUTT,1,8,0,0,9,0,815,192,18,3,1007,21,9,0
12/25/2020,ROUTT,0,6,0,0,6,0,821,192,18,3,1013,21,6,0
12/26/2020,ROUTT,1,1,0,0,2,0,822,193,18,3,1015,21,2,0
12/27/2020,ROUTT,2,1,0,0,3,0,823,195,18,3,1018,21,3,0
12/28/2020,ROUTT,4,2,0,0,6,0,825,199,18,3,1024,21,6,0
12/29/2020,ROUTT,0,8,0,0,8,0,833,199,18,3,1032,21,8,0
12/30/2020,ROUTT,2,12,0,0,14,0,845,201,18,3,1046,21,14,0
12/31/2020,ROUTT,6,9,0,1,15,1,854,207,19,3,1061,22,15,1
01/01/2021,ROUTT,0,11,0,0,11,0,865,207,19,3,1072,22,11,0
01/02/2021,ROUTT,2,3,0,0,5,0,868,209,19,3,1077,22,5,0
01/03/2021,ROUTT,3,1,0,0,4,0,869,212,19,3,1081,22,4,0
01/04/2021,ROUTT,9,1,0,0,10,0,870,221,19,3,1091,22,10,0
01/05/2021,ROUTT,7,3,0,0,10,0,873,228,19,3,1101,22,10,0
01/06/2021,ROUTT,3,18,0,0,21,0,891,231,19,3,1122,22,21,0
01/07/2021,ROUTT,7,26,0,0,33,0,917,238,19,3,1155,22,33,0
01/08/2021,ROUTT,5,8,0,0,13,0,925,243,19,3,1168,22,13,0
01/09/2021,ROUTT,5,4,0,0,9,0,929,248,19,3,1177,22,9,0
01/10/2021,ROUTT,1,12,0,0,13,0,941,249,19,3,1190,22,13,0
01/11/2021,ROUTT,9,20,0,0,29,0,961,258,19,3,1219,22,29,0
01/12/2021,ROUTT,5,18,0,0,23,0,979,263,19,3,1242,22,23,0
01/13/2021,ROUTT,4,20,0,0,24,0,999,267,19,3,1266,22,24,0
01/14/2021,ROUTT,1,27,0,0,28,0,1026,268,19,3,1294,22,28,0
01/15/2021,ROUTT,9,18,0,0,27,0,1044,277,19,3,1321,22,27,0
01/16/2021,ROUTT,4,17,0,0,21,0,1061,281,19,3,1342,22,21,0
01/17/2021,ROUTT,2,9,0,0,11,0,1070,283,19,3,1353,22,11,0
01/18/2021,ROUTT,13,9,0,0,22,0,1079,296,19,3,1375,22,22,0
01/19/2021,ROUTT,10,5,0,0,15,0,1084,306,19,3,1390,22,15,0
01/20/2021,ROUTT,12,24,0,0,36,0,1108,318,19,3,1426,22,36,0
01/21/2021,ROUTT,7,22,0,0,29,0,1130,325,19,3,1455,22,29,0
01/22/2021,ROUTT,3,30,0,0,33,0,1160,328,19,3,1488,22,33,0
01/23/2021,ROUTT,0,27,0,0,27,0,1187,328,19,3,1515,22,27,0
01/24/2021,ROUTT,10,9,0,0,19,0,1196,338,19,3,1534,22,19,0
01/25/2021,ROUTT,5,1,0,0,6,0,1197,343,19,3,1540,22,6,0
01/26/2021,ROUTT,5,18,0,0,23,0,1215,348,19,3,1563,22,23,0
01/27/2021,ROUTT,2,15,0,0,17,0,1230,350,19,3,1580,22,17,0
01/28/2021,ROUTT,1,13,0,0,14,0,1243,351,19,3,1594,22,14,0
01/29/2021,ROUTT,3,17,0,0,20,0,1260,354,19,3,1614,22,20,0
01/30/2021,ROUTT,4,16,0,0,20,0,1276,358,19,3,1634,22,20,0
01/31/2021,ROUTT,1,8,0,0,9,0,1284,359,19,3,1643,22,9,0
02/01/2021,ROUTT,7,7,0,0,14,0,1291,366,19,3,1657,22,14,0
02/02/2021,ROUTT,2,12,0,0,14,0,1303,368,19,3,1671,22,14,0
02/03/2021,ROUTT,4,17,0,0,21,0,1320,372,19,3,1692,22,21,0
02/04/2021,ROUTT,1,17,0,0,18,0,1337,373,19,3,1710,22,18,0
02/05/2021,ROUTT,1,9,0,0,10,0,1346,374,19,3,1720,22,10,0
02/06/2021,ROUTT,1,12,0,0,13,0,1358,375,19,3,1733,22,13,0
02/07/2021,ROUTT,1,6,0,0,7,0,1364,376,19,3,1740,22,7,0
02/08/2021,ROUTT,2,2,0,0,4,0,1366,378,19,3,1744,22,4,0
02/09/2021,ROUTT,9,9,0,0,18,0,1375,387,19,3,1762,22,18,0
02/10/2021,ROUTT,4,6,0,0,10,0,1381,391,19,3,1772,22,10,0
02/11/2021,ROUTT,4,9,0,0,13,0,1390,395,19,3,1785,22,13,0
02/12/2021,ROUTT,2,7,0,0,9,0,1397,397,19,3,1794,22,9,0
02/13/2021,ROUTT,1,11,0,0,12,0,1408,398,19,3,1806,22,12,0
02/14/2021,ROUTT,1,1,0,0,2,0,1409,399,19,3,1808,22,2,0
02/15/2021,ROUTT,0,2,0,0,2,0,1411,399,19,3,1810,22,2,0
02/16/2021,ROUTT,1,6,0,0,7,0,1417,400,19,3,1817,22,7,0
02/17/2021,ROUTT,1,7,0,0,8,0,1424,401,19,3,1825,22,8,0
02/18/2021,ROUTT,1,6,0,0,7,0,1430,402,19,3,1832,22,7,0
02/19/2021,ROUTT,2,5,0,0,7,0,1435,404,19,3,1839,22,7,0
02/20/2021,ROUTT,0,6,0,0,6,0,1441,404,19,3,1845,22,6,0
02/21/2021,ROUTT,1,2,0,0,3,0,1443,405,19,3,1848,22,3,0
02/22/2021,ROUTT,4,4,0,0,8,0,1447,409,19,3,1856,22,8,0
02/23/2021,ROUTT,4,10,0,0,14,0,1457,413,19,3,1870,22,14,0
02/24/2021,ROUTT,0,3,0,0,3,0,1460,413,19,3,1873,22,3,0
02/25/2021,ROUTT,2,5,0,0,7,0,1465,415,19,3,1880,22,7,0
02/26/2021,ROUTT,4,8,0,0,12,0,1473,419,19,3,1892,22,12,0
02/27/2021,ROUTT,4,4,0,0,8,0,1477,423,19,3,1900,22,8,0
02/28/2021,ROUTT,0,2,0,0,2,0,1479,423,19,3,1902,22,2,0
03/01/2021,ROUTT,2,3,0,0,5,0,1482,425,19,3,1907,22,5,0
03/02/2021,ROUTT,2,7,0,0,9,0,1489,427,19,3,1916,22,9,0
03/03/2021,ROUTT,3,8,0,0,11,0,1497,430,19,3,1927,22,11,0
03/04/2021,ROUTT,4,3,0,0,7,0,1500,434,19,3,1934,22,7,0
03/05/2021,ROUTT,1,6,0,0,7,0,1506,435,19,3,1941,22,7,0
03/06/2021,ROUTT,4,8,0,0,12,0,1514,439,19,3,1953,22,12,0
03/07/2021,ROUTT,0,1,0,0,1,0,1515,439,19,3,1954,22,1,0
03/08/2021,ROUTT,2,5,0,0,7,0,1520,441,19,3,1961,22,7,0
03/09/2021,ROUTT,2,8,0,0,10,0,1528,443,19,3,1971,22,10,0
03/10/2021,ROUTT,3,5,0,0,8,0,1533,446,19,3,1979,22,8,0
03/11/2021,ROUTT,4,6,0,0,10,0,1539,450,19,3,1989,22,10,0
03/12/2021,ROUTT,2,6,0,0,8,0,1545,452,19,3,1997,22,8,0
03/13/2021,ROUTT,1,3,0,0,4,0,1548,453,19,3,2001,22,4,0
03/15/2021,ROUTT,1,1,0,0,2,0,1549,454,19,3,2003,22,2,0
03/16/2021,ROUTT,0,3,0,0,3,0,1552,454,19,3,2006,22,3,0
03/17/2021,ROUTT,0,1,0,0,1,0,1553,454,19,3,2007,22,1,0
03/18/2021,ROUTT,0,15,0,0,15,0,1568,454,19,3,2022,22,15,0
03/19/2021,ROUTT,1,8,0,0,9,0,1576,455,19,3,2031,22,9,0
03/20/2021,ROUTT,0,2,0,0,2,0,1578,455,19,3,2033,22,2,0
03/21/2021,ROUTT,2,6,0,0,8,0,1584,457,19,3,2041,22,8,0
03/22/2021,ROUTT,2,0,0,0,2,0,1584,459,19,3,2043,22,2,0
03/23/2021,ROUTT,3,5,0,0,8,0,1589,462,19,3,2051,22,8,0
03/24/2021,ROUTT,0,5,0,0,5,0,1594,462,19,3,2056,22,5,0
03/25/2021,ROUTT,2,6,0,0,8,0,1600,464,19,3,2064,22,8,0
03/26/2021,ROUTT,1,3,0,0,4,0,1603,465,19,3,2068,22,4,0
03/27/2021,ROUTT,3,3,0,0,6,0,1606,468,19,3,2074,22,6,0
03/28/2021,ROUTT,1,2,0,0,3,0,1608,469,19,3,2077,22,3,0
03/29/2021,ROUTT,0,2,0,1,2,1,1610,469,20,3,2079,23,2,1
03/30/2021,ROUTT,3,4,0,0,7,0,1614,472,20,3,2086,23,7,0
03/31/2021,ROUTT,1,8,0,0,9,0,1622,473,20,3,2095,23,9,0
04/01/2021,ROUTT,3,2,0,0,5,0,1624,476,20,3,2100,23,5,0
04/02/2021,ROUTT,2,5,0,0,7,0,1629,478,20,3,2107,23,7,0
04/03/2021,ROUTT,1,4,0,0,5,0,1633,479,20,3,2112,23,5,0
04/04/2021,ROUTT,0,1,0,0,1,0,1634,479,20,3,2113,23,1,0
04/05/2021,ROUTT,6,1,0,0,7,0,1635,485,20,3,2120,23,7,0
04/06/2021,ROUTT,2,9,0,0,11,0,1644,487,20,3,2131,23,11,0
04/07/2021,ROUTT,0,6,0,0,6,0,1650,487,20,3,2137,23,6,0
04/08/2021,ROUTT,3,6,0,0,9,0,1656,490,20,3,2146,23,9,0
04/09/2021,ROUTT,0,8,0,0,8,0,1664,490,20,3,2154,23,8,0
04/10/2021,ROUTT,1,4,0,0,5,0,1668,491,20,3,2159,23,5,0
04/12/2021,ROUTT,1,0,0,0,1,0,1668,492,20,3,2160,23,1,0
04/13/2021,ROUTT,1,1,0,0,2,0,1669,493,20,3,2162,23,2,0
04/14/2021,ROUTT,2,3,0,0,5,0,1672,495,20,3,2167,23,5,0
04/15/2021,ROUTT,1,3,0,0,4,0,1675,496,20,3,2171,23,4,0
04/16/2021,ROUTT,0,2,0,0,2,0,1677,496,20,3,2173,23,2,0
04/17/2021,ROUTT,0,3,0,0,3,0,1680,496,20,3,2176,23,3,0
04/18/2021,ROUTT,1,1,0,0,2,0,1681,497,20,3,2178,23,2,0
04/19/2021,ROUTT,1,0,0,0,1,0,1681,498,20,3,2179,23,1,0
04/20/2021,ROUTT,1,1,0,0,2,0,1682,499,20,3,2181,23,2,0
04/21/2021,ROUTT,0,2,0,0,2,0,1684,499,20,3,2183,23,2,0
04/22/2021,ROUTT,1,2,0,0,3,0,1686,500,20,3,2186,23,3,0
04/23/2021,ROUTT,1,0,0,0,1,0,1686,501,20,3,2187,23,1,0
04/24/2021,ROUTT,0,2,0,0,2,0,1688,501,20,3,2189,23,2,0
04/25/2021,ROUTT,1,2,0,0,3,0,1690,502,20,3,2192,23,3,0
04/26/2021,ROUTT,0,1,0,0,1,0,1691,502,20,3,2193,23,1,0
04/27/2021,ROUTT,2,2,0,0,4,0,1693,504,20,3,2197,23,4,0
04/28/2021,ROUTT,1,1,0,0,2,0,1694,505,20,3,2199,23,2,0
04/29/2021,ROUTT,1,3,0,0,4,0,1697,506,20,3,2203,23,4,0
04/30/2021,ROUTT,3,2,0,0,5,0,1699,509,20,3,2208,23,5,0
05/02/2021,ROUTT,0,1,0,0,1,0,1700,509,20,3,2209,23,1,0
05/03/2021,ROUTT,1,0,0,0,1,0,1700,510,20,3,2210,23,1,0
05/04/2021,ROUTT,0,5,0,0,5,0,1705,510,20,3,2215,23,5,0
05/06/2021,ROUTT,0,4,0,0,4,0,1709,510,20,3,2219,23,4,0
05/07/2021,ROUTT,0,3,0,0,3,0,1712,510,20,3,2222,23,3,0
05/08/2021,ROUTT,0,3,0,0,3,0,1715,510,20,3,2225,23,3,0
05/09/2021,ROUTT,0,2,0,0,2,0,1717,510,20,3,2227,23,2,0
05/10/2021,ROUTT,0,1,0,0,1,0,1718,510,20,3,2228,23,1,0
05/11/2021,ROUTT,0,2,0,0,2,0,1720,510,20,3,2230,23,2,0
05/12/2021,ROUTT,1,0,0,0,1,0,1720,511,20,3,2231,23,1,0
05/13/2021,ROUTT,1,3,0,0,4,0,1723,512,20,3,2235,23,4,0
05/14/2021,ROUTT,0,2,0,0,2,0,1725,512,20,3,2237,23,2,0
05/15/2021,ROUTT,0,2,0,0,2,0,1727,512,20,3,2239,23,2,0
05/17/2021,ROUTT,2,3,0,0,5,0,1730,514,20,3,2244,23,5,0
05/18/2021,ROUTT,2,3,0,0,5,0,1733,516,20,3,2249,23,5,0
05/19/2021,ROUTT,1,0,0,0,1,0,1733,517,20,3,2250,23,1,0
05/20/2021,ROUTT,3,3,0,0,6,0,1736,520,20,3,2256,23,6,0
05/21/2021,ROUTT,2,2,0,0,4,0,1738,522,20,3,2260,23,4,0
05/22/2021,ROUTT,0,1,0,0,1,0,1739,522,20,3,2261,23,1,0
05/24/2021,ROUTT,3,10,0,0,13,0,1749,525,20,3,2274,23,13,0
05/25/2021,ROUTT,3,2,0,1,5,1,1751,528,21,3,2279,24,5,1
05/26/2021,ROUTT,1,0,0,0,1,0,1751,529,21,3,2280,24,1,0
05/27/2021,ROUTT,0,4,0,0,4,0,1755,529,21,3,2284,24,4,0
05/29/2021,ROUTT,0,1,0,0,1,0,1756,529,21,3,2285,24,1,0
05/30/2021,ROUTT,0,1,0,0,1,0,1757,529,21,3,2286,24,1,0
06/02/2021,ROUTT,3,0,0,0,3,0,1757,532,21,3,2289,24,3,0
06/04/2021,ROUTT,0,1,0,0,1,0,1758,532,21,3,2290,24,1,0
06/05/2021,ROUTT,1,0,0,0,1,0,1758,533,21,3,2291,24,1,0
06/07/2021,ROUTT,2,2,0,0,4,0,1760,535,21,3,2295,24,4,0
06/11/2021,ROUTT,0,1,0,0,1,0,1761,535,21,3,2296,24,1,0
06/12/2021,ROUTT,1,2,0,0,3,0,1763,536,21,3,2299,24,3,0
06/14/2021,ROUTT,0,2,0,0,2,0,1765,536,21,3,2301,24,2,0
06/15/2021,ROUTT,0,2,0,0,2,0,1767,536,21,3,2303,24,2,0
06/16/2021,ROUTT,2,3,0,0,5,0,1770,538,21,3,2308,24,5,0
06/19/2021,ROUTT,0,1,0,0,1,0,1771,538,21,3,2309,24,1,0
06/23/2021,ROUTT,0,2,0,0,2,0,1773,538,21,3,2311,24,2,0
06/24/2021,ROUTT,0,2,0,0,2,0,1775,538,21,3,2313,24,2,0
06/26/2021,ROUTT,0,2,0,0,2,0,1777,538,21,3,2315,24,2,0
06/28/2021,ROUTT,0,1,0,0,1,0,1778,538,21,3,2316,24,1,0
06/29/2021,ROUTT,0,2,0,0,2,0,1780,538,21,3,2318,24,2,0
06/30/2021,ROUTT,0,3,0,0,3,0,1783,538,21,3,2321,24,3,0
07/01/2021,ROUTT,1,4,0,0,5,0,1787,539,21,3,2326,24,5,0
07/02/2021,ROUTT,0,2,0,0,2,0,1789,539,21,3,2328,24,2,0
07/03/2021,ROUTT,1,4,0,0,5,0,1793,540,21,3,2333,24,5,0
07/04/2021,ROUTT,1,2,0,0,3,0,1795,541,21,3,2336,24,3,0
07/05/2021,ROUTT,0,1,0,0,1,0,1796,541,21,3,2337,24,1,0
07/06/2021,ROUTT,5,4,0,0,9,0,1800,546,21,3,2346,24,9,0
07/07/2021,ROUTT,1,6,0,0,7,0,1806,547,21,3,2353,24,7,0
07/08/2021,ROUTT,1,6,0,0,7,0,1812,548,21,3,2360,24,7,0
07/09/2021,ROUTT,5,1,0,0,6,0,1813,553,21,3,2366,24,6,0
07/10/2021,ROUTT,0,13,0,0,13,0,1826,553,21,3,2379,24,13,0
07/11/2021,ROUTT,0,1,0,0,1,0,1827,553,21,3,2380,24,1,0
07/12/2021,ROUTT,0,2,0,0,2,0,1829,553,21,3,2382,24,2,0
07/13/2021,ROUTT,0,4,0,0,4,0,1833,553,21,3,2386,24,4,0
07/14/2021,ROUTT,4,2,0,0,6,0,1835,557,21,3,2392,24,6,0
07/15/2021,ROUTT,1,4,0,0,5,0,1839,558,21,3,2397,24,5,0
07/16/2021,ROUTT,5,7,0,0,12,0,1846,563,21,3,2409,24,12,0
07/17/2021,ROUTT,0,2,0,0,2,0,1848,563,21,3,2411,24,2,0
07/18/2021,ROUTT,0,1,0,0,1,0,1849,563,21,3,2412,24,1,0
07/19/2021,ROUTT,4,1,0,0,5,0,1850,567,21,3,2417,24,5,0
07/20/2021,ROUTT,1,3,0,0,4,0,1853,568,21,3,2421,24,4,0
07/21/2021,ROUTT,2,6,0,0,8,0,1859,570,21,3,2429,24,8,0
07/23/2021,ROUTT,2,1,0,0,3,0,1860,572,21,3,2432,24,3,0
07/24/2021,ROUTT,0,3,0,0,3,0,1863,572,21,3,2435,24,3,0
07/25/2021,ROUTT,0,4,0,0,4,0,1867,572,21,3,2439,24,4,0
07/26/2021,ROUTT,1,3,0,0,4,0,1870,573,21,3,2443,24,4,0
07/27/2021,ROUTT,0,3,0,0,3,0,1873,573,21,3,2446,24,3,0
07/28/2021,ROUTT,0,7,0,0,7,0,1880,573,21,3,2453,24,7,0
07/29/2021,ROUTT,4,2,0,0,6,0,1882,577,21,3,2459,24,6,0
07/30/2021,ROUTT,1,4,0,0,5,0,1886,578,21,3,2464,24,5,0
07/31/2021,ROUTT,0,1,0,0,1,0,1887,578,21,3,2465,24,1,0
08/01/2021,ROUTT,1,5,0,0,6,0,1892,579,21,3,2471,24,6,0
08/02/2021,ROUTT,2,4,0,0,6,0,1896,581,21,3,2477,24,6,0
08/03/2021,ROUTT,0,6,0,0,6,0,1902,581,21,3,2483,24,6,0
08/04/2021,ROUTT,1,6,0,0,7,0,1908,582,21,3,2490,24,7,0
08/05/2021,ROUTT,0,2,0,0,2,0,1910,582,21,3,2492,24,2,0
08/07/2021,ROUTT,0,2,0,0,2,0,1912,582,21,3,2494,24,2,0
08/09/2021,ROUTT,3,6,0,0,9,0,1918,585,21,3,2503,24,9,0
08/10/2021,ROUTT,2,2,0,0,4,0,1920,587,21,3,2507,24,4,0
08/11/2021,ROUTT,3,6,0,0,9,0,1926,590,21,3,2516,24,9,0
08/12/2021,ROUTT,3,5,0,0,8,0,1931,593,21,3,2524,24,8,0
08/13/2021,ROUTT,3,15,0,0,18,0,1946,596,21,3,2542,24,18,0
08/14/2021,ROUTT,1,9,0,0,10,0,1955,597,21,3,2552,24,10,0
08/15/2021,ROUTT,2,3,0,0,5,0,1958,599,21,3,2557,24,5,0
08/16/2021,ROUTT,1,8,0,0,9,0,1966,600,21,3,2566,24,9,0
08/17/2021,ROUTT,1,9,0,0,10,0,1975,601,21,3,2576,24,10,0
08/18/2021,ROUTT,2,14,0,0,16,0,1989,603,21,3,2592,24,16,0
08/19/2021,ROUTT,2,8,0,0,10,0,1997,605,21,3,2602,24,10,0
08/20/2021,ROUTT,2,6,0,0,8,0,2003,607,21,3,2610,24,8,0
08/21/2021,ROUTT,1,2,0,0,3,0,2005,608,21,3,2613,24,3,0
08/22/2021,ROUTT,2,10,0,0,12,0,2015,610,21,3,2625,24,12,0
08/23/2021,ROUTT,3,5,0,0,8,0,2020,613,21,3,2633,24,8,0
08/24/2021,ROUTT,0,7,0,0,7,0,2027,613,21,3,2640,24,7,0
08/25/2021,ROUTT,1,13,0,0,14,0,2040,614,21,3,2654,24,14,0
08/26/2021,ROUTT,1,13,0,0,14,0,2053,615,21,3,2668,24,14,0
08/27/2021,ROUTT,2,5,0,0,7,0,2058,617,21,3,2675,24,7,0
08/29/2021,ROUTT,1,8,0,0,9,0,2066,618,21,3,2684,24,9,0
08/30/2021,ROUTT,3,12,0,0,15,0,2078,621,21,3,2699,24,15,0
08/31/2021,ROUTT,4,16,0,0,20,0,2094,625,21,3,2719,24,20,0
09/01/2021,ROUTT,3,10,0,0,13,0,2104,628,21,3,2732,24,13,0
09/02/2021,ROUTT,1,13,0,0,14,0,2117,629,21,3,2746,24,14,0
09/03/2021,ROUTT,2,13,0,0,15,0,2130,631,21,3,2761,24,15,0
09/04/2021,ROUTT,3,10,0,0,13,0,2140,634,21,3,2774,24,13,0
09/05/2021,ROUTT,2,5,0,0,7,0,2145,636,21,3,2781,24,7,0
09/06/2021,ROUTT,4,3,0,0,7,0,2148,640,21,3,2788,24,7,0
09/07/2021,ROUTT,7,11,0,0,18,0,2159,647,21,3,2806,24,18,0
09/08/2021,ROUTT,10,24,0,0,34,0,2183,657,21,3,2840,24,34,0
09/09/2021,ROUTT,10,20,0,0,30,0,2203,667,21,3,2870,24,30,0
09/10/2021,ROUTT,12,14,0,0,26,0,2217,679,21,3,2896,24,26,0
09/11/2021,ROUTT,6,5,0,0,11,0,2222,685,21,3,2907,24,11,0
09/12/2021,ROUTT,7,5,0,1,12,1,2227,692,22,3,2919,25,12,1
09/13/2021,ROUTT,8,8,0,0,16,0,2235,700,22,3,2935,25,16,0
09/14/2021,ROUTT,7,9,0,0,16,0,2244,707,22,3,2951,25,16,0
09/15/2021,ROUTT,5,10,0,0,15,0,2254,712,22,3,2966,25,15,0
09/16/2021,ROUTT,2,13,0,0,15,0,2267,714,22,3,2981,25,15,0
09/17/2021,ROUTT,2,9,0,0,11,0,2276,716,22,3,2992,25,11,0
09/18/2021,ROUTT,3,4,0,0,7,0,2280,719,22,3,2999,25,7,0
09/19/2021,ROUTT,0,7,0,0,7,0,2287,719,22,3,3006,25,7,0
09/20/2021,ROUTT,8,7,0,0,15,0,2294,727,22,3,3021,25,15,0
09/21/2021,ROUTT,9,9,0,0,18,0,2303,736,22,3,3039,25,18,0
09/22/2021,ROUTT,5,7,0,0,12,0,2310,741,22,3,3051,25,12,0
09/23/2021,ROUTT,4,9,0,0,13,0,2319,745,22,3,3064,25,13,0
09/24/2021,ROUTT,5,9,0,0,14,0,2328,750,22,3,3078,25,14,0
09/25/2021,ROUTT,1,9,0,0,10,0,2337,751,22,3,3088,25,10,0
09/26/2021,ROUTT,2,2,0,0,4,0,2339,753,22,3,3092,25,4,0
09/27/2021,ROUTT,6,6,0,0,12,0,2345,759,22,3,3104,25,12,0
09/28/2021,ROUTT,3,9,0,0,12,0,2354,762,22,3,3116,25,12,0
09/29/2021,ROUTT,3,6,0,0,9,0,2360,765,22,3,3125,25,9,0
09/30/2021,ROUTT,3,7,0,0,10,0,2367,768,22,3,3135,25,10,0
10/01/2021,ROUTT,6,8,0,0,14,0,2375,774,22,3,3149,25,14,0
10/02/2021,ROUTT,0,14,0,0,14,0,2389,774,22,3,3163,25,14,0
10/03/2021,ROUTT,1,0,0,0,1,0,2389,775,22,3,3164,25,1,0
10/04/2021,ROUTT,2,11,0,0,13,0,2400,777,22,3,3177,25,13,0
10/05/2021,ROUTT,4,6,0,0,10,0,2406,781,22,3,3187,25,10,0
10/06/2021,ROUTT,4,5,0,0,9,0,2411,785,22,3,3196,25,9,0
10/07/2021,ROUTT,4,14,0,0,18,0,2425,789,22,3,3214,25,18,0
10/08/2021,ROUTT,0,13,0,0,13,0,2438,789,22,3,3227,25,13,0
10/09/2021,ROUTT,0,6,0,1,6,1,2444,789,23,3,3233,26,6,1
10/10/2021,ROUTT,0,8,0,0,8,0,2452,789,23,3,3241,26,8,0
10/11/2021,ROUTT,4,10,0,0,14,0,2462,793,23,3,3255,26,14,0
10/12/2021,ROUTT,9,2,0,0,11,0,2464,802,23,3,3266,26,11,0
10/13/2021,ROUTT,1,9,0,0,10,0,2473,803,23,3,3276,26,10,0
10/14/2021,ROUTT,2,3,0,0,5,0,2476,805,23,3,3281,26,5,0
10/15/2021,ROUTT,3,7,0,0,10,0,2483,808,23,3,3291,26,10,0
10/16/2021,ROUTT,0,7,0,0,7,0,2490,808,23,3,3298,26,7,0
10/17/2021,ROUTT,1,3,0,0,4,0,2493,809,23,3,3302,26,4,0
10/18/2021,ROUTT,9,12,0,0,21,0,2505,818,23,3,3323,26,21,0
10/19/2021,ROUTT,4,9,0,0,13,0,2514,822,23,3,3336,26,13,0
10/20/2021,ROUTT,3,13,0,0,16,0,2527,825,23,3,3352,26,16,0
10/21/2021,ROUTT,2,7,0,0,9,0,2534,827,23,3,3361,26,9,0
10/22/2021,ROUTT,2,8,0,0,10,0,2542,829,23,3,3371,26,10,0
10/23/2021,ROUTT,0,4,0,0,4,0,2546,829,23,3,3375,26,4,0
10/24/2021,ROUTT,3,4,0,0,7,0,2550,832,23,3,3382,26,7,0
10/25/2021,ROUTT,8,4,0,0,12,0,2554,840,23,3,3394,26,12,0
10/26/2021,ROUTT,6,19,0,0,25,0,2573,846,23,3,3419,26,25,0
10/27/2021,ROUTT,7,10,0,0,17,0,2583,853,23,3,3436,26,17,0
10/28/2021,ROUTT,4,9,0,0,13,0,2592,857,23,3,3449,26,13,0
10/29/2021,ROUTT,3,15,0,0,18,0,2607,860,23,3,3467,26,18,0
10/30/2021,ROUTT,0,9,0,0,9,0,2616,860,23,3,3476,26,9,0
10/31/2021,ROUTT,2,7,0,0,9,0,2623,862,23,3,3485,26,9,0
11/01/2021,ROUTT,5,11,0,0,16,0,2634,867,23,3,3501,26,16,0
11/02/2021,ROUTT,9,13,0,0,22,0,2647,876,23,3,3523,26,22,0
11/03/2021,ROUTT,10,12,0,0,22,0,2659,886,23,3,3545,26,22,0
11/04/2021,ROUTT,7,12,0,0,19,0,2671,893,23,3,3564,26,19,0
11/05/2021,ROUTT,2,15,0,0,17,0,2686,895,23,3,3581,26,17,0
11/06/2021,ROUTT,4,8,0,0,12,0,2694,899,23,3,3593,26,12,0
11/07/2021,ROUTT,2,13,0,0,15,0,2707,901,23,3,3608,26,15,0
11/08/2021,ROUTT,14,12,0,0,26,0,2719,915,23,3,3634,26,26,0
11/09/2021,ROUTT,14,15,0,0,29,0,2734,929,23,3,3663,26,29,0
11/10/2021,ROUTT,3,14,0,0,17,0,2748,932,23,3,3680,26,17,0
11/11/2021,ROUTT,5,16,0,0,21,0,2764,937,23,3,3701,26,21,0
11/12/2021,ROUTT,3,7,0,0,10,0,2771,940,23,3,3711,26,10,0
11/13/2021,ROUTT,0,14,0,0,14,0,2785,940,23,3,3725,26,14,0
11/14/2021,ROUTT,1,8,0,0,9,0,2793,941,23,3,3734,26,9,0
11/15/2021,ROUTT,11,13,0,0,24,0,2806,952,23,3,3758,26,24,0
11/16/2021,ROUTT,5,5,0,0,10,0,2811,957,23,3,3768,26,10,0
11/17/2021,ROUTT,2,11,0,0,13,0,2822,959,23,3,3781,26,13,0
11/18/2021,ROUTT,2,9,0,0,11,0,2831,961,23,3,3792,26,11,0
11/19/2021,ROUTT,2,5,0,0,7,0,2836,963,23,3,3799,26,7,0
11/20/2021,ROUTT,0,3,0,0,3,0,2839,963,23,3,3802,26,3,0
11/21/2021,ROUTT,0,12,0,0,12,0,2851,963,23,3,3814,26,12,0
11/22/2021,ROUTT,2,8,0,0,10,0,2859,965,23,3,3824,26,10,0
11/23/2021,ROUTT,4,8,0,0,12,0,2867,969,23,3,3836,26,12,0
11/24/2021,ROUTT,2,2,0,0,4,0,2869,971,23,3,3840,26,4,0
11/25/2021,ROUTT,0,2,0,0,2,0,2871,971,23,3,3842,26,2,0
11/26/2021,ROUTT,1,2,0,1,3,1,2873,972,24,3,3845,27,3,1
11/27/2021,ROUTT,3,2,0,0,5,0,2875,975,24,3,3850,27,5,0
11/28/2021,ROUTT,0,2,0,0,2,0,2877,975,24,3,3852,27,2,0
11/29/2021,ROUTT,4,6,0,0,10,0,2883,979,24,3,3862,27,10,0
11/30/2021,ROUTT,0,4,0,0,4,0,2887,979,24,3,3866,27,4,0
12/01/2021,ROUTT,0,12,0,0,12,0,2899,979,24,3,3878,27,12,0
12/02/2021,ROUTT,3,11,0,0,14,0,2910,982,24,3,3892,27,14,0
12/03/2021,ROUTT,1,5,0,0,6,0,2915,983,24,3,3898,27,6,0
12/04/2021,ROUTT,0,4,0,0,4,0,2919,983,24,3,3902,27,4,0
12/06/2021,ROUTT,0,2,0,0,2,0,2921,983,24,3,3904,27,2,0
12/07/2021,ROUTT,1,5,0,0,6,0,2926,984,24,3,3910,27,6,0
12/08/2021,ROUTT,0,5,0,0,5,0,2931,984,24,3,3915,27,5,0
12/09/2021,ROUTT,0,4,0,0,4,0,2935,984,24,3,3919,27,4,0
12/10/2021,ROUTT,2,2,0,0,4,0,2937,986,24,3,3923,27,4,0
12/11/2021,ROUTT,0,3,0,0,3,0,2940,986,24,3,3926,27,3,0
12/13/2021,ROUTT,5,4,0,0,9,0,2944,991,24,3,3935,27,9,0
12/14/2021,ROUTT,3,3,0,0,6,0,2947,994,24,3,3941,27,6,0
12/15/2021,ROUTT,0,2,0,0,2,0,2949,994,24,3,3943,27,2,0
12/16/2021,ROUTT,2,3,0,0,5,0,2952,996,24,3,3948,27,5,0
12/17/2021,ROUTT,2,5,0,0,7,0,2957,998,24,3,3955,27,7,0
12/18/2021,ROUTT,0,7,0,0,7,0,2964,998,24,3,3962,27,7,0
12/19/2021,ROUTT,1,3,0,0,4,0,2967,999,24,3,3966,27,4,0
12/20/2021,ROUTT,2,8,0,0,10,0,2975,1001,24,3,3976,27,10,0
12/21/2021,ROUTT,4,12,0,0,16,0,2987,1005,24,3,3992,27,16,0
12/22/2021,ROUTT,6,12,0,0,18,0,2999,1011,24,3,4010,27,18,0
12/23/2021,ROUTT,8,22,0,0,30,0,3021,1019,24,3,4040,27,30,0
12/24/2021,ROUTT,7,24,0,0,31,0,3045,1026,24,3,4071,27,31,0
12/25/2021,ROUTT,0,8,0,0,8,0,3053,1026,24,3,4079,27,8,0
12/26/2021,ROUTT,9,8,0,0,17,0,3061,1035,24,3,4096,27,17,0
12/27/2021,ROUTT,28,72,0,0,100,0,3133,1063,24,3,4196,27,100,0
12/28/2021,ROUTT,12,65,0,0,77,0,3198,1075,24,3,4273,27,77,0
12/29/2021,ROUTT,32,62,0,0,94,0,3260,1107,24,3,4367,27,94,0
12/30/2021,ROUTT,14,29,0,0,43,0,3289,1121,24,3,4410,27,43,0
12/31/2021,ROUTT,7,105,0,0,112,0,3394,1128,24,3,4522,27,112,0
01/01/2022,ROUTT,6,26,0,0,32,0,3420,1134,24,3,4554,27,32,0
01/02/2022,ROUTT,8,37,0,0,45,0,3457,1142,24,3,4599,27,45,0
01/03/2022,ROUTT,31,31,0,0,62,0,3488,1173,24,3,4661,27,62,0
01/04/2022,ROUTT,40,132,0,0,172,0,3620,1213,24,3,4833,27,172,0
01/05/2022,ROUTT,27,48,0,0,75,0,3668,1240,24,3,4908,27,75,0
01/06/2022,ROUTT,29,23,0,0,52,0,3691,1269,24,3,4960,27,52,0
01/07/2022,ROUTT,21,51,0,0,72,0,3742,1290,24,3,5032,27,72,0
01/08/2022,ROUTT,6,34,0,0,40,0,3776,1296,24,3,5072,27,40,0
01/09/2022,ROUTT,4,46,0,0,50,0,3822,1300,24,3,5122,27,50,0
01/10/2022,ROUTT,22,50,0,0,72,0,3872,1322,24,3,5194,27,72,0
01/11/2022,ROUTT,21,88,0,0,109,0,3960,1343,24,3,5303,27,109,0
01/12/2022,ROUTT,17,63,0,0,80,0,4023,1360,24,3,5383,27,80,0
01/13/2022,ROUTT,18,65,0,0,83,0,4088,1378,24,3,5466,27,83,0
01/14/2022,ROUTT,11,49,0,0,60,0,4137,1389,24,3,5526,27,60,0
01/15/2022,ROUTT,3,21,0,0,24,0,4158,1392,24,3,5550,27,24,0
01/16/2022,ROUTT,3,16,0,0,19,0,4174,1395,24,3,5569,27,19,0
01/17/2022,ROUTT,10,31,0,0,41,0,4205,1405,24,3,5610,27,41,0
01/18/2022,ROUTT,10,60,0,0,70,0,4265,1415,24,3,5680,27,70,0
01/19/2022,ROUTT,13,30,0,0,43,0,4295,1428,24,3,5723,27,43,0
01/20/2022,ROUTT,18,25,0,0,43,0,4320,1446,24,3,5766,27,43,0
01/21/2022,ROUTT,9,39,0,0,48,0,4359,1455,24,3,5814,27,48,0
01/22/2022,ROUTT,2,26,0,0,28,0,4385,1457,24,3,5842,27,28,0
01/23/2022,ROUTT,1,20,0,0,21,0,4405,1458,24,3,5863,27,21,0
01/24/2022,ROUTT,9,17,0,0,26,0,4422,1467,24,3,5889,27,26,0
01/25/2022,ROUTT,10,24,0,0,34,0,4446,1477,24,3,5923,27,34,0
01/26/2022,ROUTT,8,13,0,0,21,0,4459,1485,24,3,5944,27,21,0
01/27/2022,ROUTT,11,8,0,0,19,0,4467,1496,24,3,5963,27,19,0
01/28/2022,ROUTT,8,18,0,0,26,0,4485,1504,24,3,5989,27,26,0
01/29/2022,ROUTT,4,12,0,0,16,0,4497,1508,24,3,6005,27,16,0
01/30/2022,ROUTT,0,6,0,0,6,0,4503,1508,24,3,6011,27,6,0
01/31/2022,ROUTT,5,14,0,0,19,0,4517,1513,24,3,6030,27,19,0
02/01/2022,ROUTT,9,8,0,0,17,0,4525,1522,24,3,6047,27,17,0
02/02/2022,ROUTT,6,15,0,0,21,0,4540,1528,24,3,6068,27,21,0
02/03/2022,ROUTT,6,19,0,0,25,0,4559,1534,24,3,6093,27,25,0
02/04/2022,ROUTT,2,4,0,0,6,0,4563,1536,24,3,6099,27,6,0
02/05/2022,ROUTT,1,4,0,0,5,0,4567,1537,24,3,6104,27,5,0
02/06/2022,ROUTT,0,1,0,0,1,0,4568,1537,24,3,6105,27,1,0
02/07/2022,ROUTT,10,10,0,0,20,0,4578,1547,24,3,6125,27,20,0
02/08/2022,ROUTT,4,6,0,0,10,0,4584,1551,24,3,6135,27,10,0
02/09/2022,ROUTT,3,3,0,0,6,0,4587,1554,24,3,6141,27,6,0
02/10/2022,ROUTT,2,3,0,0,5,0,4590,1556,24,3,6146,27,5,0
02/11/2022,ROUTT,0,2,0,0,2,0,4592,1556,24,3,6148,27,2,0
02/12/2022,ROUTT,1,2,0,0,3,0,4594,1557,24,3,6151,27,3,0
02/13/2022,ROUTT,0,1,0,0,1,0,4595,1557,24,3,6152,27,1,0
02/14/2022,ROUTT,5,2,0,0,7,0,4597,1562,24,3,6159,27,7,0
02/15/2022,ROUTT,4,2,0,0,6,0,4599,1566,24,3,6165,27,6,0
02/16/2022,ROUTT,2,3,0,0,5,0,4602,1568,24,3,6170,27,5,0
02/17/2022,ROUTT,2,7,0,0,9,0,4609,1570,24,3,6179,27,9,0
02/18/2022,ROUTT,2,4,0,0,6,0,4613,1572,24,3,6185,27,6,0
02/19/2022,ROUTT,4,3,0,0,7,0,4616,1576,24,3,6192,27,7,0
02/20/2022,ROUTT,1,4,0,0,5,0,4620,1577,24,3,6197,27,5,0
02/21/2022,ROUTT,2,2,0,0,4,0,4622,1579,24,3,6201,27,4,0
02/22/2022,ROUTT,3,10,0,0,13,0,4632,1582,24,3,6214,27,13,0
02/23/2022,ROUTT,4,6,0,0,10,0,4638,1586,24,3,6224,27,10,0
02/24/2022,ROUTT,2,8,0,0,10,0,4646,1588,24,3,6234,27,10,0
02/25/2022,ROUTT,1,7,0,0,8,0,4653,1589,24,3,6242,27,8,0
02/26/2022,ROUTT,0,5,0,0,5,0,4658,1589,24,3,6247,27,5,0
02/27/2022,ROUTT,0,1,0,0,1,0,4659,1589,24,3,6248,27,1,0
02/28/2022,ROUTT,6,4,0,0,10,0,4663,1595,24,3,6258,27,10,0
03/01/2022,ROUTT,5,5,0,0,10,0,4668,1600,24,3,6268,27,10,0
03/02/2022,ROUTT,1,3,0,0,4,0,4671,1601,24,3,6272,27,4,0
03/03/2022,ROUTT,2,1,0,0,3,0,4672,1603,24,3,6275,27,3,0
03/04/2022,ROUTT,2,0,0,0,2,0,4672,1605,24,3,6277,27,2,0
03/05/2022,ROUTT,0,3,0,0,3,0,4675,1605,24,3,6280,27,3,0
03/06/2022,ROUTT,0,2,0,0,2,0,4677,1605,24,3,6282,27,2,0
03/07/2022,ROUTT,0,1,0,0,1,0,4678,1605,24,3,6283,27,1,0
03/08/2022,ROUTT,3,3,0,0,6,0,4681,1608,24,3,6289,27,6,0
03/09/2022,ROUTT,0,3,0,0,3,0,4684,1608,24,3,6292,27,3,0
03/10/2022,ROUTT,0,4,0,0,4,0,4688,1608,24,3,6296,27,4,0
03/11/2022,ROUTT,0,3,0,0,3,0,4691,1608,24,3,6299,27,3,0
03/12/2022,ROUTT,0,1,0,0,1,0,4692,1608,24,3,6300,27,1,0
03/13/2022,ROUTT,0,1,0,0,1,0,4693,1608,24,3,6301,27,1,0
03/14/2022,ROUTT,1,5,0,0,6,0,4698,1609,24,3,6307,27,6,0
03/15/2022,ROUTT,0,6,0,0,6,0,4704,1609,24,3,6313,27,6,0
03/17/2022,ROUTT,1,0,0,0,1,0,4704,1610,24,3,6314,27,1,0
03/18/2022,ROUTT,5,1,0,0,6,0,4705,1615,24,3,6320,27,6,0
03/19/2022,ROUTT,1,0,0,0,1,0,4705,1616,24,3,6321,27,1,0
03/30/2020,SAGUACHE,0,1,0,0,1,0,1,0,0,0,1,0,-6320,-27
04/01/2020,SAGUACHE,2,0,0,0,2,0,1,2,0,0,3,0,2,0
05/07/2020,SAGUACHE,0,1,0,0,1,0,2,2,0,0,4,0,1,0
05/08/2020,SAGUACHE,0,1,0,0,1,0,3,2,0,0,5,0,1,0
05/10/2020,SAGUACHE,0,2,0,0,2,0,5,2,0,0,7,0,2,0
05/11/2020,SAGUACHE,0,1,0,1,1,1,6,2,1,0,8,1,1,1
05/13/2020,SAGUACHE,3,4,0,0,7,0,10,5,1,0,15,1,7,0
05/14/2020,SAGUACHE,0,1,0,0,1,0,11,5,1,0,16,1,1,0
05/17/2020,SAGUACHE,1,0,0,0,1,0,11,6,1,0,17,1,1,0
05/18/2020,SAGUACHE,0,1,0,0,1,0,12,6,1,0,18,1,1,0
05/20/2020,SAGUACHE,0,2,0,0,2,0,14,6,1,0,20,1,2,0
05/21/2020,SAGUACHE,0,3,0,0,3,0,17,6,1,0,23,1,3,0
05/22/2020,SAGUACHE,0,1,0,0,1,0,18,6,1,0,24,1,1,0
05/23/2020,SAGUACHE,0,1,0,0,1,0,19,6,1,0,25,1,1,0
05/24/2020,SAGUACHE,2,19,0,1,21,1,38,8,2,0,46,2,21,1
05/25/2020,SAGUACHE,0,14,0,0,14,0,52,8,2,0,60,2,14,0
05/26/2020,SAGUACHE,0,1,0,0,1,0,53,8,2,0,61,2,1,0
05/28/2020,SAGUACHE,0,2,0,0,2,0,55,8,2,0,63,2,2,0
05/29/2020,SAGUACHE,0,20,0,0,20,0,75,8,2,0,83,2,20,0
05/30/2020,SAGUACHE,0,5,0,0,5,0,80,8,2,0,88,2,5,0
05/31/2020,SAGUACHE,0,1,0,0,1,0,81,8,2,0,89,2,1,0
06/04/2020,SAGUACHE,0,3,0,0,3,0,84,8,2,0,92,2,3,0
06/05/2020,SAGUACHE,0,1,0,0,1,0,85,8,2,0,93,2,1,0
06/07/2020,SAGUACHE,0,2,0,0,2,0,87,8,2,0,95,2,2,0
06/09/2020,SAGUACHE,0,1,0,0,1,0,88,8,2,0,96,2,1,0
06/13/2020,SAGUACHE,0,1,0,0,1,0,89,8,2,0,97,2,1,0
06/17/2020,SAGUACHE,0,1,0,0,1,0,90,8,2,0,98,2,1,0
06/18/2020,SAGUACHE,0,2,0,0,2,0,92,8,2,0,100,2,2,0
06/24/2020,SAGUACHE,0,1,0,0,1,0,93,8,2,0,101,2,1,0
06/27/2020,SAGUACHE,0,2,0,0,2,0,95,8,2,0,103,2,2,0
07/12/2020,SAGUACHE,0,1,0,0,1,0,96,8,2,0,104,2,1,0
07/20/2020,SAGUACHE,0,1,0,0,1,0,97,8,2,0,105,2,1,0
07/23/2020,SAGUACHE,0,1,0,0,1,0,98,8,2,0,106,2,1,0
08/13/2020,SAGUACHE,0,1,0,0,1,0,99,8,2,0,107,2,1,0
08/15/2020,SAGUACHE,0,1,0,0,1,0,100,8,2,0,108,2,1,0
08/23/2020,SAGUACHE,0,1,0,0,1,0,101,8,2,0,109,2,1,0
08/25/2020,SAGUACHE,0,1,0,0,1,0,102,8,2,0,110,2,1,0
08/30/2020,SAGUACHE,0,1,0,0,1,0,103,8,2,0,111,2,1,0
09/28/2020,SAGUACHE,0,1,0,0,1,0,104,8,2,0,112,2,1,0
10/05/2020,SAGUACHE,0,1,0,0,1,0,105,8,2,0,113,2,1,0
10/06/2020,SAGUACHE,0,1,0,0,1,0,106,8,2,0,114,2,1,0
10/08/2020,SAGUACHE,0,2,0,0,2,0,108,8,2,0,116,2,2,0
10/10/2020,SAGUACHE,0,1,0,0,1,0,109,8,2,0,117,2,1,0
10/12/2020,SAGUACHE,0,1,0,0,1,0,110,8,2,0,118,2,1,0
10/13/2020,SAGUACHE,0,5,0,0,5,0,115,8,2,0,123,2,5,0
10/14/2020,SAGUACHE,0,4,0,0,4,0,119,8,2,0,127,2,4,0
10/15/2020,SAGUACHE,0,3,0,0,3,0,122,8,2,0,130,2,3,0
10/17/2020,SAGUACHE,0,1,0,0,1,0,123,8,2,0,131,2,1,0
10/18/2020,SAGUACHE,0,1,0,0,1,0,124,8,2,0,132,2,1,0
10/20/2020,SAGUACHE,0,1,0,0,1,0,125,8,2,0,133,2,1,0
10/23/2020,SAGUACHE,0,2,0,0,2,0,127,8,2,0,135,2,2,0
10/25/2020,SAGUACHE,0,2,0,0,2,0,129,8,2,0,137,2,2,0
10/27/2020,SAGUACHE,0,1,0,0,1,0,130,8,2,0,138,2,1,0
10/28/2020,SAGUACHE,0,4,0,0,4,0,134,8,2,0,142,2,4,0
10/30/2020,SAGUACHE,0,3,0,0,3,0,137,8,2,0,145,2,3,0
10/31/2020,SAGUACHE,0,1,0,0,1,0,138,8,2,0,146,2,1,0
11/02/2020,SAGUACHE,1,2,0,0,3,0,140,9,2,0,149,2,3,0
11/03/2020,SAGUACHE,0,4,0,0,4,0,144,9,2,0,153,2,4,0
11/04/2020,SAGUACHE,0,1,0,0,1,0,145,9,2,0,154,2,1,0
11/05/2020,SAGUACHE,0,7,0,0,7,0,152,9,2,0,161,2,7,0
11/06/2020,SAGUACHE,0,6,0,0,6,0,158,9,2,0,167,2,6,0
11/07/2020,SAGUACHE,0,4,0,0,4,0,162,9,2,0,171,2,4,0
11/08/2020,SAGUACHE,0,2,0,0,2,0,164,9,2,0,173,2,2,0
11/09/2020,SAGUACHE,0,10,0,0,10,0,174,9,2,0,183,2,10,0
11/10/2020,SAGUACHE,0,2,0,0,2,0,176,9,2,0,185,2,2,0
11/11/2020,SAGUACHE,0,1,0,0,1,0,177,9,2,0,186,2,1,0
11/12/2020,SAGUACHE,0,4,0,0,4,0,181,9,2,0,190,2,4,0
11/13/2020,SAGUACHE,0,3,0,0,3,0,184,9,2,0,193,2,3,0
11/15/2020,SAGUACHE,0,1,0,0,1,0,185,9,2,0,194,2,1,0
11/16/2020,SAGUACHE,0,1,0,0,1,0,186,9,2,0,195,2,1,0
11/17/2020,SAGUACHE,0,2,0,0,2,0,188,9,2,0,197,2,2,0
11/18/2020,SAGUACHE,0,2,0,0,2,0,190,9,2,0,199,2,2,0
11/20/2020,SAGUACHE,0,3,0,0,3,0,193,9,2,0,202,2,3,0
11/22/2020,SAGUACHE,0,1,0,0,1,0,194,9,2,0,203,2,1,0
11/23/2020,SAGUACHE,0,2,0,0,2,0,196,9,2,0,205,2,2,0
11/24/2020,SAGUACHE,0,2,0,0,2,0,198,9,2,0,207,2,2,0
11/25/2020,SAGUACHE,0,6,0,0,6,0,204,9,2,0,213,2,6,0
11/26/2020,SAGUACHE,0,5,0,0,5,0,209,9,2,0,218,2,5,0
11/27/2020,SAGUACHE,0,1,0,0,1,0,210,9,2,0,219,2,1,0
11/28/2020,SAGUACHE,0,4,0,0,4,0,214,9,2,0,223,2,4,0
11/29/2020,SAGUACHE,0,1,0,0,1,0,215,9,2,0,224,2,1,0
11/30/2020,SAGUACHE,0,5,0,1,5,1,220,9,3,0,229,3,5,1
12/01/2020,SAGUACHE,0,2,0,0,2,0,222,9,3,0,231,3,2,0
12/02/2020,SAGUACHE,0,4,0,1,4,1,226,9,4,0,235,4,4,1
12/03/2020,SAGUACHE,0,1,0,0,1,0,227,9,4,0,236,4,1,0
12/04/2020,SAGUACHE,0,1,0,0,1,0,228,9,4,0,237,4,1,0
12/07/2020,SAGUACHE,0,2,0,0,2,0,230,9,4,0,239,4,2,0
12/08/2020,SAGUACHE,0,2,0,0,2,0,232,9,4,0,241,4,2,0
12/09/2020,SAGUACHE,0,1,0,0,1,0,233,9,4,0,242,4,1,0
12/10/2020,SAGUACHE,0,2,0,0,2,0,235,9,4,0,244,4,2,0
12/12/2020,SAGUACHE,0,2,0,0,2,0,237,9,4,0,246,4,2,0
12/13/2020,SAGUACHE,0,1,0,0,1,0,238,9,4,0,247,4,1,0
12/15/2020,SAGUACHE,0,1,0,0,1,0,239,9,4,0,248,4,1,0
12/16/2020,SAGUACHE,0,1,0,0,1,0,240,9,4,0,249,4,1,0
12/17/2020,SAGUACHE,0,4,0,0,4,0,244,9,4,0,253,4,4,0
12/18/2020,SAGUACHE,0,1,0,0,1,0,245,9,4,0,254,4,1,0
12/21/2020,SAGUACHE,0,2,0,0,2,0,247,9,4,0,256,4,2,0
12/23/2020,SAGUACHE,1,3,0,0,4,0,250,10,4,0,260,4,4,0
12/27/2020,SAGUACHE,0,1,0,0,1,0,251,10,4,0,261,4,1,0
12/28/2020,SAGUACHE,0,1,0,0,1,0,252,10,4,0,262,4,1,0
12/30/2020,SAGUACHE,0,3,0,0,3,0,255,10,4,0,265,4,3,0
12/31/2020,SAGUACHE,0,1,0,0,1,0,256,10,4,0,266,4,1,0
01/03/2021,SAGUACHE,0,1,0,0,1,0,257,10,4,0,267,4,1,0
01/05/2021,SAGUACHE,0,3,0,0,3,0,260,10,4,0,270,4,3,0
01/06/2021,SAGUACHE,0,1,0,0,1,0,261,10,4,0,271,4,1,0
01/07/2021,SAGUACHE,1,2,0,0,3,0,263,11,4,0,274,4,3,0
01/08/2021,SAGUACHE,0,4,0,0,4,0,267,11,4,0,278,4,4,0
01/09/2021,SAGUACHE,0,2,0,0,2,0,269,11,4,0,280,4,2,0
01/13/2021,SAGUACHE,0,1,0,0,1,0,270,11,4,0,281,4,1,0
01/14/2021,SAGUACHE,0,2,0,0,2,0,272,11,4,0,283,4,2,0
01/15/2021,SAGUACHE,1,3,0,0,4,0,275,12,4,0,287,4,4,0
01/19/2021,SAGUACHE,0,1,0,0,1,0,276,12,4,0,288,4,1,0
01/22/2021,SAGUACHE,0,2,0,0,2,0,278,12,4,0,290,4,2,0
01/24/2021,SAGUACHE,0,1,0,0,1,0,279,12,4,0,291,4,1,0
01/28/2021,SAGUACHE,0,1,0,0,1,0,280,12,4,0,292,4,1,0
02/01/2021,SAGUACHE,2,0,0,0,2,0,280,14,4,0,294,4,2,0
02/05/2021,SAGUACHE,0,1,0,0,1,0,281,14,4,0,295,4,1,0
02/07/2021,SAGUACHE,0,1,0,0,1,0,282,14,4,0,296,4,1,0
02/09/2021,SAGUACHE,0,3,0,0,3,0,285,14,4,0,299,4,3,0
02/10/2021,SAGUACHE,0,1,0,0,1,0,286,14,4,0,300,4,1,0
02/11/2021,SAGUACHE,1,2,0,0,3,0,288,15,4,0,303,4,3,0
02/12/2021,SAGUACHE,0,1,0,0,1,0,289,15,4,0,304,4,1,0
02/13/2021,SAGUACHE,0,3,0,0,3,0,292,15,4,0,307,4,3,0
02/14/2021,SAGUACHE,0,1,0,0,1,0,293,15,4,0,308,4,1,0
02/16/2021,SAGUACHE,0,2,0,0,2,0,295,15,4,0,310,4,2,0
02/18/2021,SAGUACHE,1,0,0,0,1,0,295,16,4,0,311,4,1,0
02/19/2021,SAGUACHE,0,1,0,0,1,0,296,16,4,0,312,4,1,0
02/20/2021,SAGUACHE,0,1,0,0,1,0,297,16,4,0,313,4,1,0
02/21/2021,SAGUACHE,0,2,0,0,2,0,299,16,4,0,315,4,2,0
02/22/2021,SAGUACHE,0,2,0,0,2,0,301,16,4,0,317,4,2,0
02/23/2021,SAGUACHE,0,1,0,0,1,0,302,16,4,0,318,4,1,0
02/26/2021,SAGUACHE,0,2,0,0,2,0,304,16,4,0,320,4,2,0
02/27/2021,SAGUACHE,0,1,0,0,1,0,305,16,4,0,321,4,1,0
03/02/2021,SAGUACHE,0,2,0,0,2,0,307,16,4,0,323,4,2,0
03/04/2021,SAGUACHE,0,1,0,0,1,0,308,16,4,0,324,4,1,0
03/09/2021,SAGUACHE,0,1,0,0,1,0,309,16,4,0,325,4,1,0
03/14/2021,SAGUACHE,0,1,0,0,1,0,310,16,4,0,326,4,1,0
03/25/2021,SAGUACHE,0,2,0,0,2,0,312,16,4,0,328,4,2,0
03/26/2021,SAGUACHE,0,1,0,0,1,0,313,16,4,0,329,4,1,0
03/27/2021,SAGUACHE,0,1,0,0,1,0,314,16,4,0,330,4,1,0
03/29/2021,SAGUACHE,2,0,0,0,2,0,314,18,4,0,332,4,2,0
04/02/2021,SAGUACHE,0,1,0,0,1,0,315,18,4,0,333,4,1,0
04/03/2021,SAGUACHE,0,2,0,0,2,0,317,18,4,0,335,4,2,0
04/05/2021,SAGUACHE,0,1,0,0,1,0,318,18,4,0,336,4,1,0
04/07/2021,SAGUACHE,0,2,0,0,2,0,320,18,4,0,338,4,2,0
04/09/2021,SAGUACHE,0,1,0,0,1,0,321,18,4,0,339,4,1,0
04/10/2021,SAGUACHE,0,4,0,0,4,0,325,18,4,0,343,4,4,0
04/12/2021,SAGUACHE,0,2,0,0,2,0,327,18,4,0,345,4,2,0
04/13/2021,SAGUACHE,1,1,0,0,2,0,328,19,4,0,347,4,2,0
04/14/2021,SAGUACHE,0,1,0,0,1,0,329,19,4,0,348,4,1,0
04/15/2021,SAGUACHE,0,1,0,0,1,0,330,19,4,0,349,4,1,0
04/16/2021,SAGUACHE,0,1,0,0,1,0,331,19,4,0,350,4,1,0
04/17/2021,SAGUACHE,0,1,0,0,1,0,332,19,4,0,351,4,1,0
04/18/2021,SAGUACHE,0,1,0,0,1,0,333,19,4,0,352,4,1,0
04/19/2021,SAGUACHE,2,3,0,0,5,0,336,21,4,0,357,4,5,0
04/20/2021,SAGUACHE,0,1,0,0,1,0,337,21,4,0,358,4,1,0
04/21/2021,SAGUACHE,0,2,0,0,2,0,339,21,4,0,360,4,2,0
04/22/2021,SAGUACHE,0,1,0,0,1,0,340,21,4,0,361,4,1,0
04/23/2021,SAGUACHE,1,5,0,0,6,0,345,22,4,0,367,4,6,0
04/30/2021,SAGUACHE,0,2,0,0,2,0,347,22,4,0,369,4,2,0
05/01/2021,SAGUACHE,0,4,0,0,4,0,351,22,4,0,373,4,4,0
05/02/2021,SAGUACHE,0,5,0,0,5,0,356,22,4,0,378,4,5,0
05/03/2021,SAGUACHE,0,1,0,0,1,0,357,22,4,0,379,4,1,0
05/04/2021,SAGUACHE,2,2,0,0,4,0,359,24,4,0,383,4,4,0
05/05/2021,SAGUACHE,0,1,0,0,1,0,360,24,4,0,384,4,1,0
05/06/2021,SAGUACHE,1,0,0,0,1,0,360,25,4,0,385,4,1,0
05/07/2021,SAGUACHE,0,1,0,0,1,0,361,25,4,0,386,4,1,0
05/09/2021,SAGUACHE,1,0,0,0,1,0,361,26,4,0,387,4,1,0
05/10/2021,SAGUACHE,1,2,0,1,3,1,363,27,5,0,390,5,3,1
05/11/2021,SAGUACHE,2,0,0,0,2,0,363,29,5,0,392,5,2,0
05/12/2021,SAGUACHE,0,1,0,0,1,0,364,29,5,0,393,5,1,0
05/13/2021,SAGUACHE,0,1,0,0,1,0,365,29,5,0,394,5,1,0
05/14/2021,SAGUACHE,0,2,0,0,2,0,367,29,5,0,396,5,2,0
05/17/2021,SAGUACHE,1,0,0,0,1,0,367,30,5,0,397,5,1,0
05/18/2021,SAGUACHE,1,2,0,0,3,0,369,31,5,0,400,5,3,0
05/21/2021,SAGUACHE,0,1,0,0,1,0,370,31,5,0,401,5,1,0
05/23/2021,SAGUACHE,0,1,0,0,1,0,371,31,5,0,402,5,1,0
05/24/2021,SAGUACHE,0,1,0,0,1,0,372,31,5,0,403,5,1,0
05/31/2021,SAGUACHE,0,2,0,0,2,0,374,31,5,0,405,5,2,0
06/03/2021,SAGUACHE,0,1,0,0,1,0,375,31,5,0,406,5,1,0
06/04/2021,SAGUACHE,4,2,0,0,6,0,377,35,5,0,412,5,6,0
06/06/2021,SAGUACHE,3,0,0,0,3,0,377,38,5,0,415,5,3,0
06/08/2021,SAGUACHE,4,0,0,0,4,0,377,42,5,0,419,5,4,0
06/09/2021,SAGUACHE,1,2,0,0,3,0,379,43,5,0,422,5,3,0
06/11/2021,SAGUACHE,2,2,0,0,4,0,381,45,5,0,426,5,4,0
06/12/2021,SAGUACHE,0,1,0,0,1,0,382,45,5,0,427,5,1,0
06/13/2021,SAGUACHE,2,0,0,0,2,0,382,47,5,0,429,5,2,0
06/15/2021,SAGUACHE,1,1,0,0,2,0,383,48,5,0,431,5,2,0
06/16/2021,SAGUACHE,0,1,0,0,1,0,384,48,5,0,432,5,1,0
06/17/2021,SAGUACHE,1,1,0,0,2,0,385,49,5,0,434,5,2,0
06/18/2021,SAGUACHE,1,1,0,0,2,0,386,50,5,0,436,5,2,0
06/20/2021,SAGUACHE,0,1,0,0,1,0,387,50,5,0,437,5,1,0
06/21/2021,SAGUACHE,2,0,0,0,2,0,387,52,5,0,439,5,2,0
06/22/2021,SAGUACHE,0,3,0,0,3,0,390,52,5,0,442,5,3,0
06/23/2021,SAGUACHE,0,1,0,0,1,0,391,52,5,0,443,5,1,0
06/24/2021,SAGUACHE,2,1,0,1,3,1,392,54,6,0,446,6,3,1
06/25/2021,SAGUACHE,0,3,0,0,3,0,395,54,6,0,449,6,3,0
06/26/2021,SAGUACHE,0,1,0,0,1,0,396,54,6,0,450,6,1,0
06/27/2021,SAGUACHE,2,2,0,0,4,0,398,56,6,0,454,6,4,0
06/28/2021,SAGUACHE,0,1,0,0,1,0,399,56,6,0,455,6,1,0
06/29/2021,SAGUACHE,0,2,0,0,2,0,401,56,6,0,457,6,2,0
06/30/2021,SAGUACHE,0,3,0,0,3,0,404,56,6,0,460,6,3,0
07/02/2021,SAGUACHE,0,2,0,0,2,0,406,56,6,0,462,6,2,0
07/03/2021,SAGUACHE,0,1,0,0,1,0,407,56,6,0,463,6,1,0
07/05/2021,SAGUACHE,0,1,0,0,1,0,408,56,6,0,464,6,1,0
07/06/2021,SAGUACHE,0,1,0,1,1,1,409,56,7,0,465,7,1,1
07/08/2021,SAGUACHE,0,1,0,1,1,1,410,56,8,0,466,8,1,1
07/09/2021,SAGUACHE,0,1,0,0,1,0,411,56,8,0,467,8,1,0
07/12/2021,SAGUACHE,1,0,0,0,1,0,411,57,8,0,468,8,1,0
07/18/2021,SAGUACHE,0,1,0,0,1,0,412,57,8,0,469,8,1,0
07/19/2021,SAGUACHE,0,2,0,0,2,0,414,57,8,0,471,8,2,0
07/22/2021,SAGUACHE,1,2,0,0,3,0,416,58,8,0,474,8,3,0
07/25/2021,SAGUACHE,0,1,0,0,1,0,417,58,8,0,475,8,1,0
07/26/2021,SAGUACHE,1,0,0,0,1,0,417,59,8,0,476,8,1,0
07/28/2021,SAGUACHE,0,1,0,0,1,0,418,59,8,0,477,8,1,0
07/29/2021,SAGUACHE,0,1,0,0,1,0,419,59,8,0,478,8,1,0
07/30/2021,SAGUACHE,1,0,0,0,1,0,419,60,8,0,479,8,1,0
08/02/2021,SAGUACHE,1,0,0,0,1,0,419,61,8,0,480,8,1,0
08/06/2021,SAGUACHE,0,1,0,0,1,0,420,61,8,0,481,8,1,0
08/08/2021,SAGUACHE,0,1,0,0,1,0,421,61,8,0,482,8,1,0
08/09/2021,SAGUACHE,0,1,0,0,1,0,422,61,8,0,483,8,1,0
08/10/2021,SAGUACHE,0,1,0,0,1,0,423,61,8,0,484,8,1,0
08/12/2021,SAGUACHE,0,2,0,0,2,0,425,61,8,0,486,8,2,0
08/16/2021,SAGUACHE,1,2,0,0,3,0,427,62,8,0,489,8,3,0
08/17/2021,SAGUACHE,0,1,0,0,1,0,428,62,8,0,490,8,1,0
08/18/2021,SAGUACHE,0,1,0,0,1,0,429,62,8,0,491,8,1,0
08/19/2021,SAGUACHE,0,2,0,0,2,0,431,62,8,0,493,8,2,0
08/21/2021,SAGUACHE,0,1,0,0,1,0,432,62,8,0,494,8,1,0
08/24/2021,SAGUACHE,0,2,0,0,2,0,434,62,8,0,496,8,2,0
08/25/2021,SAGUACHE,0,1,0,0,1,0,435,62,8,0,497,8,1,0
08/28/2021,SAGUACHE,0,1,0,0,1,0,436,62,8,0,498,8,1,0
08/29/2021,SAGUACHE,0,3,0,0,3,0,439,62,8,0,501,8,3,0
08/30/2021,SAGUACHE,0,6,0,0,6,0,445,62,8,0,507,8,6,0
08/31/2021,SAGUACHE,0,1,0,0,1,0,446,62,8,0,508,8,1,0
09/02/2021,SAGUACHE,2,1,0,0,3,0,447,64,8,0,511,8,3,0
09/03/2021,SAGUACHE,1,0,0,0,1,0,447,65,8,0,512,8,1,0
09/04/2021,SAGUACHE,0,1,0,0,1,0,448,65,8,0,513,8,1,0
09/07/2021,SAGUACHE,0,1,0,0,1,0,449,65,8,0,514,8,1,0
09/08/2021,SAGUACHE,0,2,0,0,2,0,451,65,8,0,516,8,2,0
09/09/2021,SAGUACHE,0,8,0,0,8,0,459,65,8,0,524,8,8,0
09/10/2021,SAGUACHE,1,2,0,0,3,0,461,66,8,0,527,8,3,0
09/12/2021,SAGUACHE,0,7,0,0,7,0,468,66,8,0,534,8,7,0
09/13/2021,SAGUACHE,2,1,0,0,3,0,469,68,8,0,537,8,3,0
09/15/2021,SAGUACHE,6,2,0,0,8,0,471,74,8,0,545,8,8,0
09/16/2021,SAGUACHE,3,2,0,0,5,0,473,77,8,0,550,8,5,0
09/17/2021,SAGUACHE,1,1,0,0,2,0,474,78,8,0,552,8,2,0
09/18/2021,SAGUACHE,0,1,0,0,1,0,475,78,8,0,553,8,1,0
09/19/2021,SAGUACHE,0,1,0,0,1,0,476,78,8,0,554,8,1,0
09/20/2021,SAGUACHE,3,0,0,0,3,0,476,81,8,0,557,8,3,0
09/21/2021,SAGUACHE,5,2,0,0,7,0,478,86,8,0,564,8,7,0
09/22/2021,SAGUACHE,4,3,0,0,7,0,481,90,8,0,571,8,7,0
09/23/2021,SAGUACHE,2,5,0,0,7,0,486,92,8,0,578,8,7,0
09/24/2021,SAGUACHE,0,4,0,0,4,0,490,92,8,0,582,8,4,0
09/26/2021,SAGUACHE,2,2,0,0,4,0,492,94,8,0,586,8,4,0
09/27/2021,SAGUACHE,4,4,0,0,8,0,496,98,8,0,594,8,8,0
09/28/2021,SAGUACHE,5,2,0,0,7,0,498,103,8,0,601,8,7,0
09/29/2021,SAGUACHE,3,5,0,0,8,0,503,106,8,0,609,8,8,0
09/30/2021,SAGUACHE,0,1,0,0,1,0,504,106,8,0,610,8,1,0
10/01/2021,SAGUACHE,0,3,0,0,3,0,507,106,8,0,613,8,3,0
10/02/2021,SAGUACHE,2,2,0,0,4,0,509,108,8,0,617,8,4,0
10/03/2021,SAGUACHE,0,4,0,0,4,0,513,108,8,0,621,8,4,0
10/04/2021,SAGUACHE,7,1,0,0,8,0,514,115,8,0,629,8,8,0
10/05/2021,SAGUACHE,2,4,0,0,6,0,518,117,8,0,635,8,6,0
10/06/2021,SAGUACHE,2,3,0,0,5,0,521,119,8,0,640,8,5,0
10/07/2021,SAGUACHE,3,2,0,0,5,0,523,122,8,0,645,8,5,0
10/08/2021,SAGUACHE,0,5,0,0,5,0,528,122,8,0,650,8,5,0
10/10/2021,SAGUACHE,0,1,0,0,1,0,529,122,8,0,651,8,1,0
10/11/2021,SAGUACHE,6,0,0,0,6,0,529,128,8,0,657,8,6,0
10/12/2021,SAGUACHE,1,0,0,0,1,0,529,129,8,0,658,8,1,0
10/13/2021,SAGUACHE,0,1,0,0,1,0,530,129,8,0,659,8,1,0
10/14/2021,SAGUACHE,2,2,0,0,4,0,532,131,8,0,663,8,4,0
10/15/2021,SAGUACHE,0,2,0,0,2,0,534,131,8,0,665,8,2,0
10/19/2021,SAGUACHE,3,1,0,0,4,0,535,134,8,0,669,8,4,0
10/20/2021,SAGUACHE,0,4,0,0,4,0,539,134,8,0,673,8,4,0
10/21/2021,SAGUACHE,0,2,0,0,2,0,541,134,8,0,675,8,2,0
10/22/2021,SAGUACHE,0,3,0,0,3,0,544,134,8,0,678,8,3,0
10/23/2021,SAGUACHE,0,1,0,0,1,0,545,134,8,0,679,8,1,0
10/24/2021,SAGUACHE,0,3,0,0,3,0,548,134,8,0,682,8,3,0
10/25/2021,SAGUACHE,4,0,0,0,4,0,548,138,8,0,686,8,4,0
10/26/2021,SAGUACHE,1,0,0,0,1,0,548,139,8,0,687,8,1,0
10/27/2021,SAGUACHE,2,3,0,0,5,0,551,141,8,0,692,8,5,0
10/28/2021,SAGUACHE,0,2,0,0,2,0,553,141,8,0,694,8,2,0
10/29/2021,SAGUACHE,0,3,0,0,3,0,556,141,8,0,697,8,3,0
10/30/2021,SAGUACHE,0,1,0,0,1,0,557,141,8,0,698,8,1,0
11/01/2021,SAGUACHE,7,0,0,0,7,0,557,148,8,0,705,8,7,0
11/02/2021,SAGUACHE,3,0,0,0,3,0,557,151,8,0,708,8,3,0
11/03/2021,SAGUACHE,0,4,0,0,4,0,561,151,8,0,712,8,4,0
11/04/2021,SAGUACHE,1,3,0,0,4,0,564,152,8,0,716,8,4,0
11/05/2021,SAGUACHE,0,1,0,0,1,0,565,152,8,0,717,8,1,0
11/06/2021,SAGUACHE,0,4,0,0,4,0,569,152,8,0,721,8,4,0
11/07/2021,SAGUACHE,0,4,0,0,4,0,573,152,8,0,725,8,4,0
11/08/2021,SAGUACHE,3,4,0,0,7,0,577,155,8,0,732,8,7,0
11/09/2021,SAGUACHE,6,3,0,0,9,0,580,161,8,0,741,8,9,0
11/10/2021,SAGUACHE,2,9,0,0,11,0,589,163,8,0,752,8,11,0
11/11/2021,SAGUACHE,0,3,0,0,3,0,592,163,8,0,755,8,3,0
11/12/2021,SAGUACHE,0,3,0,0,3,0,595,163,8,0,758,8,3,0
11/13/2021,SAGUACHE,0,1,0,0,1,0,596,163,8,0,759,8,1,0
11/15/2021,SAGUACHE,2,2,0,0,4,0,598,165,8,0,763,8,4,0
11/16/2021,SAGUACHE,3,2,0,0,5,0,600,168,8,0,768,8,5,0
11/17/2021,SAGUACHE,2,6,0,1,8,1,606,170,9,0,776,9,8,1
11/18/2021,SAGUACHE,2,2,0,0,4,0,608,172,9,0,780,9,4,0
11/19/2021,SAGUACHE,1,1,0,0,2,0,609,173,9,0,782,9,2,0
11/20/2021,SAGUACHE,0,2,0,0,2,0,611,173,9,0,784,9,2,0
11/21/2021,SAGUACHE,0,2,0,0,2,0,613,173,9,0,786,9,2,0
11/22/2021,SAGUACHE,1,2,0,0,3,0,615,174,9,0,789,9,3,0
11/23/2021,SAGUACHE,0,3,0,0,3,0,618,174,9,0,792,9,3,0
11/24/2021,SAGUACHE,0,1,0,1,1,1,619,174,10,0,793,10,1,1
11/26/2021,SAGUACHE,0,2,0,0,2,0,621,174,10,0,795,10,2,0
11/27/2021,SAGUACHE,0,1,0,0,1,0,622,174,10,0,796,10,1,0
11/29/2021,SAGUACHE,2,0,0,0,2,0,622,176,10,0,798,10,2,0
11/30/2021,SAGUACHE,3,2,0,0,5,0,624,179,10,0,803,10,5,0
12/01/2021,SAGUACHE,0,1,0,0,1,0,625,179,10,0,804,10,1,0
12/02/2021,SAGUACHE,3,4,0,0,7,0,629,182,10,0,811,10,7,0
12/03/2021,SAGUACHE,1,1,0,0,2,0,630,183,10,0,813,10,2,0
12/06/2021,SAGUACHE,4,2,0,0,6,0,632,187,10,0,819,10,6,0
12/07/2021,SAGUACHE,0,3,0,0,3,0,635,187,10,0,822,10,3,0
12/08/2021,SAGUACHE,0,2,0,0,2,0,637,187,10,0,824,10,2,0
12/09/2021,SAGUACHE,0,1,0,0,1,0,638,187,10,0,825,10,1,0
12/10/2021,SAGUACHE,0,2,0,0,2,0,640,187,10,0,827,10,2,0
12/11/2021,SAGUACHE,0,1,0,0,1,0,641,187,10,0,828,10,1,0
12/16/2021,SAGUACHE,2,1,0,0,3,0,642,189,10,0,831,10,3,0
12/17/2021,SAGUACHE,0,1,0,0,1,0,643,189,10,0,832,10,1,0
12/18/2021,SAGUACHE,0,1,0,0,1,0,644,189,10,0,833,10,1,0
12/20/2021,SAGUACHE,1,0,0,0,1,0,644,190,10,0,834,10,1,0
12/21/2021,SAGUACHE,1,1,0,0,2,0,645,191,10,0,836,10,2,0
12/23/2021,SAGUACHE,0,1,0,0,1,0,646,191,10,0,837,10,1,0
12/24/2021,SAGUACHE,0,1,0,0,1,0,647,191,10,0,838,10,1,0
12/25/2021,SAGUACHE,0,1,0,1,1,1,648,191,11,0,839,11,1,1
12/26/2021,SAGUACHE,0,1,0,0,1,0,649,191,11,0,840,11,1,0
12/27/2021,SAGUACHE,0,2,0,0,2,0,651,191,11,0,842,11,2,0
12/28/2021,SAGUACHE,0,1,0,0,1,0,652,191,11,0,843,11,1,0
12/29/2021,SAGUACHE,1,0,0,0,1,0,652,192,11,0,844,11,1,0
12/30/2021,SAGUACHE,6,1,0,0,7,0,653,198,11,0,851,11,7,0
01/02/2022,SAGUACHE,0,2,0,0,2,0,655,198,11,0,853,11,2,0
01/03/2022,SAGUACHE,9,4,0,0,13,0,659,207,11,0,866,11,13,0
01/04/2022,SAGUACHE,3,4,0,0,7,0,663,210,11,0,873,11,7,0
01/05/2022,SAGUACHE,3,4,0,0,7,0,667,213,11,0,880,11,7,0
01/06/2022,SAGUACHE,3,3,0,1,6,1,670,216,12,0,886,12,6,1
01/07/2022,SAGUACHE,5,2,0,0,7,0,672,221,12,0,893,12,7,0
01/08/2022,SAGUACHE,0,4,0,0,4,0,676,221,12,0,897,12,4,0
01/09/2022,SAGUACHE,0,2,0,0,2,0,678,221,12,0,899,12,2,0
01/10/2022,SAGUACHE,3,8,0,0,11,0,686,224,12,0,910,12,11,0
01/11/2022,SAGUACHE,0,4,0,0,4,0,690,224,12,0,914,12,4,0
01/12/2022,SAGUACHE,2,5,0,0,7,0,695,226,12,0,921,12,7,0
01/13/2022,SAGUACHE,3,4,0,0,7,0,699,229,12,0,928,12,7,0
01/14/2022,SAGUACHE,1,5,0,0,6,0,704,230,12,0,934,12,6,0
01/15/2022,SAGUACHE,0,1,0,0,1,0,705,230,12,0,935,12,1,0
01/16/2022,SAGUACHE,0,4,0,0,4,0,709,230,12,0,939,12,4,0
01/17/2022,SAGUACHE,1,3,0,0,4,0,712,231,12,0,943,12,4,0
01/18/2022,SAGUACHE,10,5,0,0,15,0,717,241,12,0,958,12,15,0
01/19/2022,SAGUACHE,10,8,0,0,18,0,725,251,12,0,976,12,18,0
01/20/2022,SAGUACHE,4,11,0,0,15,0,736,255,12,0,991,12,15,0
01/21/2022,SAGUACHE,0,6,0,0,6,0,742,255,12,0,997,12,6,0
01/22/2022,SAGUACHE,0,1,0,0,1,0,743,255,12,0,998,12,1,0
01/23/2022,SAGUACHE,0,2,0,0,2,0,745,255,12,0,1000,12,2,0
01/24/2022,SAGUACHE,13,0,0,0,13,0,745,268,12,0,1013,12,13,0
01/25/2022,SAGUACHE,6,4,0,0,10,0,749,274,12,0,1023,12,10,0
01/26/2022,SAGUACHE,1,3,0,0,4,0,752,275,12,0,1027,12,4,0
01/27/2022,SAGUACHE,5,7,0,0,12,0,759,280,12,0,1039,12,12,0
01/28/2022,SAGUACHE,2,6,0,0,8,0,765,282,12,0,1047,12,8,0
01/29/2022,SAGUACHE,0,1,0,0,1,0,766,282,12,0,1048,12,1,0
01/30/2022,SAGUACHE,0,4,0,0,4,0,770,282,12,0,1052,12,4,0
01/31/2022,SAGUACHE,7,1,0,0,8,0,771,289,12,0,1060,12,8,0
02/01/2022,SAGUACHE,1,3,0,0,4,0,774,290,12,0,1064,12,4,0
02/02/2022,SAGUACHE,5,5,0,0,10,0,779,295,12,0,1074,12,10,0
02/03/2022,SAGUACHE,2,6,0,0,8,0,785,297,12,0,1082,12,8,0
02/04/2022,SAGUACHE,2,5,0,0,7,0,790,299,12,0,1089,12,7,0
02/05/2022,SAGUACHE,0,2,0,0,2,0,792,299,12,0,1091,12,2,0
02/06/2022,SAGUACHE,0,1,0,0,1,0,793,299,12,0,1092,12,1,0
02/07/2022,SAGUACHE,5,4,0,0,9,0,797,304,12,0,1101,12,9,0
02/08/2022,SAGUACHE,5,2,0,0,7,0,799,309,12,0,1108,12,7,0
02/09/2022,SAGUACHE,2,1,0,0,3,0,800,311,12,0,1111,12,3,0
02/10/2022,SAGUACHE,0,7,0,0,7,0,807,311,12,0,1118,12,7,0
02/11/2022,SAGUACHE,0,1,0,0,1,0,808,311,12,0,1119,12,1,0
02/12/2022,SAGUACHE,0,5,0,0,5,0,813,311,12,0,1124,12,5,0
02/14/2022,SAGUACHE,2,2,0,0,4,0,815,313,12,0,1128,12,4,0
02/15/2022,SAGUACHE,1,2,0,0,3,0,817,314,12,0,1131,12,3,0
02/16/2022,SAGUACHE,0,4,0,0,4,0,821,314,12,0,1135,12,4,0
02/17/2022,SAGUACHE,0,3,0,0,3,0,824,314,12,0,1138,12,3,0
02/18/2022,SAGUACHE,0,3,0,0,3,0,827,314,12,0,1141,12,3,0
02/19/2022,SAGUACHE,0,1,0,0,1,0,828,314,12,0,1142,12,1,0
02/20/2022,SAGUACHE,0,1,0,0,1,0,829,314,12,0,1143,12,1,0
02/21/2022,SAGUACHE,2,2,0,0,4,0,831,316,12,0,1147,12,4,0
02/22/2022,SAGUACHE,0,2,0,0,2,0,833,316,12,0,1149,12,2,0
02/24/2022,SAGUACHE,0,3,0,0,3,0,836,316,12,0,1152,12,3,0
02/25/2022,SAGUACHE,0,1,0,0,1,0,837,316,12,0,1153,12,1,0
02/26/2022,SAGUACHE,0,2,0,0,2,0,839,316,12,0,1155,12,2,0
02/27/2022,SAGUACHE,0,1,0,0,1,0,840,316,12,0,1156,12,1,0
02/28/2022,SAGUACHE,1,1,0,0,2,0,841,317,12,0,1158,12,2,0
03/01/2022,SAGUACHE,1,0,0,0,1,0,841,318,12,0,1159,12,1,0
03/07/2022,SAGUACHE,1,0,0,0,1,0,841,319,12,0,1160,12,1,0
05/04/2020,SAN JUAN,1,0,0,0,1,0,0,1,0,0,1,0,-1159,-12
05/26/2020,SAN JUAN,1,0,0,0,1,0,0,2,0,0,2,0,1,0
06/01/2020,SAN JUAN,0,5,0,0,5,0,5,2,0,0,7,0,5,0
06/08/2020,SAN JUAN,0,1,0,0,1,0,6,2,0,0,8,0,1,0
06/12/2020,SAN JUAN,0,2,0,0,2,0,8,2,0,0,10,0,2,0
06/16/2020,SAN JUAN,1,0,0,0,1,0,8,3,0,0,11,0,1,0
06/29/2020,SAN JUAN,0,1,0,0,1,0,9,3,0,0,12,0,1,0
08/27/2020,SAN JUAN,0,2,0,0,2,0,11,3,0,0,14,0,2,0
08/30/2020,SAN JUAN,0,1,0,0,1,0,12,3,0,0,15,0,1,0
09/23/2020,SAN JUAN,0,1,0,0,1,0,13,3,0,0,16,0,1,0
10/27/2020,SAN JUAN,0,2,0,0,2,0,15,3,0,0,18,0,2,0
10/29/2020,SAN JUAN,0,1,0,0,1,0,16,3,0,0,19,0,1,0
11/01/2020,SAN JUAN,0,1,0,0,1,0,17,3,0,0,20,0,1,0
11/05/2020,SAN JUAN,0,1,0,0,1,0,18,3,0,0,21,0,1,0
11/09/2020,SAN JUAN,0,1,0,0,1,0,19,3,0,0,22,0,1,0
11/13/2020,SAN JUAN,0,2,0,0,2,0,21,3,0,0,24,0,2,0
11/15/2020,SAN JUAN,0,1,0,0,1,0,22,3,0,0,25,0,1,0
11/20/2020,SAN JUAN,0,1,0,0,1,0,23,3,0,0,26,0,1,0
12/02/2020,SAN JUAN,0,1,0,0,1,0,24,3,0,0,27,0,1,0
12/03/2020,SAN JUAN,0,4,0,0,4,0,28,3,0,0,31,0,4,0
12/06/2020,SAN JUAN,0,1,0,0,1,0,29,3,0,0,32,0,1,0
01/04/2021,SAN JUAN,0,1,0,0,1,0,30,3,0,0,33,0,1,0
01/07/2021,SAN JUAN,0,2,0,0,2,0,32,3,0,0,35,0,2,0
01/08/2021,SAN JUAN,0,2,0,0,2,0,34,3,0,0,37,0,2,0
01/09/2021,SAN JUAN,0,3,0,0,3,0,37,3,0,0,40,0,3,0
01/10/2021,SAN JUAN,0,1,0,0,1,0,38,3,0,0,41,0,1,0
01/21/2021,SAN JUAN,1,1,0,0,2,0,39,4,0,0,43,0,2,0
01/22/2021,SAN JUAN,2,1,0,0,3,0,40,6,0,0,46,0,3,0
03/02/2021,SAN JUAN,0,1,0,0,1,0,41,6,0,0,47,0,1,0
03/22/2021,SAN JUAN,0,1,0,0,1,0,42,6,0,0,48,0,1,0
04/05/2021,SAN JUAN,0,1,0,0,1,0,43,6,0,0,49,0,1,0
04/20/2021,SAN JUAN,0,1,0,0,1,0,44,6,0,0,50,0,1,0
05/20/2021,SAN JUAN,0,1,0,0,1,0,45,6,0,0,51,0,1,0
08/03/2021,SAN JUAN,0,1,0,0,1,0,46,6,0,0,52,0,1,0
08/04/2021,SAN JUAN,1,5,0,0,6,0,51,7,0,0,58,0,6,0
08/05/2021,SAN JUAN,0,1,0,0,1,0,52,7,0,0,59,0,1,0
08/06/2021,SAN JUAN,1,3,0,0,4,0,55,8,0,0,63,0,4,0
08/08/2021,SAN JUAN,0,1,0,0,1,0,56,8,0,0,64,0,1,0
08/09/2021,SAN JUAN,0,4,0,0,4,0,60,8,0,0,68,0,4,0
08/10/2021,SAN JUAN,0,4,0,0,4,0,64,8,0,0,72,0,4,0
08/11/2021,SAN JUAN,0,3,0,0,3,0,67,8,0,0,75,0,3,0
08/12/2021,SAN JUAN,0,1,0,0,1,0,68,8,0,0,76,0,1,0
08/17/2021,SAN JUAN,0,2,0,0,2,0,70,8,0,0,78,0,2,0
08/18/2021,SAN JUAN,2,2,0,0,4,0,72,10,0,0,82,0,4,0
08/20/2021,SAN JUAN,0,2,0,0,2,0,74,10,0,0,84,0,2,0
08/22/2021,SAN JUAN,0,1,0,0,1,0,75,10,0,0,85,0,1,0
08/26/2021,SAN JUAN,0,1,0,0,1,0,76,10,0,0,86,0,1,0
09/20/2021,SAN JUAN,0,1,0,0,1,0,77,10,0,0,87,0,1,0
09/30/2021,SAN JUAN,1,0,0,0,1,0,77,11,0,0,88,0,1,0
10/04/2021,SAN JUAN,0,1,0,0,1,0,78,11,0,0,89,0,1,0
10/05/2021,SAN JUAN,1,0,0,0,1,0,78,12,0,0,90,0,1,0
10/06/2021,SAN JUAN,0,1,0,0,1,0,79,12,0,0,91,0,1,0
10/07/2021,SAN JUAN,0,1,0,0,1,0,80,12,0,0,92,0,1,0
10/11/2021,SAN JUAN,0,1,0,0,1,0,81,12,0,0,93,0,1,0
10/28/2021,SAN JUAN,0,1,0,0,1,0,82,12,0,0,94,0,1,0
11/01/2021,SAN JUAN,0,1,0,0,1,0,83,12,0,0,95,0,1,0
11/07/2021,SAN JUAN,0,1,0,0,1,0,84,12,0,0,96,0,1,0
11/08/2021,SAN JUAN,2,3,0,0,5,0,87,14,0,0,101,0,5,0
11/10/2021,SAN JUAN,1,0,0,0,1,0,87,15,0,0,102,0,1,0
12/02/2021,SAN JUAN,0,1,0,0,1,0,88,15,0,0,103,0,1,0
12/06/2021,SAN JUAN,0,2,0,0,2,0,90,15,0,0,105,0,2,0
12/14/2021,SAN JUAN,0,1,0,0,1,0,91,15,0,0,106,0,1,0
12/17/2021,SAN JUAN,0,1,0,0,1,0,92,15,0,0,107,0,1,0
12/18/2021,SAN JUAN,0,1,0,0,1,0,93,15,0,0,108,0,1,0
12/20/2021,SAN JUAN,0,4,0,0,4,0,97,15,0,0,112,0,4,0
12/21/2021,SAN JUAN,0,1,0,0,1,0,98,15,0,0,113,0,1,0
12/22/2021,SAN JUAN,0,2,0,0,2,0,100,15,0,0,115,0,2,0
12/26/2021,SAN JUAN,1,0,0,0,1,0,100,16,0,0,116,0,1,0
12/28/2021,SAN JUAN,0,4,0,0,4,0,104,16,0,0,120,0,4,0
12/29/2021,SAN JUAN,0,2,0,0,2,0,106,16,0,0,122,0,2,0
12/30/2021,SAN JUAN,0,1,0,0,1,0,107,16,0,0,123,0,1,0
01/01/2022,SAN JUAN,0,2,0,0,2,0,109,16,0,0,125,0,2,0
01/03/2022,SAN JUAN,0,4,0,0,4,0,113,16,0,0,129,0,4,0
01/04/2022,SAN JUAN,0,4,0,0,4,0,117,16,0,0,133,0,4,0
01/05/2022,SAN JUAN,0,7,0,0,7,0,124,16,0,0,140,0,7,0
01/06/2022,SAN JUAN,1,7,0,0,8,0,131,17,0,0,148,0,8,0
01/07/2022,SAN JUAN,0,2,0,0,2,0,133,17,0,0,150,0,2,0
01/09/2022,SAN JUAN,0,1,0,0,1,0,134,17,0,0,151,0,1,0
01/10/2022,SAN JUAN,1,8,0,0,9,0,142,18,0,0,160,0,9,0
01/11/2022,SAN JUAN,2,1,0,0,3,0,143,20,0,0,163,0,3,0
01/12/2022,SAN JUAN,1,0,0,0,1,0,143,21,0,0,164,0,1,0
01/13/2022,SAN JUAN,1,2,0,0,3,0,145,22,0,0,167,0,3,0
01/17/2022,SAN JUAN,0,1,0,0,1,0,146,22,0,0,168,0,1,0
01/18/2022,SAN JUAN,0,3,0,0,3,0,149,22,0,0,171,0,3,0
01/19/2022,SAN JUAN,0,2,0,0,2,0,151,22,0,0,173,0,2,0
01/21/2022,SAN JUAN,1,2,0,0,3,0,153,23,0,0,176,0,3,0
01/22/2022,SAN JUAN,1,3,0,0,4,0,156,24,0,0,180,0,4,0
01/24/2022,SAN JUAN,0,2,0,0,2,0,158,24,0,0,182,0,2,0
01/25/2022,SAN JUAN,0,1,0,0,1,0,159,24,0,0,183,0,1,0
01/26/2022,SAN JUAN,0,2,0,0,2,0,161,24,0,0,185,0,2,0
01/27/2022,SAN JUAN,0,3,0,0,3,0,164,24,0,0,188,0,3,0
01/28/2022,SAN JUAN,0,1,0,0,1,0,165,24,0,0,189,0,1,0
02/02/2022,SAN JUAN,0,3,0,0,3,0,168,24,0,0,192,0,3,0
02/05/2022,SAN JUAN,0,1,0,0,1,0,169,24,0,0,193,0,1,0
02/08/2022,SAN JUAN,0,1,0,0,1,0,170,24,0,0,194,0,1,0
03/05/2022,SAN JUAN,0,1,0,0,1,0,171,24,0,0,195,0,1,0
03/20/2020,SAN MIGUEL,0,1,0,0,1,0,1,0,0,0,1,0,-194,0
03/30/2020,SAN MIGUEL,0,3,0,0,3,0,4,0,0,0,4,0,3,0
04/01/2020,SAN MIGUEL,0,2,0,0,2,0,6,0,0,0,6,0,2,0
04/02/2020,SAN MIGUEL,0,3,0,0,3,0,9,0,0,0,9,0,3,0
04/04/2020,SAN MIGUEL,0,1,0,0,1,0,10,0,0,0,10,0,1,0
04/08/2020,SAN MIGUEL,0,1,0,0,1,0,11,0,0,0,11,0,1,0
04/10/2020,SAN MIGUEL,0,1,0,0,1,0,12,0,0,0,12,0,1,0
04/15/2020,SAN MIGUEL,0,1,0,0,1,0,13,0,0,0,13,0,1,0
04/18/2020,SAN MIGUEL,0,2,0,0,2,0,15,0,0,0,15,0,2,0
04/19/2020,SAN MIGUEL,0,2,0,0,2,0,17,0,0,0,17,0,2,0
04/25/2020,SAN MIGUEL,0,2,0,0,2,0,19,0,0,0,19,0,2,0
04/29/2020,SAN MIGUEL,0,1,0,0,1,0,20,0,0,0,20,0,1,0
05/11/2020,SAN MIGUEL,0,2,0,0,2,0,22,0,0,0,22,0,2,0
05/20/2020,SAN MIGUEL,1,0,0,0,1,0,22,1,0,0,23,0,1,0
06/12/2020,SAN MIGUEL,0,1,0,0,1,0,23,1,0,0,24,0,1,0
06/17/2020,SAN MIGUEL,0,4,0,0,4,0,27,1,0,0,28,0,4,0
06/22/2020,SAN MIGUEL,0,4,0,0,4,0,31,1,0,0,32,0,4,0
06/24/2020,SAN MIGUEL,0,2,0,0,2,0,33,1,0,0,34,0,2,0
06/25/2020,SAN MIGUEL,0,1,0,0,1,0,34,1,0,0,35,0,1,0
06/26/2020,SAN MIGUEL,0,1,0,0,1,0,35,1,0,0,36,0,1,0
06/27/2020,SAN MIGUEL,0,3,0,0,3,0,38,1,0,0,39,0,3,0
06/28/2020,SAN MIGUEL,0,1,0,0,1,0,39,1,0,0,40,0,1,0
07/04/2020,SAN MIGUEL,0,2,0,0,2,0,41,1,0,0,42,0,2,0
07/08/2020,SAN MIGUEL,0,2,0,0,2,0,43,1,0,0,44,0,2,0
07/09/2020,SAN MIGUEL,0,3,0,0,3,0,46,1,0,0,47,0,3,0
07/10/2020,SAN MIGUEL,0,3,0,1,3,1,49,1,1,0,50,1,3,1
07/11/2020,SAN MIGUEL,0,1,0,0,1,0,50,1,1,0,51,1,1,0
07/14/2020,SAN MIGUEL,0,7,0,0,7,0,57,1,1,0,58,1,7,0
07/15/2020,SAN MIGUEL,0,5,0,0,5,0,62,1,1,0,63,1,5,0
07/16/2020,SAN MIGUEL,0,3,0,0,3,0,65,1,1,0,66,1,3,0
07/18/2020,SAN MIGUEL,0,1,0,0,1,0,66,1,1,0,67,1,1,0
07/19/2020,SAN MIGUEL,0,1,0,0,1,0,67,1,1,0,68,1,1,0
07/20/2020,SAN MIGUEL,0,1,0,0,1,0,68,1,1,0,69,1,1,0
07/21/2020,SAN MIGUEL,0,1,0,0,1,0,69,1,1,0,70,1,1,0
07/22/2020,SAN MIGUEL,0,1,0,0,1,0,70,1,1,0,71,1,1,0
07/23/2020,SAN MIGUEL,0,2,0,0,2,0,72,1,1,0,73,1,2,0
07/24/2020,SAN MIGUEL,0,1,0,0,1,0,73,1,1,0,74,1,1,0
07/27/2020,SAN MIGUEL,0,1,0,0,1,0,74,1,1,0,75,1,1,0
07/29/2020,SAN MIGUEL,0,2,0,0,2,0,76,1,1,0,77,1,2,0
07/31/2020,SAN MIGUEL,0,2,0,0,2,0,78,1,1,0,79,1,2,0
08/03/2020,SAN MIGUEL,0,2,0,0,2,0,80,1,1,0,81,1,2,0
08/06/2020,SAN MIGUEL,0,3,0,0,3,0,83,1,1,0,84,1,3,0
08/07/2020,SAN MIGUEL,0,4,0,0,4,0,87,1,1,0,88,1,4,0
08/10/2020,SAN MIGUEL,0,1,0,0,1,0,88,1,1,0,89,1,1,0
08/12/2020,SAN MIGUEL,0,1,0,0,1,0,89,1,1,0,90,1,1,0
08/13/2020,SAN MIGUEL,0,1,0,0,1,0,90,1,1,0,91,1,1,0
09/15/2020,SAN MIGUEL,0,1,0,0,1,0,91,1,1,0,92,1,1,0
09/16/2020,SAN MIGUEL,0,1,0,0,1,0,92,1,1,0,93,1,1,0
10/02/2020,SAN MIGUEL,0,1,0,0,1,0,93,1,1,0,94,1,1,0
10/07/2020,SAN MIGUEL,0,2,0,0,2,0,95,1,1,0,96,1,2,0
10/08/2020,SAN MIGUEL,0,1,0,0,1,0,96,1,1,0,97,1,1,0
10/14/2020,SAN MIGUEL,0,2,0,0,2,0,98,1,1,0,99,1,2,0
10/16/2020,SAN MIGUEL,0,1,0,0,1,0,99,1,1,0,100,1,1,0
10/23/2020,SAN MIGUEL,0,1,0,0,1,0,100,1,1,0,101,1,1,0
10/25/2020,SAN MIGUEL,0,1,0,0,1,0,101,1,1,0,102,1,1,0
10/27/2020,SAN MIGUEL,0,2,0,0,2,0,103,1,1,0,104,1,2,0
10/29/2020,SAN MIGUEL,0,3,0,0,3,0,106,1,1,0,107,1,3,0
10/30/2020,SAN MIGUEL,0,3,0,0,3,0,109,1,1,0,110,1,3,0
10/31/2020,SAN MIGUEL,0,1,0,0,1,0,110,1,1,0,111,1,1,0
11/01/2020,SAN MIGUEL,0,1,0,0,1,0,111,1,1,0,112,1,1,0
11/04/2020,SAN MIGUEL,0,2,0,0,2,0,113,1,1,0,114,1,2,0
11/06/2020,SAN MIGUEL,0,2,0,0,2,0,115,1,1,0,116,1,2,0
11/07/2020,SAN MIGUEL,0,4,0,0,4,0,119,1,1,0,120,1,4,0
11/08/2020,SAN MIGUEL,0,6,0,0,6,0,125,1,1,0,126,1,6,0
11/09/2020,SAN MIGUEL,0,2,0,0,2,0,127,1,1,0,128,1,2,0
11/10/2020,SAN MIGUEL,0,1,0,0,1,0,128,1,1,0,129,1,1,0
11/11/2020,SAN MIGUEL,0,9,0,0,9,0,137,1,1,0,138,1,9,0
11/12/2020,SAN MIGUEL,0,7,0,0,7,0,144,1,1,0,145,1,7,0
11/13/2020,SAN MIGUEL,0,14,0,0,14,0,158,1,1,0,159,1,14,0
11/14/2020,SAN MIGUEL,0,8,0,0,8,0,166,1,1,0,167,1,8,0
11/15/2020,SAN MIGUEL,0,3,0,0,3,0,169,1,1,0,170,1,3,0
11/17/2020,SAN MIGUEL,0,2,0,0,2,0,171,1,1,0,172,1,2,0
11/18/2020,SAN MIGUEL,0,4,0,0,4,0,175,1,1,0,176,1,4,0
11/19/2020,SAN MIGUEL,0,1,0,0,1,0,176,1,1,0,177,1,1,0
11/20/2020,SAN MIGUEL,0,5,0,0,5,0,181,1,1,0,182,1,5,0
11/21/2020,SAN MIGUEL,0,2,0,0,2,0,183,1,1,0,184,1,2,0
11/22/2020,SAN MIGUEL,0,1,0,0,1,0,184,1,1,0,185,1,1,0
11/23/2020,SAN MIGUEL,0,3,0,0,3,0,187,1,1,0,188,1,3,0
11/24/2020,SAN MIGUEL,0,3,0,0,3,0,190,1,1,0,191,1,3,0
11/25/2020,SAN MIGUEL,0,3,0,0,3,0,193,1,1,0,194,1,3,0
11/26/2020,SAN MIGUEL,0,2,0,0,2,0,195,1,1,0,196,1,2,0
11/27/2020,SAN MIGUEL,0,4,0,0,4,0,199,1,1,0,200,1,4,0
11/28/2020,SAN MIGUEL,0,14,0,0,14,0,213,1,1,0,214,1,14,0
11/29/2020,SAN MIGUEL,0,1,0,0,1,0,214,1,1,0,215,1,1,0
11/30/2020,SAN MIGUEL,0,2,0,0,2,0,216,1,1,0,217,1,2,0
12/01/2020,SAN MIGUEL,0,2,0,0,2,0,218,1,1,0,219,1,2,0
12/02/2020,SAN MIGUEL,0,6,0,0,6,0,224,1,1,0,225,1,6,0
12/03/2020,SAN MIGUEL,0,9,0,0,9,0,233,1,1,0,234,1,9,0
12/04/2020,SAN MIGUEL,0,26,0,0,26,0,259,1,1,0,260,1,26,0
12/05/2020,SAN MIGUEL,0,12,0,0,12,0,271,1,1,0,272,1,12,0
12/06/2020,SAN MIGUEL,0,1,0,0,1,0,272,1,1,0,273,1,1,0
12/07/2020,SAN MIGUEL,0,2,0,0,2,0,274,1,1,0,275,1,2,0
12/08/2020,SAN MIGUEL,0,2,0,0,2,0,276,1,1,0,277,1,2,0
12/09/2020,SAN MIGUEL,0,27,0,0,27,0,303,1,1,0,304,1,27,0
12/10/2020,SAN MIGUEL,2,9,0,0,11,0,312,3,1,0,315,1,11,0
12/11/2020,SAN MIGUEL,1,10,0,0,11,0,322,4,1,0,326,1,11,0
12/12/2020,SAN MIGUEL,0,6,0,0,6,0,328,4,1,0,332,1,6,0
12/13/2020,SAN MIGUEL,0,8,0,0,8,0,336,4,1,0,340,1,8,0
12/15/2020,SAN MIGUEL,0,8,0,0,8,0,344,4,1,0,348,1,8,0
12/16/2020,SAN MIGUEL,0,1,0,0,1,0,345,4,1,0,349,1,1,0
12/17/2020,SAN MIGUEL,0,14,0,0,14,0,359,4,1,0,363,1,14,0
12/18/2020,SAN MIGUEL,0,23,0,0,23,0,382,4,1,0,386,1,23,0
12/19/2020,SAN MIGUEL,0,6,0,0,6,0,388,4,1,0,392,1,6,0
12/20/2020,SAN MIGUEL,0,2,0,0,2,0,390,4,1,0,394,1,2,0
12/21/2020,SAN MIGUEL,1,1,0,0,2,0,391,5,1,0,396,1,2,0
12/22/2020,SAN MIGUEL,2,2,0,0,4,0,393,7,1,0,400,1,4,0
12/23/2020,SAN MIGUEL,2,1,0,0,3,0,394,9,1,0,403,1,3,0
12/24/2020,SAN MIGUEL,0,1,0,0,1,0,395,9,1,0,404,1,1,0
12/26/2020,SAN MIGUEL,0,5,0,0,5,0,400,9,1,0,409,1,5,0
12/27/2020,SAN MIGUEL,0,4,0,0,4,0,404,9,1,0,413,1,4,0
12/28/2020,SAN MIGUEL,1,0,0,0,1,0,404,10,1,0,414,1,1,0
12/29/2020,SAN MIGUEL,4,1,0,0,5,0,405,14,1,0,419,1,5,0
12/30/2020,SAN MIGUEL,0,3,0,0,3,0,408,14,1,0,422,1,3,0
12/31/2020,SAN MIGUEL,0,1,0,0,1,0,409,14,1,0,423,1,1,0
01/01/2021,SAN MIGUEL,0,1,0,0,1,0,410,14,1,0,424,1,1,0
01/02/2021,SAN MIGUEL,0,7,0,0,7,0,417,14,1,0,431,1,7,0
01/03/2021,SAN MIGUEL,0,7,0,0,7,0,424,14,1,0,438,1,7,0
01/04/2021,SAN MIGUEL,0,1,0,0,1,0,425,14,1,0,439,1,1,0
01/05/2021,SAN MIGUEL,1,2,0,0,3,0,427,15,1,0,442,1,3,0
01/06/2021,SAN MIGUEL,2,11,0,0,13,0,438,17,1,0,455,1,13,0
01/07/2021,SAN MIGUEL,0,10,0,0,10,0,448,17,1,0,465,1,10,0
01/08/2021,SAN MIGUEL,0,7,0,0,7,0,455,17,1,0,472,1,7,0
01/09/2021,SAN MIGUEL,0,19,0,0,19,0,474,17,1,0,491,1,19,0
01/10/2021,SAN MIGUEL,0,6,0,0,6,0,480,17,1,0,497,1,6,0
01/11/2021,SAN MIGUEL,0,2,0,0,2,0,482,17,1,0,499,1,2,0
01/12/2021,SAN MIGUEL,0,9,0,0,9,0,491,17,1,0,508,1,9,0
01/13/2021,SAN MIGUEL,1,4,0,0,5,0,495,18,1,0,513,1,5,0
01/14/2021,SAN MIGUEL,1,2,0,0,3,0,497,19,1,0,516,1,3,0
01/15/2021,SAN MIGUEL,1,17,0,0,18,0,514,20,1,0,534,1,18,0
01/16/2021,SAN MIGUEL,0,4,0,0,4,0,518,20,1,0,538,1,4,0
01/17/2021,SAN MIGUEL,1,3,0,0,4,0,521,21,1,0,542,1,4,0
01/18/2021,SAN MIGUEL,1,5,0,0,6,0,526,22,1,0,548,1,6,0
01/19/2021,SAN MIGUEL,0,7,0,0,7,0,533,22,1,0,555,1,7,0
01/20/2021,SAN MIGUEL,2,19,0,0,21,0,552,24,1,0,576,1,21,0
01/21/2021,SAN MIGUEL,4,18,0,0,22,0,570,28,1,0,598,1,22,0
01/22/2021,SAN MIGUEL,1,19,0,0,20,0,589,29,1,0,618,1,20,0
01/23/2021,SAN MIGUEL,1,2,0,0,3,0,591,30,1,0,621,1,3,0
01/24/2021,SAN MIGUEL,0,2,0,0,2,0,593,30,1,0,623,1,2,0
01/25/2021,SAN MIGUEL,0,9,0,0,9,0,602,30,1,0,632,1,9,0
01/26/2021,SAN MIGUEL,0,4,0,0,4,0,606,30,1,0,636,1,4,0
01/27/2021,SAN MIGUEL,0,17,0,0,17,0,623,30,1,0,653,1,17,0
01/28/2021,SAN MIGUEL,0,25,0,0,25,0,648,30,1,0,678,1,25,0
01/29/2021,SAN MIGUEL,0,2,0,0,2,0,650,30,1,0,680,1,2,0
01/31/2021,SAN MIGUEL,0,5,0,0,5,0,655,30,1,0,685,1,5,0
02/01/2021,SAN MIGUEL,1,4,0,0,5,0,659,31,1,0,690,1,5,0
02/02/2021,SAN MIGUEL,1,1,0,0,2,0,660,32,1,0,692,1,2,0
02/03/2021,SAN MIGUEL,1,19,0,0,20,0,679,33,1,0,712,1,20,0
02/04/2021,SAN MIGUEL,1,24,0,0,25,0,703,34,1,0,737,1,25,0
02/05/2021,SAN MIGUEL,0,4,0,0,4,0,707,34,1,0,741,1,4,0
02/06/2021,SAN MIGUEL,0,4,0,0,4,0,711,34,1,0,745,1,4,0
02/07/2021,SAN MIGUEL,2,4,0,0,6,0,715,36,1,0,751,1,6,0
02/08/2021,SAN MIGUEL,6,0,0,0,6,0,715,42,1,0,757,1,6,0
02/09/2021,SAN MIGUEL,8,5,0,0,13,0,720,50,1,0,770,1,13,0
02/10/2021,SAN MIGUEL,0,11,0,0,11,0,731,50,1,0,781,1,11,0
02/11/2021,SAN MIGUEL,1,11,0,0,12,0,742,51,1,0,793,1,12,0
02/12/2021,SAN MIGUEL,0,3,0,0,3,0,745,51,1,0,796,1,3,0
02/13/2021,SAN MIGUEL,0,1,0,0,1,0,746,51,1,0,797,1,1,0
02/14/2021,SAN MIGUEL,2,0,0,0,2,0,746,53,1,0,799,1,2,0
02/15/2021,SAN MIGUEL,0,1,0,0,1,0,747,53,1,0,800,1,1,0
02/18/2021,SAN MIGUEL,0,1,0,0,1,0,748,53,1,0,801,1,1,0
02/19/2021,SAN MIGUEL,2,1,0,0,3,0,749,55,1,0,804,1,3,0
02/20/2021,SAN MIGUEL,0,2,0,0,2,0,751,55,1,0,806,1,2,0
02/23/2021,SAN MIGUEL,0,3,0,0,3,0,754,55,1,0,809,1,3,0
02/24/2021,SAN MIGUEL,1,0,0,0,1,0,754,56,1,0,810,1,1,0
02/25/2021,SAN MIGUEL,0,7,0,0,7,0,761,56,1,0,817,1,7,0
02/26/2021,SAN MIGUEL,0,2,0,0,2,0,763,56,1,0,819,1,2,0
02/27/2021,SAN MIGUEL,0,2,0,0,2,0,765,56,1,0,821,1,2,0
03/02/2021,SAN MIGUEL,0,1,0,0,1,0,766,56,1,0,822,1,1,0
03/03/2021,SAN MIGUEL,0,1,0,0,1,0,767,56,1,0,823,1,1,0
03/04/2021,SAN MIGUEL,0,2,0,0,2,0,769,56,1,0,825,1,2,0
03/05/2021,SAN MIGUEL,0,4,0,0,4,0,773,56,1,0,829,1,4,0
03/08/2021,SAN MIGUEL,0,1,0,0,1,0,774,56,1,0,830,1,1,0
03/10/2021,SAN MIGUEL,0,4,0,0,4,0,778,56,1,0,834,1,4,0
03/11/2021,SAN MIGUEL,1,2,0,0,3,0,780,57,1,0,837,1,3,0
03/12/2021,SAN MIGUEL,0,1,0,0,1,0,781,57,1,0,838,1,1,0
03/16/2021,SAN MIGUEL,0,1,0,0,1,0,782,57,1,0,839,1,1,0
03/17/2021,SAN MIGUEL,0,3,0,0,3,0,785,57,1,0,842,1,3,0
03/18/2021,SAN MIGUEL,0,2,0,0,2,0,787,57,1,0,844,1,2,0
03/23/2021,SAN MIGUEL,0,1,0,0,1,0,788,57,1,0,845,1,1,0
03/25/2021,SAN MIGUEL,0,1,0,0,1,0,789,57,1,0,846,1,1,0
04/01/2021,SAN MIGUEL,0,2,0,0,2,0,791,57,1,0,848,1,2,0
04/04/2021,SAN MIGUEL,0,1,0,0,1,0,792,57,1,0,849,1,1,0
04/07/2021,SAN MIGUEL,0,4,0,0,4,0,796,57,1,0,853,1,4,0
04/08/2021,SAN MIGUEL,0,1,0,0,1,0,797,57,1,0,854,1,1,0
04/09/2021,SAN MIGUEL,0,1,0,0,1,0,798,57,1,0,855,1,1,0
04/10/2021,SAN MIGUEL,0,1,0,0,1,0,799,57,1,0,856,1,1,0
04/11/2021,SAN MIGUEL,0,1,0,0,1,0,800,57,1,0,857,1,1,0
04/14/2021,SAN MIGUEL,0,3,0,0,3,0,803,57,1,0,860,1,3,0
04/15/2021,SAN MIGUEL,0,1,0,0,1,0,804,57,1,0,861,1,1,0
04/18/2021,SAN MIGUEL,0,2,0,0,2,0,806,57,1,0,863,1,2,0
04/23/2021,SAN MIGUEL,0,1,0,0,1,0,807,57,1,0,864,1,1,0
04/24/2021,SAN MIGUEL,0,1,0,0,1,0,808,57,1,0,865,1,1,0
04/25/2021,SAN MIGUEL,0,1,0,0,1,0,809,57,1,0,866,1,1,0
04/26/2021,SAN MIGUEL,0,1,0,0,1,0,810,57,1,0,867,1,1,0
04/28/2021,SAN MIGUEL,1,0,0,0,1,0,810,58,1,0,868,1,1,0
04/29/2021,SAN MIGUEL,0,1,0,0,1,0,811,58,1,0,869,1,1,0
05/02/2021,SAN MIGUEL,0,1,0,0,1,0,812,58,1,0,870,1,1,0
05/08/2021,SAN MIGUEL,0,1,0,0,1,0,813,58,1,0,871,1,1,0
05/11/2021,SAN MIGUEL,0,1,0,0,1,0,814,58,1,0,872,1,1,0
05/16/2021,SAN MIGUEL,1,0,0,0,1,0,814,59,1,0,873,1,1,0
05/19/2021,SAN MIGUEL,0,2,0,0,2,0,816,59,1,0,875,1,2,0
05/20/2021,SAN MIGUEL,0,1,0,0,1,0,817,59,1,0,876,1,1,0
05/21/2021,SAN MIGUEL,0,2,0,0,2,0,819,59,1,0,878,1,2,0
05/22/2021,SAN MIGUEL,0,1,0,0,1,0,820,59,1,0,879,1,1,0
05/24/2021,SAN MIGUEL,0,2,0,0,2,0,822,59,1,0,881,1,2,0
05/25/2021,SAN MIGUEL,1,0,0,0,1,0,822,60,1,0,882,1,1,0
05/26/2021,SAN MIGUEL,0,1,0,0,1,0,823,60,1,0,883,1,1,0
05/27/2021,SAN MIGUEL,0,1,0,0,1,0,824,60,1,0,884,1,1,0
05/29/2021,SAN MIGUEL,0,2,0,0,2,0,826,60,1,0,886,1,2,0
05/31/2021,SAN MIGUEL,0,1,0,1,1,1,827,60,2,0,887,2,1,1
06/01/2021,SAN MIGUEL,0,5,0,0,5,0,832,60,2,0,892,2,5,0
06/02/2021,SAN MIGUEL,0,1,0,0,1,0,833,60,2,0,893,2,1,0
06/03/2021,SAN MIGUEL,0,2,0,0,2,0,835,60,2,0,895,2,2,0
06/04/2021,SAN MIGUEL,0,2,0,0,2,0,837,60,2,0,897,2,2,0
06/07/2021,SAN MIGUEL,2,0,0,0,2,0,837,62,2,0,899,2,2,0
06/08/2021,SAN MIGUEL,2,0,0,0,2,0,837,64,2,0,901,2,2,0
06/09/2021,SAN MIGUEL,0,4,0,0,4,0,841,64,2,0,905,2,4,0
06/11/2021,SAN MIGUEL,0,1,0,0,1,0,842,64,2,0,906,2,1,0
06/13/2021,SAN MIGUEL,0,1,0,0,1,0,843,64,2,0,907,2,1,0
06/14/2021,SAN MIGUEL,2,0,0,0,2,0,843,66,2,0,909,2,2,0
06/15/2021,SAN MIGUEL,0,2,0,0,2,0,845,66,2,0,911,2,2,0
06/18/2021,SAN MIGUEL,0,1,0,0,1,0,846,66,2,0,912,2,1,0
06/20/2021,SAN MIGUEL,0,1,0,0,1,0,847,66,2,0,913,2,1,0
06/22/2021,SAN MIGUEL,1,1,0,0,2,0,848,67,2,0,915,2,2,0
06/26/2021,SAN MIGUEL,0,1,0,0,1,0,849,67,2,0,916,2,1,0
06/29/2021,SAN MIGUEL,0,1,0,0,1,0,850,67,2,0,917,2,1,0
07/01/2021,SAN MIGUEL,2,0,0,0,2,0,850,69,2,0,919,2,2,0
07/04/2021,SAN MIGUEL,0,1,0,0,1,0,851,69,2,0,920,2,1,0
07/06/2021,SAN MIGUEL,3,0,0,0,3,0,851,72,2,0,923,2,3,0
07/07/2021,SAN MIGUEL,1,0,0,0,1,0,851,73,2,0,924,2,1,0
07/08/2021,SAN MIGUEL,0,1,0,0,1,0,852,73,2,0,925,2,1,0
07/11/2021,SAN MIGUEL,0,1,0,0,1,0,853,73,2,0,926,2,1,0
07/12/2021,SAN MIGUEL,1,0,0,0,1,0,853,74,2,0,927,2,1,0
07/13/2021,SAN MIGUEL,0,1,0,0,1,0,854,74,2,0,928,2,1,0
07/16/2021,SAN MIGUEL,0,1,0,0,1,0,855,74,2,0,929,2,1,0
07/19/2021,SAN MIGUEL,0,4,0,0,4,0,859,74,2,0,933,2,4,0
07/22/2021,SAN MIGUEL,0,2,0,0,2,0,861,74,2,0,935,2,2,0
07/23/2021,SAN MIGUEL,1,0,0,0,1,0,861,75,2,0,936,2,1,0
07/24/2021,SAN MIGUEL,0,1,0,0,1,0,862,75,2,0,937,2,1,0
07/26/2021,SAN MIGUEL,0,3,0,0,3,0,865,75,2,0,940,2,3,0
07/27/2021,SAN MIGUEL,1,0,0,0,1,0,865,76,2,0,941,2,1,0
07/29/2021,SAN MIGUEL,0,2,0,0,2,0,867,76,2,0,943,2,2,0
08/03/2021,SAN MIGUEL,0,1,0,0,1,0,868,76,2,0,944,2,1,0
08/04/2021,SAN MIGUEL,0,3,0,0,3,0,871,76,2,0,947,2,3,0
08/05/2021,SAN MIGUEL,0,4,0,0,4,0,875,76,2,0,951,2,4,0
08/06/2021,SAN MIGUEL,0,1,0,0,1,0,876,76,2,0,952,2,1,0
08/08/2021,SAN MIGUEL,0,1,0,0,1,0,877,76,2,0,953,2,1,0
08/10/2021,SAN MIGUEL,0,4,0,0,4,0,881,76,2,0,957,2,4,0
08/11/2021,SAN MIGUEL,1,3,0,0,4,0,884,77,2,0,961,2,4,0
08/13/2021,SAN MIGUEL,2,4,0,0,6,0,888,79,2,0,967,2,6,0
08/14/2021,SAN MIGUEL,0,3,0,0,3,0,891,79,2,0,970,2,3,0
08/15/2021,SAN MIGUEL,1,0,0,0,1,0,891,80,2,0,971,2,1,0
08/18/2021,SAN MIGUEL,0,4,0,0,4,0,895,80,2,0,975,2,4,0
08/19/2021,SAN MIGUEL,0,2,0,0,2,0,897,80,2,0,977,2,2,0
08/20/2021,SAN MIGUEL,0,1,0,0,1,0,898,80,2,0,978,2,1,0
08/21/2021,SAN MIGUEL,0,2,0,0,2,0,900,80,2,0,980,2,2,0
08/23/2021,SAN MIGUEL,3,2,0,0,5,0,902,83,2,0,985,2,5,0
08/24/2021,SAN MIGUEL,2,4,0,0,6,0,906,85,2,0,991,2,6,0
08/25/2021,SAN MIGUEL,0,3,0,2,3,2,909,85,4,0,994,4,3,2
08/26/2021,SAN MIGUEL,1,21,0,0,22,0,930,86,4,0,1016,4,22,0
08/27/2021,SAN MIGUEL,4,2,0,0,6,0,932,90,4,0,1022,4,6,0
08/28/2021,SAN MIGUEL,1,2,0,0,3,0,934,91,4,0,1025,4,3,0
08/29/2021,SAN MIGUEL,3,1,0,0,4,0,935,94,4,0,1029,4,4,0
09/01/2021,SAN MIGUEL,2,0,0,0,2,0,935,96,4,0,1031,4,2,0
09/02/2021,SAN MIGUEL,0,3,0,0,3,0,938,96,4,0,1034,4,3,0
09/03/2021,SAN MIGUEL,1,3,0,0,4,0,941,97,4,0,1038,4,4,0
09/04/2021,SAN MIGUEL,0,1,0,0,1,0,942,97,4,0,1039,4,1,0
09/05/2021,SAN MIGUEL,1,0,0,0,1,0,942,98,4,0,1040,4,1,0
09/06/2021,SAN MIGUEL,1,0,0,0,1,0,942,99,4,0,1041,4,1,0
09/07/2021,SAN MIGUEL,0,3,0,0,3,0,945,99,4,0,1044,4,3,0
09/08/2021,SAN MIGUEL,0,1,0,0,1,0,946,99,4,0,1045,4,1,0
09/09/2021,SAN MIGUEL,1,2,0,0,3,0,948,100,4,0,1048,4,3,0
09/10/2021,SAN MIGUEL,3,3,0,0,6,0,951,103,4,0,1054,4,6,0
09/11/2021,SAN MIGUEL,0,7,0,0,7,0,958,103,4,0,1061,4,7,0
09/12/2021,SAN MIGUEL,1,1,0,0,2,0,959,104,4,0,1063,4,2,0
09/13/2021,SAN MIGUEL,1,1,0,0,2,0,960,105,4,0,1065,4,2,0
09/14/2021,SAN MIGUEL,4,2,0,0,6,0,962,109,4,0,1071,4,6,0
09/15/2021,SAN MIGUEL,0,5,0,1,5,1,967,109,5,0,1076,5,5,1
09/16/2021,SAN MIGUEL,1,7,0,0,8,0,974,110,5,0,1084,5,8,0
09/17/2021,SAN MIGUEL,0,2,0,0,2,0,976,110,5,0,1086,5,2,0
09/18/2021,SAN MIGUEL,1,3,0,0,4,0,979,111,5,0,1090,5,4,0
09/19/2021,SAN MIGUEL,0,1,0,0,1,0,980,111,5,0,1091,5,1,0
09/21/2021,SAN MIGUEL,0,2,0,0,2,0,982,111,5,0,1093,5,2,0
09/22/2021,SAN MIGUEL,0,2,0,0,2,0,984,111,5,0,1095,5,2,0
09/23/2021,SAN MIGUEL,1,5,0,0,6,0,989,112,5,0,1101,5,6,0
09/24/2021,SAN MIGUEL,1,2,0,0,3,0,991,113,5,0,1104,5,3,0
09/27/2021,SAN MIGUEL,2,2,0,0,4,0,993,115,5,0,1108,5,4,0
09/28/2021,SAN MIGUEL,1,3,0,0,4,0,996,116,5,0,1112,5,4,0
09/29/2021,SAN MIGUEL,2,0,0,0,2,0,996,118,5,0,1114,5,2,0
09/30/2021,SAN MIGUEL,2,2,0,0,4,0,998,120,5,0,1118,5,4,0
10/01/2021,SAN MIGUEL,0,1,0,1,1,1,999,120,6,0,1119,6,1,1
10/02/2021,SAN MIGUEL,0,5,0,0,5,0,1004,120,6,0,1124,6,5,0
10/04/2021,SAN MIGUEL,0,3,0,0,3,0,1007,120,6,0,1127,6,3,0
10/05/2021,SAN MIGUEL,2,0,0,0,2,0,1007,122,6,0,1129,6,2,0
10/07/2021,SAN MIGUEL,0,5,0,0,5,0,1012,122,6,0,1134,6,5,0
10/08/2021,SAN MIGUEL,0,3,0,0,3,0,1015,122,6,0,1137,6,3,0
10/09/2021,SAN MIGUEL,1,0,0,0,1,0,1015,123,6,0,1138,6,1,0
10/11/2021,SAN MIGUEL,1,0,0,0,1,0,1015,124,6,0,1139,6,1,0
10/12/2021,SAN MIGUEL,1,0,0,0,1,0,1015,125,6,0,1140,6,1,0
10/13/2021,SAN MIGUEL,1,2,0,0,3,0,1017,126,6,0,1143,6,3,0
10/14/2021,SAN MIGUEL,1,3,0,0,4,0,1020,127,6,0,1147,6,4,0
10/15/2021,SAN MIGUEL,0,2,0,0,2,0,1022,127,6,0,1149,6,2,0
10/16/2021,SAN MIGUEL,2,1,0,0,3,0,1023,129,6,0,1152,6,3,0
10/19/2021,SAN MIGUEL,1,0,0,0,1,0,1023,130,6,0,1153,6,1,0
10/20/2021,SAN MIGUEL,1,1,0,0,2,0,1024,131,6,0,1155,6,2,0
10/21/2021,SAN MIGUEL,0,4,0,0,4,0,1028,131,6,0,1159,6,4,0
10/23/2021,SAN MIGUEL,2,2,0,0,4,0,1030,133,6,0,1163,6,4,0
10/25/2021,SAN MIGUEL,1,1,0,0,2,0,1031,134,6,0,1165,6,2,0
10/26/2021,SAN MIGUEL,0,1,0,0,1,0,1032,134,6,0,1166,6,1,0
10/27/2021,SAN MIGUEL,2,0,0,0,2,0,1032,136,6,0,1168,6,2,0
10/28/2021,SAN MIGUEL,1,8,0,0,9,0,1040,137,6,0,1177,6,9,0
10/29/2021,SAN MIGUEL,0,1,0,0,1,0,1041,137,6,0,1178,6,1,0
10/30/2021,SAN MIGUEL,0,3,0,0,3,0,1044,137,6,0,1181,6,3,0
10/31/2021,SAN MIGUEL,0,3,0,0,3,0,1047,137,6,0,1184,6,3,0
11/01/2021,SAN MIGUEL,0,1,0,0,1,0,1048,137,6,0,1185,6,1,0
11/02/2021,SAN MIGUEL,1,1,0,0,2,0,1049,138,6,0,1187,6,2,0
11/03/2021,SAN MIGUEL,1,2,0,0,3,0,1051,139,6,0,1190,6,3,0
11/04/2021,SAN MIGUEL,1,4,0,0,5,0,1055,140,6,0,1195,6,5,0
11/05/2021,SAN MIGUEL,0,1,0,0,1,0,1056,140,6,0,1196,6,1,0
11/06/2021,SAN MIGUEL,0,2,0,0,2,0,1058,140,6,0,1198,6,2,0
11/08/2021,SAN MIGUEL,1,1,0,0,2,0,1059,141,6,0,1200,6,2,0
11/09/2021,SAN MIGUEL,4,3,0,0,7,0,1062,145,6,0,1207,6,7,0
11/11/2021,SAN MIGUEL,1,3,0,0,4,0,1065,146,6,0,1211,6,4,0
11/12/2021,SAN MIGUEL,4,3,0,0,7,0,1068,150,6,0,1218,6,7,0
11/14/2021,SAN MIGUEL,0,5,0,0,5,0,1073,150,6,0,1223,6,5,0
11/16/2021,SAN MIGUEL,1,4,0,0,5,0,1077,151,6,0,1228,6,5,0
11/17/2021,SAN MIGUEL,2,7,0,0,9,0,1084,153,6,0,1237,6,9,0
11/18/2021,SAN MIGUEL,1,6,0,0,7,0,1090,154,6,0,1244,6,7,0
11/19/2021,SAN MIGUEL,1,3,0,0,4,0,1093,155,6,0,1248,6,4,0
11/20/2021,SAN MIGUEL,0,1,0,0,1,0,1094,155,6,0,1249,6,1,0
11/22/2021,SAN MIGUEL,1,0,0,0,1,0,1094,156,6,0,1250,6,1,0
11/23/2021,SAN MIGUEL,1,1,0,0,2,0,1095,157,6,0,1252,6,2,0
11/24/2021,SAN MIGUEL,1,2,0,0,3,0,1097,158,6,0,1255,6,3,0
11/26/2021,SAN MIGUEL,0,3,0,0,3,0,1100,158,6,0,1258,6,3,0
11/27/2021,SAN MIGUEL,0,2,0,0,2,0,1102,158,6,0,1260,6,2,0
11/28/2021,SAN MIGUEL,1,0,0,0,1,0,1102,159,6,0,1261,6,1,0
11/29/2021,SAN MIGUEL,1,1,0,0,2,0,1103,160,6,0,1263,6,2,0
12/01/2021,SAN MIGUEL,0,6,0,0,6,0,1109,160,6,0,1269,6,6,0
12/02/2021,SAN MIGUEL,0,1,0,1,1,1,1110,160,7,0,1270,7,1,1
12/03/2021,SAN MIGUEL,0,4,0,0,4,0,1114,160,7,0,1274,7,4,0
12/06/2021,SAN MIGUEL,1,3,0,0,4,0,1117,161,7,0,1278,7,4,0
12/07/2021,SAN MIGUEL,0,2,0,0,2,0,1119,161,7,0,1280,7,2,0
12/08/2021,SAN MIGUEL,0,7,0,0,7,0,1126,161,7,0,1287,7,7,0
12/09/2021,SAN MIGUEL,0,5,0,0,5,0,1131,161,7,0,1292,7,5,0
12/10/2021,SAN MIGUEL,0,4,0,0,4,0,1135,161,7,0,1296,7,4,0
12/11/2021,SAN MIGUEL,1,1,0,0,2,0,1136,162,7,0,1298,7,2,0
12/13/2021,SAN MIGUEL,1,1,0,1,2,1,1137,163,8,0,1300,8,2,1
12/14/2021,SAN MIGUEL,1,0,0,0,1,0,1137,164,8,0,1301,8,1,0
12/15/2021,SAN MIGUEL,1,10,0,0,11,0,1147,165,8,0,1312,8,11,0
12/16/2021,SAN MIGUEL,0,6,0,0,6,0,1153,165,8,0,1318,8,6,0
12/17/2021,SAN MIGUEL,0,1,0,0,1,0,1154,165,8,0,1319,8,1,0
12/18/2021,SAN MIGUEL,1,2,0,0,3,0,1156,166,8,0,1322,8,3,0
12/19/2021,SAN MIGUEL,0,2,0,0,2,0,1158,166,8,0,1324,8,2,0
12/20/2021,SAN MIGUEL,2,1,0,0,3,0,1159,168,8,0,1327,8,3,0
12/21/2021,SAN MIGUEL,2,7,0,0,9,0,1166,170,8,0,1336,8,9,0
12/22/2021,SAN MIGUEL,3,43,0,0,46,0,1209,173,8,0,1382,8,46,0
12/23/2021,SAN MIGUEL,6,102,0,0,108,0,1311,179,8,0,1490,8,108,0
12/24/2021,SAN MIGUEL,1,5,0,0,6,0,1316,180,8,0,1496,8,6,0
12/25/2021,SAN MIGUEL,0,1,0,0,1,0,1317,180,8,0,1497,8,1,0
12/26/2021,SAN MIGUEL,1,3,0,0,4,0,1320,181,8,0,1501,8,4,0
12/27/2021,SAN MIGUEL,2,4,0,0,6,0,1324,183,8,0,1507,8,6,0
12/28/2021,SAN MIGUEL,3,5,0,0,8,0,1329,186,8,0,1515,8,8,0
12/29/2021,SAN MIGUEL,1,111,0,0,112,0,1440,187,8,0,1627,8,112,0
12/30/2021,SAN MIGUEL,2,65,0,0,67,0,1505,189,8,0,1694,8,67,0
12/31/2021,SAN MIGUEL,0,16,0,0,16,0,1521,189,8,0,1710,8,16,0
01/01/2022,SAN MIGUEL,0,2,0,0,2,0,1523,189,8,0,1712,8,2,0
01/02/2022,SAN MIGUEL,1,4,0,0,5,0,1527,190,8,0,1717,8,5,0
01/03/2022,SAN MIGUEL,2,22,0,0,24,0,1549,192,8,0,1741,8,24,0
01/04/2022,SAN MIGUEL,2,7,0,0,9,0,1556,194,8,0,1750,8,9,0
01/05/2022,SAN MIGUEL,3,78,0,0,81,0,1634,197,8,0,1831,8,81,0
01/06/2022,SAN MIGUEL,2,38,0,0,40,0,1672,199,8,0,1871,8,40,0
01/07/2022,SAN MIGUEL,0,14,0,0,14,0,1686,199,8,0,1885,8,14,0
01/08/2022,SAN MIGUEL,0,5,0,0,5,0,1691,199,8,0,1890,8,5,0
01/09/2022,SAN MIGUEL,0,21,0,0,21,0,1712,199,8,0,1911,8,21,0
01/10/2022,SAN MIGUEL,1,5,0,0,6,0,1717,200,8,0,1917,8,6,0
01/11/2022,SAN MIGUEL,2,7,0,0,9,0,1724,202,8,0,1926,8,9,0
01/12/2022,SAN MIGUEL,1,55,0,0,56,0,1779,203,8,0,1982,8,56,0
01/13/2022,SAN MIGUEL,1,19,0,0,20,0,1798,204,8,0,2002,8,20,0
01/14/2022,SAN MIGUEL,0,4,0,0,4,0,1802,204,8,0,2006,8,4,0
01/15/2022,SAN MIGUEL,0,12,0,0,12,0,1814,204,8,0,2018,8,12,0
01/16/2022,SAN MIGUEL,0,5,0,0,5,0,1819,204,8,0,2023,8,5,0
01/17/2022,SAN MIGUEL,1,3,0,0,4,0,1822,205,8,0,2027,8,4,0
01/18/2022,SAN MIGUEL,0,8,0,0,8,0,1830,205,8,0,2035,8,8,0
01/19/2022,SAN MIGUEL,1,18,0,0,19,0,1848,206,8,0,2054,8,19,0
01/20/2022,SAN MIGUEL,0,3,0,0,3,0,1851,206,8,0,2057,8,3,0
01/21/2022,SAN MIGUEL,0,8,0,0,8,0,1859,206,8,0,2065,8,8,0
01/22/2022,SAN MIGUEL,0,19,0,0,19,0,1878,206,8,0,2084,8,19,0
01/23/2022,SAN MIGUEL,0,1,0,0,1,0,1879,206,8,0,2085,8,1,0
01/24/2022,SAN MIGUEL,2,6,0,0,8,0,1885,208,8,0,2093,8,8,0
01/25/2022,SAN MIGUEL,0,3,0,0,3,0,1888,208,8,0,2096,8,3,0
01/26/2022,SAN MIGUEL,1,10,0,0,11,0,1898,209,8,0,2107,8,11,0
01/27/2022,SAN MIGUEL,1,30,0,0,31,0,1928,210,8,0,2138,8,31,0
01/28/2022,SAN MIGUEL,2,3,0,0,5,0,1931,212,8,0,2143,8,5,0
01/29/2022,SAN MIGUEL,0,8,0,0,8,0,1939,212,8,0,2151,8,8,0
01/30/2022,SAN MIGUEL,1,1,0,0,2,0,1940,213,8,0,2153,8,2,0
01/31/2022,SAN MIGUEL,0,2,0,0,2,0,1942,213,8,0,2155,8,2,0
02/01/2022,SAN MIGUEL,0,2,0,0,2,0,1944,213,8,0,2157,8,2,0
02/02/2022,SAN MIGUEL,0,24,0,0,24,0,1968,213,8,0,2181,8,24,0
02/03/2022,SAN MIGUEL,0,1,0,0,1,0,1969,213,8,0,2182,8,1,0
02/04/2022,SAN MIGUEL,0,5,0,0,5,0,1974,213,8,0,2187,8,5,0
02/06/2022,SAN MIGUEL,0,1,0,0,1,0,1975,213,8,0,2188,8,1,0
02/07/2022,SAN MIGUEL,0,1,0,0,1,0,1976,213,8,0,2189,8,1,0
02/08/2022,SAN MIGUEL,0,6,0,0,6,0,1982,213,8,0,2195,8,6,0
02/09/2022,SAN MIGUEL,0,5,0,0,5,0,1987,213,8,0,2200,8,5,0
02/10/2022,SAN MIGUEL,0,1,0,0,1,0,1988,213,8,0,2201,8,1,0
02/11/2022,SAN MIGUEL,0,2,0,0,2,0,1990,213,8,0,2203,8,2,0
02/12/2022,SAN MIGUEL,0,2,0,0,2,0,1992,213,8,0,2205,8,2,0
02/14/2022,SAN MIGUEL,0,1,0,0,1,0,1993,213,8,0,2206,8,1,0
02/15/2022,SAN MIGUEL,1,3,0,0,4,0,1996,214,8,0,2210,8,4,0
02/16/2022,SAN MIGUEL,0,4,0,0,4,0,2000,214,8,0,2214,8,4,0
02/17/2022,SAN MIGUEL,0,1,0,0,1,0,2001,214,8,0,2215,8,1,0
02/19/2022,SAN MIGUEL,0,2,0,1,2,1,2003,214,9,0,2217,9,2,1
02/22/2022,SAN MIGUEL,0,4,0,0,4,0,2007,214,9,0,2221,9,4,0
02/23/2022,SAN MIGUEL,0,1,0,0,1,0,2008,214,9,0,2222,9,1,0
02/24/2022,SAN MIGUEL,0,2,0,0,2,0,2010,214,9,0,2224,9,2,0
02/25/2022,SAN MIGUEL,0,1,0,0,1,0,2011,214,9,0,2225,9,1,0
02/28/2022,SAN MIGUEL,1,0,0,0,1,0,2011,215,9,0,2226,9,1,0
03/01/2022,SAN MIGUEL,0,2,0,0,2,0,2013,215,9,0,2228,9,2,0
03/02/2022,SAN MIGUEL,0,2,0,0,2,0,2015,215,9,0,2230,9,2,0
03/03/2022,SAN MIGUEL,0,1,0,0,1,0,2016,215,9,0,2231,9,1,0
03/05/2022,SAN MIGUEL,1,0,0,0,1,0,2016,216,9,0,2232,9,1,0
03/08/2022,SAN MIGUEL,0,1,0,0,1,0,2017,216,9,0,2233,9,1,0
03/12/2022,SAN MIGUEL,0,1,0,0,1,0,2018,216,9,0,2234,9,1,0
03/14/2022,SAN MIGUEL,0,1,0,0,1,0,2019,216,9,0,2235,9,1,0
03/17/2022,SAN MIGUEL,1,1,0,0,2,0,2020,217,9,0,2237,9,2,0
07/13/2020,SEDGWICK,0,3,0,0,3,0,3,0,0,0,3,0,-2234,-9
07/14/2020,SEDGWICK,0,1,0,1,1,1,4,0,1,0,4,1,1,1
07/16/2020,SEDGWICK,0,1,0,0,1,0,5,0,1,0,5,1,1,0
07/18/2020,SEDGWICK,0,3,0,2,3,2,8,0,3,0,8,3,3,2
07/19/2020,SEDGWICK,0,2,0,0,2,0,10,0,3,0,10,3,2,0
07/20/2020,SEDGWICK,0,1,0,0,1,0,11,0,3,0,11,3,1,0
08/20/2020,SEDGWICK,0,1,0,0,1,0,12,0,3,0,12,3,1,0
09/22/2020,SEDGWICK,0,2,0,0,2,0,14,0,3,0,14,3,2,0
09/24/2020,SEDGWICK,0,1,0,0,1,0,15,0,3,0,15,3,1,0
10/11/2020,SEDGWICK,0,1,0,0,1,0,16,0,3,0,16,3,1,0
10/12/2020,SEDGWICK,0,2,0,0,2,0,18,0,3,0,18,3,2,0
10/13/2020,SEDGWICK,0,2,0,0,2,0,20,0,3,0,20,3,2,0
10/16/2020,SEDGWICK,0,6,0,0,6,0,26,0,3,0,26,3,6,0
10/17/2020,SEDGWICK,0,3,0,0,3,0,29,0,3,0,29,3,3,0
10/18/2020,SEDGWICK,0,1,0,0,1,0,30,0,3,0,30,3,1,0
10/19/2020,SEDGWICK,0,3,0,0,3,0,33,0,3,0,33,3,3,0
10/20/2020,SEDGWICK,0,1,0,0,1,0,34,0,3,0,34,3,1,0
10/21/2020,SEDGWICK,0,4,0,0,4,0,38,0,3,0,38,3,4,0
10/22/2020,SEDGWICK,1,2,0,0,3,0,40,1,3,0,41,3,3,0
10/23/2020,SEDGWICK,0,1,0,0,1,0,41,1,3,0,42,3,1,0
10/29/2020,SEDGWICK,0,1,0,0,1,0,42,1,3,0,43,3,1,0
10/30/2020,SEDGWICK,1,3,0,0,4,0,45,2,3,0,47,3,4,0
11/02/2020,SEDGWICK,1,4,0,1,5,1,49,3,4,0,52,4,5,1
11/03/2020,SEDGWICK,0,1,0,0,1,0,50,3,4,0,53,4,1,0
11/05/2020,SEDGWICK,1,5,0,0,6,0,55,4,4,0,59,4,6,0
11/06/2020,SEDGWICK,0,6,0,0,6,0,61,4,4,0,65,4,6,0
11/11/2020,SEDGWICK,1,6,0,0,7,0,67,5,4,0,72,4,7,0
11/12/2020,SEDGWICK,2,10,0,0,12,0,77,7,4,0,84,4,12,0
11/14/2020,SEDGWICK,1,0,0,0,1,0,77,8,4,0,85,4,1,0
11/15/2020,SEDGWICK,0,1,0,0,1,0,78,8,4,0,86,4,1,0
11/16/2020,SEDGWICK,1,1,0,0,2,0,79,9,4,0,88,4,2,0
11/17/2020,SEDGWICK,1,3,0,0,4,0,82,10,4,0,92,4,4,0
11/18/2020,SEDGWICK,0,5,0,0,5,0,87,10,4,0,97,4,5,0
11/19/2020,SEDGWICK,0,1,0,0,1,0,88,10,4,0,98,4,1,0
11/20/2020,SEDGWICK,0,1,0,0,1,0,89,10,4,0,99,4,1,0
11/22/2020,SEDGWICK,0,2,0,0,2,0,91,10,4,0,101,4,2,0
11/23/2020,SEDGWICK,0,1,0,0,1,0,92,10,4,0,102,4,1,0
11/24/2020,SEDGWICK,0,6,0,0,6,0,98,10,4,0,108,4,6,0
11/25/2020,SEDGWICK,0,3,0,0,3,0,101,10,4,0,111,4,3,0
11/27/2020,SEDGWICK,1,2,0,0,3,0,103,11,4,0,114,4,3,0
11/29/2020,SEDGWICK,0,1,0,0,1,0,104,11,4,0,115,4,1,0
11/30/2020,SEDGWICK,0,3,0,0,3,0,107,11,4,0,118,4,3,0
12/02/2020,SEDGWICK,0,1,0,0,1,0,108,11,4,0,119,4,1,0
12/03/2020,SEDGWICK,0,1,0,0,1,0,109,11,4,0,120,4,1,0
12/08/2020,SEDGWICK,0,1,0,0,1,0,110,11,4,0,121,4,1,0
12/12/2020,SEDGWICK,0,1,0,0,1,0,111,11,4,0,122,4,1,0
12/15/2020,SEDGWICK,0,1,0,0,1,0,112,11,4,0,123,4,1,0
12/18/2020,SEDGWICK,0,1,0,0,1,0,113,11,4,0,124,4,1,0
12/19/2020,SEDGWICK,0,3,0,0,3,0,116,11,4,0,127,4,3,0
12/25/2020,SEDGWICK,0,1,0,0,1,0,117,11,4,0,128,4,1,0
12/28/2020,SEDGWICK,1,0,0,0,1,0,117,12,4,0,129,4,1,0
12/31/2020,SEDGWICK,0,6,0,0,6,0,123,12,4,0,135,4,6,0
01/01/2021,SEDGWICK,0,1,0,0,1,0,124,12,4,0,136,4,1,0
01/03/2021,SEDGWICK,1,10,0,0,11,0,134,13,4,0,147,4,11,0
01/05/2021,SEDGWICK,1,0,0,0,1,0,134,14,4,0,148,4,1,0
01/06/2021,SEDGWICK,1,4,0,0,5,0,138,15,4,0,153,4,5,0
01/07/2021,SEDGWICK,2,4,0,0,6,0,142,17,4,0,159,4,6,0
01/08/2021,SEDGWICK,0,4,0,0,4,0,146,17,4,0,163,4,4,0
01/09/2021,SEDGWICK,0,3,0,0,3,0,149,17,4,0,166,4,3,0
01/11/2021,SEDGWICK,0,2,0,0,2,0,151,17,4,0,168,4,2,0
01/12/2021,SEDGWICK,0,3,0,0,3,0,154,17,4,0,171,4,3,0
01/14/2021,SEDGWICK,0,4,0,0,4,0,158,17,4,0,175,4,4,0
01/15/2021,SEDGWICK,0,3,0,0,3,0,161,17,4,0,178,4,3,0
01/16/2021,SEDGWICK,1,0,0,0,1,0,161,18,4,0,179,4,1,0
01/17/2021,SEDGWICK,0,1,0,0,1,0,162,18,4,0,180,4,1,0
01/19/2021,SEDGWICK,0,1,0,0,1,0,163,18,4,0,181,4,1,0
01/20/2021,SEDGWICK,0,2,0,0,2,0,165,18,4,0,183,4,2,0
01/23/2021,SEDGWICK,0,1,0,0,1,0,166,18,4,0,184,4,1,0
01/27/2021,SEDGWICK,0,3,0,0,3,0,169,18,4,0,187,4,3,0
02/03/2021,SEDGWICK,0,1,0,0,1,0,170,18,4,0,188,4,1,0
02/09/2021,SEDGWICK,0,1,0,0,1,0,171,18,4,0,189,4,1,0
02/16/2021,SEDGWICK,0,1,0,0,1,0,172,18,4,0,190,4,1,0
02/18/2021,SEDGWICK,0,1,0,0,1,0,173,18,4,0,191,4,1,0
03/02/2021,SEDGWICK,1,0,0,0,1,0,173,19,4,0,192,4,1,0
03/09/2021,SEDGWICK,0,2,0,0,2,0,175,19,4,0,194,4,2,0
03/12/2021,SEDGWICK,0,2,0,0,2,0,177,19,4,0,196,4,2,0
03/15/2021,SEDGWICK,2,0,0,0,2,0,177,21,4,0,198,4,2,0
03/21/2021,SEDGWICK,1,0,0,0,1,0,177,22,4,0,199,4,1,0
03/22/2021,SEDGWICK,0,1,0,0,1,0,178,22,4,0,200,4,1,0
03/26/2021,SEDGWICK,1,0,0,0,1,0,178,23,4,0,201,4,1,0
04/08/2021,SEDGWICK,0,1,0,0,1,0,179,23,4,0,202,4,1,0
04/10/2021,SEDGWICK,0,3,0,0,3,0,182,23,4,0,205,4,3,0
04/12/2021,SEDGWICK,0,1,0,0,1,0,183,23,4,0,206,4,1,0
04/13/2021,SEDGWICK,0,1,0,0,1,0,184,23,4,0,207,4,1,0
04/20/2021,SEDGWICK,0,1,0,0,1,0,185,23,4,0,208,4,1,0
04/23/2021,SEDGWICK,0,1,0,0,1,0,186,23,4,0,209,4,1,0
04/30/2021,SEDGWICK,0,3,0,0,3,0,189,23,4,0,212,4,3,0
05/03/2021,SEDGWICK,2,0,0,0,2,0,189,25,4,0,214,4,2,0
05/04/2021,SEDGWICK,0,3,0,1,3,1,192,25,5,0,217,5,3,1
05/05/2021,SEDGWICK,0,1,0,0,1,0,193,25,5,0,218,5,1,0
05/06/2021,SEDGWICK,0,3,0,0,3,0,196,25,5,0,221,5,3,0
05/07/2021,SEDGWICK,0,4,0,0,4,0,200,25,5,0,225,5,4,0
05/09/2021,SEDGWICK,0,1,0,0,1,0,201,25,5,0,226,5,1,0
05/10/2021,SEDGWICK,0,1,0,0,1,0,202,25,5,0,227,5,1,0
05/11/2021,SEDGWICK,0,2,0,0,2,0,204,25,5,0,229,5,2,0
05/12/2021,SEDGWICK,0,1,0,0,1,0,205,25,5,0,230,5,1,0
05/13/2021,SEDGWICK,0,2,0,0,2,0,207,25,5,0,232,5,2,0
05/24/2021,SEDGWICK,0,1,0,0,1,0,208,25,5,0,233,5,1,0
05/30/2021,SEDGWICK,0,1,0,0,1,0,209,25,5,0,234,5,1,0
06/04/2021,SEDGWICK,0,1,0,0,1,0,210,25,5,0,235,5,1,0
07/27/2021,SEDGWICK,0,1,0,0,1,0,211,25,5,0,236,5,1,0
08/02/2021,SEDGWICK,0,1,0,0,1,0,212,25,5,0,237,5,1,0
08/03/2021,SEDGWICK,0,1,0,0,1,0,213,25,5,0,238,5,1,0
08/05/2021,SEDGWICK,0,1,0,0,1,0,214,25,5,0,239,5,1,0
08/08/2021,SEDGWICK,0,1,0,0,1,0,215,25,5,0,240,5,1,0
08/12/2021,SEDGWICK,0,4,0,0,4,0,219,25,5,0,244,5,4,0
08/13/2021,SEDGWICK,1,1,0,0,2,0,220,26,5,0,246,5,2,0
08/16/2021,SEDGWICK,0,1,0,0,1,0,221,26,5,0,247,5,1,0
08/17/2021,SEDGWICK,0,4,0,0,4,0,225,26,5,0,251,5,4,0
08/18/2021,SEDGWICK,0,1,0,0,1,0,226,26,5,0,252,5,1,0
08/19/2021,SEDGWICK,0,1,0,0,1,0,227,26,5,0,253,5,1,0
08/20/2021,SEDGWICK,1,1,0,0,2,0,228,27,5,0,255,5,2,0
08/21/2021,SEDGWICK,0,1,0,1,1,1,229,27,6,0,256,6,1,1
08/23/2021,SEDGWICK,0,2,0,0,2,0,231,27,6,0,258,6,2,0
08/24/2021,SEDGWICK,1,1,0,0,2,0,232,28,6,0,260,6,2,0
08/30/2021,SEDGWICK,0,1,0,0,1,0,233,28,6,0,261,6,1,0
08/31/2021,SEDGWICK,0,1,0,0,1,0,234,28,6,0,262,6,1,0
09/03/2021,SEDGWICK,0,1,0,0,1,0,235,28,6,0,263,6,1,0
09/05/2021,SEDGWICK,0,2,0,0,2,0,237,28,6,0,265,6,2,0
09/07/2021,SEDGWICK,1,0,0,0,1,0,237,29,6,0,266,6,1,0
09/08/2021,SEDGWICK,1,0,0,0,1,0,237,30,6,0,267,6,1,0
09/14/2021,SEDGWICK,2,1,0,0,3,0,238,32,6,0,270,6,3,0
09/16/2021,SEDGWICK,0,1,0,0,1,0,239,32,6,0,271,6,1,0
09/18/2021,SEDGWICK,0,1,0,0,1,0,240,32,6,0,272,6,1,0
09/19/2021,SEDGWICK,0,1,0,0,1,0,241,32,6,0,273,6,1,0
09/20/2021,SEDGWICK,0,1,0,0,1,0,242,32,6,0,274,6,1,0
09/22/2021,SEDGWICK,0,1,0,0,1,0,243,32,6,0,275,6,1,0
09/24/2021,SEDGWICK,0,2,0,0,2,0,245,32,6,0,277,6,2,0
09/28/2021,SEDGWICK,0,2,0,0,2,0,247,32,6,0,279,6,2,0
09/29/2021,SEDGWICK,0,1,0,0,1,0,248,32,6,0,280,6,1,0
09/30/2021,SEDGWICK,0,1,0,0,1,0,249,32,6,0,281,6,1,0
10/06/2021,SEDGWICK,1,2,0,0,3,0,251,33,6,0,284,6,3,0
10/08/2021,SEDGWICK,1,1,0,0,2,0,252,34,6,0,286,6,2,0
10/13/2021,SEDGWICK,0,7,0,0,7,0,259,34,6,0,293,6,7,0
10/14/2021,SEDGWICK,1,7,0,0,8,0,266,35,6,0,301,6,8,0
10/15/2021,SEDGWICK,1,3,0,0,4,0,269,36,6,0,305,6,4,0
10/17/2021,SEDGWICK,0,7,0,1,7,1,276,36,7,0,312,7,7,1
10/19/2021,SEDGWICK,0,1,0,0,1,0,277,36,7,0,313,7,1,0
10/20/2021,SEDGWICK,0,3,0,0,3,0,280,36,7,0,316,7,3,0
10/21/2021,SEDGWICK,0,2,0,0,2,0,282,36,7,0,318,7,2,0
10/22/2021,SEDGWICK,1,1,0,0,2,0,283,37,7,0,320,7,2,0
10/23/2021,SEDGWICK,0,5,0,0,5,0,288,37,7,0,325,7,5,0
10/25/2021,SEDGWICK,0,2,0,0,2,0,290,37,7,0,327,7,2,0
10/26/2021,SEDGWICK,0,3,0,0,3,0,293,37,7,0,330,7,3,0
10/27/2021,SEDGWICK,1,0,0,0,1,0,293,38,7,0,331,7,1,0
10/29/2021,SEDGWICK,0,1,0,0,1,0,294,38,7,0,332,7,1,0
10/30/2021,SEDGWICK,0,1,0,0,1,0,295,38,7,0,333,7,1,0
11/01/2021,SEDGWICK,1,0,0,0,1,0,295,39,7,0,334,7,1,0
11/04/2021,SEDGWICK,1,1,0,0,2,0,296,40,7,0,336,7,2,0
11/05/2021,SEDGWICK,1,0,1,0,1,1,296,41,7,1,337,8,1,1
11/06/2021,SEDGWICK,0,1,0,0,1,0,297,41,7,1,338,8,1,0
11/08/2021,SEDGWICK,1,2,0,0,3,0,299,42,7,1,341,8,3,0
11/11/2021,SEDGWICK,1,0,0,0,1,0,299,43,7,1,342,8,1,0
11/12/2021,SEDGWICK,0,1,0,0,1,0,300,43,7,1,343,8,1,0
11/13/2021,SEDGWICK,0,1,0,0,1,0,301,43,7,1,344,8,1,0
11/15/2021,SEDGWICK,0,1,0,0,1,0,302,43,7,1,345,8,1,0
11/17/2021,SEDGWICK,0,1,0,0,1,0,303,43,7,1,346,8,1,0
11/20/2021,SEDGWICK,0,6,0,0,6,0,309,43,7,1,352,8,6,0
11/26/2021,SEDGWICK,0,1,0,0,1,0,310,43,7,1,353,8,1,0
11/29/2021,SEDGWICK,1,0,0,0,1,0,310,44,7,1,354,8,1,0
12/01/2021,SEDGWICK,0,2,0,0,2,0,312,44,7,1,356,8,2,0
12/02/2021,SEDGWICK,0,1,0,0,1,0,313,44,7,1,357,8,1,0
12/03/2021,SEDGWICK,0,1,0,1,1,1,314,44,8,1,358,9,1,1
12/07/2021,SEDGWICK,1,0,0,0,1,0,314,45,8,1,359,9,1,0
12/10/2021,SEDGWICK,0,1,0,0,1,0,315,45,8,1,360,9,1,0
12/13/2021,SEDGWICK,0,1,0,0,1,0,316,45,8,1,361,9,1,0
12/15/2021,SEDGWICK,0,1,0,0,1,0,317,45,8,1,362,9,1,0
12/19/2021,SEDGWICK,0,2,0,0,2,0,319,45,8,1,364,9,2,0
12/28/2021,SEDGWICK,1,0,0,0,1,0,319,46,8,1,365,9,1,0
12/29/2021,SEDGWICK,0,1,0,0,1,0,320,46,8,1,366,9,1,0
01/01/2022,SEDGWICK,0,2,0,0,2,0,322,46,8,1,368,9,2,0
01/02/2022,SEDGWICK,0,1,0,0,1,0,323,46,8,1,369,9,1,0
01/03/2022,SEDGWICK,1,1,0,0,2,0,324,47,8,1,371,9,2,0
01/05/2022,SEDGWICK,0,2,0,0,2,0,326,47,8,1,373,9,2,0
01/06/2022,SEDGWICK,0,1,0,0,1,0,327,47,8,1,374,9,1,0
01/07/2022,SEDGWICK,1,0,0,0,1,0,327,48,8,1,375,9,1,0
01/08/2022,SEDGWICK,0,1,0,0,1,0,328,48,8,1,376,9,1,0
01/09/2022,SEDGWICK,0,1,0,0,1,0,329,48,8,1,377,9,1,0
01/10/2022,SEDGWICK,1,0,0,0,1,0,329,49,8,1,378,9,1,0
01/11/2022,SEDGWICK,2,1,0,0,3,0,330,51,8,1,381,9,3,0
01/12/2022,SEDGWICK,2,6,0,0,8,0,336,53,8,1,389,9,8,0
01/13/2022,SEDGWICK,0,1,0,0,1,0,337,53,8,1,390,9,1,0
01/15/2022,SEDGWICK,1,0,0,0,1,0,337,54,8,1,391,9,1,0
01/16/2022,SEDGWICK,0,3,0,0,3,0,340,54,8,1,394,9,3,0
01/17/2022,SEDGWICK,1,4,0,0,5,0,344,55,8,1,399,9,5,0
01/18/2022,SEDGWICK,1,2,0,0,3,0,346,56,8,1,402,9,3,0
01/19/2022,SEDGWICK,2,1,0,0,3,0,347,58,8,1,405,9,3,0
01/21/2022,SEDGWICK,5,1,0,0,6,0,348,63,8,1,411,9,6,0
01/22/2022,SEDGWICK,0,5,0,0,5,0,353,63,8,1,416,9,5,0
01/23/2022,SEDGWICK,0,3,0,0,3,0,356,63,8,1,419,9,3,0
01/24/2022,SEDGWICK,2,0,1,0,2,1,356,65,8,2,421,10,2,1
01/25/2022,SEDGWICK,0,9,0,0,9,0,365,65,8,2,430,10,9,0
01/26/2022,SEDGWICK,1,6,0,0,7,0,371,66,8,2,437,10,7,0
01/27/2022,SEDGWICK,1,1,0,0,2,0,372,67,8,2,439,10,2,0
01/29/2022,SEDGWICK,0,6,0,0,6,0,378,67,8,2,445,10,6,0
01/31/2022,SEDGWICK,1,9,0,0,10,0,387,68,8,2,455,10,10,0
02/01/2022,SEDGWICK,0,1,0,0,1,0,388,68,8,2,456,10,1,0
02/02/2022,SEDGWICK,0,3,0,0,3,0,391,68,8,2,459,10,3,0
02/03/2022,SEDGWICK,1,1,0,0,2,0,392,69,8,2,461,10,2,0
02/04/2022,SEDGWICK,0,5,0,0,5,0,397,69,8,2,466,10,5,0
02/05/2022,SEDGWICK,0,1,0,0,1,0,398,69,8,2,467,10,1,0
02/07/2022,SEDGWICK,0,1,0,0,1,0,399,69,8,2,468,10,1,0
02/08/2022,SEDGWICK,2,2,0,0,4,0,401,71,8,2,472,10,4,0
02/11/2022,SEDGWICK,0,2,0,0,2,0,403,71,8,2,474,10,2,0
02/12/2022,SEDGWICK,0,1,0,0,1,0,404,71,8,2,475,10,1,0
02/13/2022,SEDGWICK,0,1,0,0,1,0,405,71,8,2,476,10,1,0
02/15/2022,SEDGWICK,0,1,0,0,1,0,406,71,8,2,477,10,1,0
02/16/2022,SEDGWICK,0,1,0,0,1,0,407,71,8,2,478,10,1,0
02/23/2022,SEDGWICK,0,1,0,0,1,0,408,71,8,2,479,10,1,0
03/08/2022,SEDGWICK,1,0,1,0,1,1,408,72,8,3,480,11,1,1
03/13/2020,SUMMIT,0,1,0,0,1,0,1,0,0,0,1,0,-479,-11
03/16/2020,SUMMIT,0,2,0,0,2,0,3,0,0,0,3,0,2,0
03/18/2020,SUMMIT,0,1,0,0,1,0,4,0,0,0,4,0,1,0
03/19/2020,SUMMIT,0,1,0,0,1,0,5,0,0,0,5,0,1,0
03/22/2020,SUMMIT,0,1,0,0,1,0,6,0,0,0,6,0,1,0
03/23/2020,SUMMIT,0,1,0,0,1,0,7,0,0,0,7,0,1,0
03/24/2020,SUMMIT,0,1,0,0,1,0,8,0,0,0,8,0,1,0
03/26/2020,SUMMIT,0,2,0,0,2,0,10,0,0,0,10,0,2,0
03/27/2020,SUMMIT,0,1,0,0,1,0,11,0,0,0,11,0,1,0
03/29/2020,SUMMIT,0,1,0,0,1,0,12,0,0,0,12,0,1,0
03/30/2020,SUMMIT,1,3,0,0,4,0,15,1,0,0,16,0,4,0
03/31/2020,SUMMIT,0,3,0,0,3,0,18,1,0,0,19,0,3,0
04/01/2020,SUMMIT,1,2,0,0,3,0,20,2,0,0,22,0,3,0
04/02/2020,SUMMIT,7,2,0,1,9,1,22,9,1,0,31,1,9,1
04/03/2020,SUMMIT,4,4,0,0,8,0,26,13,1,0,39,1,8,0
04/04/2020,SUMMIT,1,1,0,0,2,0,27,14,1,0,41,1,2,0
04/05/2020,SUMMIT,0,3,0,0,3,0,30,14,1,0,44,1,3,0
04/06/2020,SUMMIT,3,5,0,0,8,0,35,17,1,0,52,1,8,0
04/07/2020,SUMMIT,0,2,0,0,2,0,37,17,1,0,54,1,2,0
04/08/2020,SUMMIT,0,5,0,0,5,0,42,17,1,0,59,1,5,0
04/09/2020,SUMMIT,0,1,0,0,1,0,43,17,1,0,60,1,1,0
04/10/2020,SUMMIT,2,4,0,0,6,0,47,19,1,0,66,1,6,0
04/11/2020,SUMMIT,0,1,0,1,1,1,48,19,2,0,67,2,1,1
04/12/2020,SUMMIT,0,1,0,0,1,0,49,19,2,0,68,2,1,0
04/13/2020,SUMMIT,0,3,0,0,3,0,52,19,2,0,71,2,3,0
04/15/2020,SUMMIT,0,1,0,0,1,0,53,19,2,0,72,2,1,0
04/16/2020,SUMMIT,0,5,0,0,5,0,58,19,2,0,77,2,5,0
04/17/2020,SUMMIT,3,2,0,1,5,1,60,22,3,0,82,3,5,1
04/18/2020,SUMMIT,1,0,0,0,1,0,60,23,3,0,83,3,1,0
04/19/2020,SUMMIT,0,2,0,0,2,0,62,23,3,0,85,3,2,0
04/22/2020,SUMMIT,0,1,0,0,1,0,63,23,3,0,86,3,1,0
04/23/2020,SUMMIT,0,8,0,0,8,0,71,23,3,0,94,3,8,0
04/25/2020,SUMMIT,1,3,0,1,4,1,74,24,4,0,98,4,4,1
04/26/2020,SUMMIT,0,1,0,0,1,0,75,24,4,0,99,4,1,0
04/27/2020,SUMMIT,0,15,0,0,15,0,90,24,4,0,114,4,15,0
04/28/2020,SUMMIT,1,2,0,0,3,0,92,25,4,0,117,4,3,0
04/29/2020,SUMMIT,0,7,0,0,7,0,99,25,4,0,124,4,7,0
04/30/2020,SUMMIT,0,4,0,0,4,0,103,25,4,0,128,4,4,0
05/01/2020,SUMMIT,0,5,0,0,5,0,108,25,4,0,133,4,5,0
05/02/2020,SUMMIT,0,8,0,0,8,0,116,25,4,0,141,4,8,0
05/04/2020,SUMMIT,4,1,0,0,5,0,117,29,4,0,146,4,5,0
05/05/2020,SUMMIT,0,4,0,0,4,0,121,29,4,0,150,4,4,0
05/07/2020,SUMMIT,0,1,0,0,1,0,122,29,4,0,151,4,1,0
05/08/2020,SUMMIT,0,6,0,1,6,1,128,29,5,0,157,5,6,1
05/09/2020,SUMMIT,0,3,0,0,3,0,131,29,5,0,160,5,3,0
05/10/2020,SUMMIT,1,3,0,0,4,0,134,30,5,0,164,5,4,0
05/11/2020,SUMMIT,0,2,0,0,2,0,136,30,5,0,166,5,2,0
05/12/2020,SUMMIT,2,1,0,0,3,0,137,32,5,0,169,5,3,0
05/13/2020,SUMMIT,1,0,0,0,1,0,137,33,5,0,170,5,1,0
05/14/2020,SUMMIT,0,6,0,0,6,0,143,33,5,0,176,5,6,0
05/15/2020,SUMMIT,0,4,0,0,4,0,147,33,5,0,180,5,4,0
05/17/2020,SUMMIT,1,2,0,0,3,0,149,34,5,0,183,5,3,0
05/18/2020,SUMMIT,0,6,0,0,6,0,155,34,5,0,189,5,6,0
05/19/2020,SUMMIT,0,2,0,0,2,0,157,34,5,0,191,5,2,0
05/20/2020,SUMMIT,0,1,0,0,1,0,158,34,5,0,192,5,1,0
05/21/2020,SUMMIT,1,1,0,0,2,0,159,35,5,0,194,5,2,0
05/22/2020,SUMMIT,0,3,0,0,3,0,162,35,5,0,197,5,3,0
05/23/2020,SUMMIT,1,2,0,0,3,0,164,36,5,0,200,5,3,0
05/24/2020,SUMMIT,1,1,0,0,2,0,165,37,5,0,202,5,2,0
05/25/2020,SUMMIT,0,6,0,0,6,0,171,37,5,0,208,5,6,0
05/26/2020,SUMMIT,0,3,0,0,3,0,174,37,5,0,211,5,3,0
05/27/2020,SUMMIT,2,1,0,0,3,0,175,39,5,0,214,5,3,0
05/28/2020,SUMMIT,0,2,0,0,2,0,177,39,5,0,216,5,2,0
05/29/2020,SUMMIT,0,6,0,0,6,0,183,39,5,0,222,5,6,0
05/30/2020,SUMMIT,0,4,0,0,4,0,187,39,5,0,226,5,4,0
05/31/2020,SUMMIT,1,3,0,0,4,0,190,40,5,0,230,5,4,0
06/01/2020,SUMMIT,0,1,0,0,1,0,191,40,5,0,231,5,1,0
06/02/2020,SUMMIT,0,4,0,0,4,0,195,40,5,0,235,5,4,0
06/03/2020,SUMMIT,2,2,0,0,4,0,197,42,5,0,239,5,4,0
06/05/2020,SUMMIT,1,1,0,0,2,0,198,43,5,0,241,5,2,0
06/06/2020,SUMMIT,0,4,0,0,4,0,202,43,5,0,245,5,4,0
06/08/2020,SUMMIT,2,1,0,0,3,0,203,45,5,0,248,5,3,0
06/09/2020,SUMMIT,0,2,0,0,2,0,205,45,5,0,250,5,2,0
06/10/2020,SUMMIT,0,1,0,0,1,0,206,45,5,0,251,5,1,0
06/11/2020,SUMMIT,0,2,0,0,2,0,208,45,5,0,253,5,2,0
06/12/2020,SUMMIT,0,2,0,0,2,0,210,45,5,0,255,5,2,0
06/14/2020,SUMMIT,0,2,0,0,2,0,212,45,5,0,257,5,2,0
06/15/2020,SUMMIT,0,3,0,1,3,1,215,45,6,0,260,6,3,1
06/16/2020,SUMMIT,0,3,0,0,3,0,218,45,6,0,263,6,3,0
06/19/2020,SUMMIT,1,0,0,0,1,0,218,46,6,0,264,6,1,0
06/22/2020,SUMMIT,0,1,0,0,1,0,219,46,6,0,265,6,1,0
06/24/2020,SUMMIT,0,1,0,0,1,0,220,46,6,0,266,6,1,0
06/25/2020,SUMMIT,1,1,0,0,2,0,221,47,6,0,268,6,2,0
06/27/2020,SUMMIT,0,2,0,0,2,0,223,47,6,0,270,6,2,0
06/29/2020,SUMMIT,1,0,0,0,1,0,223,48,6,0,271,6,1,0
06/30/2020,SUMMIT,0,4,0,0,4,0,227,48,6,0,275,6,4,0
07/01/2020,SUMMIT,5,2,0,0,7,0,229,53,6,0,282,6,7,0
07/02/2020,SUMMIT,1,0,0,0,1,0,229,54,6,0,283,6,1,0
07/03/2020,SUMMIT,0,1,0,0,1,0,230,54,6,0,284,6,1,0
07/04/2020,SUMMIT,0,2,0,0,2,0,232,54,6,0,286,6,2,0
07/06/2020,SUMMIT,0,1,0,0,1,0,233,54,6,0,287,6,1,0
07/07/2020,SUMMIT,1,1,0,0,2,0,234,55,6,0,289,6,2,0
07/08/2020,SUMMIT,4,3,0,0,7,0,237,59,6,0,296,6,7,0
07/09/2020,SUMMIT,0,3,0,0,3,0,240,59,6,0,299,6,3,0
07/10/2020,SUMMIT,1,1,0,0,2,0,241,60,6,0,301,6,2,0
07/13/2020,SUMMIT,2,0,0,0,2,0,241,62,6,0,303,6,2,0
07/14/2020,SUMMIT,0,1,0,0,1,0,242,62,6,0,304,6,1,0
07/16/2020,SUMMIT,0,2,0,0,2,0,244,62,6,0,306,6,2,0
07/17/2020,SUMMIT,0,1,0,0,1,0,245,62,6,0,307,6,1,0
07/20/2020,SUMMIT,2,0,0,0,2,0,245,64,6,0,309,6,2,0
07/21/2020,SUMMIT,0,2,0,0,2,0,247,64,6,0,311,6,2,0
07/22/2020,SUMMIT,0,1,0,0,1,0,248,64,6,0,312,6,1,0
07/23/2020,SUMMIT,1,2,0,0,3,0,250,65,6,0,315,6,3,0
07/24/2020,SUMMIT,2,2,0,0,4,0,252,67,6,0,319,6,4,0
07/25/2020,SUMMIT,0,1,0,0,1,0,253,67,6,0,320,6,1,0
07/26/2020,SUMMIT,0,1,0,0,1,0,254,67,6,0,321,6,1,0
07/27/2020,SUMMIT,2,1,0,0,3,0,255,69,6,0,324,6,3,0
07/28/2020,SUMMIT,2,2,0,0,4,0,257,71,6,0,328,6,4,0
07/29/2020,SUMMIT,3,2,0,0,5,0,259,74,6,0,333,6,5,0
07/30/2020,SUMMIT,0,1,0,0,1,0,260,74,6,0,334,6,1,0
07/31/2020,SUMMIT,0,1,0,0,1,0,261,74,6,0,335,6,1,0
08/03/2020,SUMMIT,2,1,0,0,3,0,262,76,6,0,338,6,3,0
08/04/2020,SUMMIT,1,1,0,0,2,0,263,77,6,0,340,6,2,0
08/07/2020,SUMMIT,0,1,0,0,1,0,264,77,6,0,341,6,1,0
08/09/2020,SUMMIT,0,1,0,0,1,0,265,77,6,0,342,6,1,0
08/11/2020,SUMMIT,1,0,0,0,1,0,265,78,6,0,343,6,1,0
08/13/2020,SUMMIT,1,4,0,0,5,0,269,79,6,0,348,6,5,0
08/14/2020,SUMMIT,0,1,0,0,1,0,270,79,6,0,349,6,1,0
08/17/2020,SUMMIT,1,2,0,0,3,0,272,80,6,0,352,6,3,0
08/18/2020,SUMMIT,0,2,0,0,2,0,274,80,6,0,354,6,2,0
08/20/2020,SUMMIT,0,3,0,0,3,0,277,80,6,0,357,6,3,0
08/21/2020,SUMMIT,1,0,0,0,1,0,277,81,6,0,358,6,1,0
08/22/2020,SUMMIT,0,2,0,0,2,0,279,81,6,0,360,6,2,0
08/23/2020,SUMMIT,0,3,0,0,3,0,282,81,6,0,363,6,3,0
08/24/2020,SUMMIT,2,0,0,0,2,0,282,83,6,0,365,6,2,0
09/01/2020,SUMMIT,1,0,0,0,1,0,282,84,6,0,366,6,1,0
09/02/2020,SUMMIT,0,2,0,0,2,0,284,84,6,0,368,6,2,0
09/07/2020,SUMMIT,0,3,0,0,3,0,287,84,6,0,371,6,3,0
09/10/2020,SUMMIT,0,5,0,0,5,0,292,84,6,0,376,6,5,0
09/13/2020,SUMMIT,1,9,0,0,10,0,301,85,6,0,386,6,10,0
09/14/2020,SUMMIT,2,0,0,0,2,0,301,87,6,0,388,6,2,0
09/15/2020,SUMMIT,16,7,0,0,23,0,308,103,6,0,411,6,23,0
09/16/2020,SUMMIT,10,1,0,0,11,0,309,113,6,0,422,6,11,0
09/17/2020,SUMMIT,1,7,0,0,8,0,316,114,6,0,430,6,8,0
09/18/2020,SUMMIT,2,2,0,0,4,0,318,116,6,0,434,6,4,0
09/21/2020,SUMMIT,0,2,0,0,2,0,320,116,6,0,436,6,2,0
09/22/2020,SUMMIT,7,19,0,0,26,0,339,123,6,0,462,6,26,0
09/23/2020,SUMMIT,1,6,0,0,7,0,345,124,6,0,469,6,7,0
09/24/2020,SUMMIT,0,2,0,0,2,0,347,124,6,0,471,6,2,0
09/25/2020,SUMMIT,0,4,0,0,4,0,351,124,6,0,475,6,4,0
09/26/2020,SUMMIT,0,4,0,0,4,0,355,124,6,0,479,6,4,0
09/27/2020,SUMMIT,1,1,0,0,2,0,356,125,6,0,481,6,2,0
09/29/2020,SUMMIT,1,2,0,0,3,0,358,126,6,0,484,6,3,0
09/30/2020,SUMMIT,0,3,0,0,3,0,361,126,6,0,487,6,3,0
10/01/2020,SUMMIT,0,3,0,0,3,0,364,126,6,0,490,6,3,0
10/02/2020,SUMMIT,0,5,0,0,5,0,369,126,6,0,495,6,5,0
10/03/2020,SUMMIT,0,8,0,0,8,0,377,126,6,0,503,6,8,0
10/04/2020,SUMMIT,0,3,0,0,3,0,380,126,6,0,506,6,3,0
10/05/2020,SUMMIT,0,2,0,0,2,0,382,126,6,0,508,6,2,0
10/06/2020,SUMMIT,0,7,0,0,7,0,389,126,6,0,515,6,7,0
10/07/2020,SUMMIT,0,5,0,0,5,0,394,126,6,0,520,6,5,0
10/08/2020,SUMMIT,0,7,0,0,7,0,401,126,6,0,527,6,7,0
10/09/2020,SUMMIT,0,4,0,0,4,0,405,126,6,0,531,6,4,0
10/10/2020,SUMMIT,0,2,0,0,2,0,407,126,6,0,533,6,2,0
10/11/2020,SUMMIT,1,7,0,0,8,0,414,127,6,0,541,6,8,0
10/12/2020,SUMMIT,6,2,0,0,8,0,416,133,6,0,549,6,8,0
10/13/2020,SUMMIT,4,4,0,0,8,0,420,137,6,0,557,6,8,0
10/14/2020,SUMMIT,1,8,0,0,9,0,428,138,6,0,566,6,9,0
10/15/2020,SUMMIT,0,8,0,0,8,0,436,138,6,0,574,6,8,0
10/16/2020,SUMMIT,1,4,0,0,5,0,440,139,6,0,579,6,5,0
10/17/2020,SUMMIT,0,13,0,0,13,0,453,139,6,0,592,6,13,0
10/18/2020,SUMMIT,0,4,0,0,4,0,457,139,6,0,596,6,4,0
10/19/2020,SUMMIT,0,11,0,0,11,0,468,139,6,0,607,6,11,0
10/20/2020,SUMMIT,2,8,0,0,10,0,476,141,6,0,617,6,10,0
10/21/2020,SUMMIT,2,10,0,0,12,0,486,143,6,0,629,6,12,0
10/22/2020,SUMMIT,4,11,0,0,15,0,497,147,6,0,644,6,15,0
10/23/2020,SUMMIT,3,15,0,0,18,0,512,150,6,0,662,6,18,0
10/24/2020,SUMMIT,2,13,0,0,15,0,525,152,6,0,677,6,15,0
10/25/2020,SUMMIT,1,13,0,0,14,0,538,153,6,0,691,6,14,0
10/26/2020,SUMMIT,1,16,0,0,17,0,554,154,6,0,708,6,17,0
10/27/2020,SUMMIT,4,9,0,0,13,0,563,158,6,0,721,6,13,0
10/28/2020,SUMMIT,2,11,0,0,13,0,574,160,6,0,734,6,13,0
10/29/2020,SUMMIT,1,21,0,0,22,0,595,161,6,0,756,6,22,0
10/30/2020,SUMMIT,1,8,0,0,9,0,603,162,6,0,765,6,9,0
10/31/2020,SUMMIT,1,26,0,0,27,0,629,163,6,0,792,6,27,0
11/01/2020,SUMMIT,3,24,0,0,27,0,653,166,6,0,819,6,27,0
11/02/2020,SUMMIT,0,14,0,0,14,0,667,166,6,0,833,6,14,0
11/03/2020,SUMMIT,0,33,0,0,33,0,700,166,6,0,866,6,33,0
11/04/2020,SUMMIT,0,16,0,0,16,0,716,166,6,0,882,6,16,0
11/05/2020,SUMMIT,0,31,0,0,31,0,747,166,6,0,913,6,31,0
11/06/2020,SUMMIT,0,19,0,0,19,0,766,166,6,0,932,6,19,0
11/07/2020,SUMMIT,2,32,0,0,34,0,798,168,6,0,966,6,34,0
11/08/2020,SUMMIT,1,16,0,0,17,0,814,169,6,0,983,6,17,0
11/09/2020,SUMMIT,1,27,0,0,28,0,841,170,6,0,1011,6,28,0
11/10/2020,SUMMIT,1,13,0,0,14,0,854,171,6,0,1025,6,14,0
11/11/2020,SUMMIT,1,29,0,0,30,0,883,172,6,0,1055,6,30,0
11/12/2020,SUMMIT,1,34,0,0,35,0,917,173,6,0,1090,6,35,0
11/13/2020,SUMMIT,1,27,0,0,28,0,944,174,6,0,1118,6,28,0
11/14/2020,SUMMIT,1,8,0,0,9,0,952,175,6,0,1127,6,9,0
11/15/2020,SUMMIT,0,23,0,0,23,0,975,175,6,0,1150,6,23,0
11/16/2020,SUMMIT,0,20,0,0,20,0,995,175,6,0,1170,6,20,0
11/17/2020,SUMMIT,0,19,0,0,19,0,1014,175,6,0,1189,6,19,0
11/18/2020,SUMMIT,0,44,0,1,44,1,1058,175,7,0,1233,7,44,1
11/19/2020,SUMMIT,3,13,0,1,16,1,1071,178,8,0,1249,8,16,1
11/20/2020,SUMMIT,1,42,0,0,43,0,1113,179,8,0,1292,8,43,0
11/21/2020,SUMMIT,0,42,0,0,42,0,1155,179,8,0,1334,8,42,0
11/22/2020,SUMMIT,0,13,0,0,13,0,1168,179,8,0,1347,8,13,0
11/23/2020,SUMMIT,1,27,0,0,28,0,1195,180,8,0,1375,8,28,0
11/24/2020,SUMMIT,1,24,0,0,25,0,1219,181,8,0,1400,8,25,0
11/25/2020,SUMMIT,0,33,0,0,33,0,1252,181,8,0,1433,8,33,0
11/26/2020,SUMMIT,0,24,0,0,24,0,1276,181,8,0,1457,8,24,0
11/27/2020,SUMMIT,1,17,0,0,18,0,1293,182,8,0,1475,8,18,0
11/28/2020,SUMMIT,0,24,0,0,24,0,1317,182,8,0,1499,8,24,0
11/29/2020,SUMMIT,0,29,0,0,29,0,1346,182,8,0,1528,8,29,0
11/30/2020,SUMMIT,0,40,0,0,40,0,1386,182,8,0,1568,8,40,0
12/01/2020,SUMMIT,0,29,0,0,29,0,1415,182,8,0,1597,8,29,0
12/02/2020,SUMMIT,1,38,0,0,39,0,1453,183,8,0,1636,8,39,0
12/03/2020,SUMMIT,0,24,0,0,24,0,1477,183,8,0,1660,8,24,0
12/04/2020,SUMMIT,3,26,0,0,29,0,1503,186,8,0,1689,8,29,0
12/05/2020,SUMMIT,2,21,0,0,23,0,1524,188,8,0,1712,8,23,0
12/06/2020,SUMMIT,0,17,0,0,17,0,1541,188,8,0,1729,8,17,0
12/07/2020,SUMMIT,4,25,0,0,29,0,1566,192,8,0,1758,8,29,0
12/08/2020,SUMMIT,0,11,0,0,11,0,1577,192,8,0,1769,8,11,0
12/09/2020,SUMMIT,0,19,0,0,19,0,1596,192,8,0,1788,8,19,0
12/10/2020,SUMMIT,3,10,0,0,13,0,1606,195,8,0,1801,8,13,0
12/11/2020,SUMMIT,1,24,0,0,25,0,1630,196,8,0,1826,8,25,0
12/12/2020,SUMMIT,1,13,0,0,14,0,1643,197,8,0,1840,8,14,0
12/13/2020,SUMMIT,0,14,0,0,14,0,1657,197,8,0,1854,8,14,0
12/14/2020,SUMMIT,2,13,0,0,15,0,1670,199,8,0,1869,8,15,0
12/15/2020,SUMMIT,0,25,0,0,25,0,1695,199,8,0,1894,8,25,0
12/16/2020,SUMMIT,0,10,0,0,10,0,1705,199,8,0,1904,8,10,0
12/17/2020,SUMMIT,0,24,0,0,24,0,1729,199,8,0,1928,8,24,0
12/18/2020,SUMMIT,3,15,0,0,18,0,1744,202,8,0,1946,8,18,0
12/19/2020,SUMMIT,0,4,0,0,4,0,1748,202,8,0,1950,8,4,0
12/20/2020,SUMMIT,0,23,0,0,23,0,1771,202,8,0,1973,8,23,0
12/21/2020,SUMMIT,0,21,0,0,21,0,1792,202,8,0,1994,8,21,0
12/22/2020,SUMMIT,0,34,0,0,34,0,1826,202,8,0,2028,8,34,0
12/23/2020,SUMMIT,1,5,0,0,6,0,1831,203,8,0,2034,8,6,0
12/24/2020,SUMMIT,0,28,0,0,28,0,1859,203,8,0,2062,8,28,0
12/25/2020,SUMMIT,0,8,0,0,8,0,1867,203,8,0,2070,8,8,0
12/26/2020,SUMMIT,2,2,0,0,4,0,1869,205,8,0,2074,8,4,0
12/27/2020,SUMMIT,0,11,0,0,11,0,1880,205,8,0,2085,8,11,0
12/28/2020,SUMMIT,0,6,0,0,6,0,1886,205,8,0,2091,8,6,0
12/29/2020,SUMMIT,0,16,0,0,16,0,1902,205,8,0,2107,8,16,0
12/30/2020,SUMMIT,0,18,0,0,18,0,1920,205,8,0,2125,8,18,0
12/31/2020,SUMMIT,1,7,0,0,8,0,1927,206,8,0,2133,8,8,0
01/01/2021,SUMMIT,0,15,0,0,15,0,1942,206,8,0,2148,8,15,0
01/02/2021,SUMMIT,0,3,0,0,3,0,1945,206,8,0,2151,8,3,0
01/03/2021,SUMMIT,0,18,0,0,18,0,1963,206,8,0,2169,8,18,0
01/04/2021,SUMMIT,0,8,0,0,8,0,1971,206,8,0,2177,8,8,0
01/05/2021,SUMMIT,1,10,0,0,11,0,1981,207,8,0,2188,8,11,0
01/06/2021,SUMMIT,0,13,0,0,13,0,1994,207,8,0,2201,8,13,0
01/07/2021,SUMMIT,1,24,0,0,25,0,2018,208,8,0,2226,8,25,0
01/08/2021,SUMMIT,0,35,0,0,35,0,2053,208,8,0,2261,8,35,0
01/09/2021,SUMMIT,0,14,0,0,14,0,2067,208,8,0,2275,8,14,0
01/10/2021,SUMMIT,0,16,0,0,16,0,2083,208,8,0,2291,8,16,0
01/11/2021,SUMMIT,0,19,0,0,19,0,2102,208,8,0,2310,8,19,0
01/12/2021,SUMMIT,0,20,0,0,20,0,2122,208,8,0,2330,8,20,0
01/13/2021,SUMMIT,1,11,0,0,12,0,2133,209,8,0,2342,8,12,0
01/14/2021,SUMMIT,0,19,0,0,19,0,2152,209,8,0,2361,8,19,0
01/15/2021,SUMMIT,2,16,0,0,18,0,2168,211,8,0,2379,8,18,0
01/16/2021,SUMMIT,0,17,0,0,17,0,2185,211,8,0,2396,8,17,0
01/17/2021,SUMMIT,2,7,0,0,9,0,2192,213,8,0,2405,8,9,0
01/18/2021,SUMMIT,1,16,0,0,17,0,2208,214,8,0,2422,8,17,0
01/19/2021,SUMMIT,1,16,0,0,17,0,2224,215,8,0,2439,8,17,0
01/20/2021,SUMMIT,0,21,0,0,21,0,2245,215,8,0,2460,8,21,0
01/21/2021,SUMMIT,0,19,0,0,19,0,2264,215,8,0,2479,8,19,0
01/22/2021,SUMMIT,1,28,0,0,29,0,2292,216,8,0,2508,8,29,0
01/23/2021,SUMMIT,0,20,0,0,20,0,2312,216,8,0,2528,8,20,0
01/24/2021,SUMMIT,0,20,0,0,20,0,2332,216,8,0,2548,8,20,0
01/25/2021,SUMMIT,0,24,0,0,24,0,2356,216,8,0,2572,8,24,0
01/26/2021,SUMMIT,0,18,0,0,18,0,2374,216,8,0,2590,8,18,0
01/27/2021,SUMMIT,2,21,0,0,23,0,2395,218,8,0,2613,8,23,0
01/28/2021,SUMMIT,1,7,0,0,8,0,2402,219,8,0,2621,8,8,0
01/29/2021,SUMMIT,1,7,0,0,8,0,2409,220,8,0,2629,8,8,0
01/30/2021,SUMMIT,2,13,0,0,15,0,2422,222,8,0,2644,8,15,0
01/31/2021,SUMMIT,0,27,0,1,27,1,2449,222,9,0,2671,9,27,1
02/01/2021,SUMMIT,0,12,0,0,12,0,2461,222,9,0,2683,9,12,0
02/02/2021,SUMMIT,2,26,0,0,28,0,2487,224,9,0,2711,9,28,0
02/03/2021,SUMMIT,1,7,0,0,8,0,2494,225,9,0,2719,9,8,0
02/04/2021,SUMMIT,0,32,0,1,32,1,2526,225,10,0,2751,10,32,1
02/05/2021,SUMMIT,0,18,0,0,18,0,2544,225,10,0,2769,10,18,0
02/06/2021,SUMMIT,0,16,0,0,16,0,2560,225,10,0,2785,10,16,0
02/07/2021,SUMMIT,0,17,0,0,17,0,2577,225,10,0,2802,10,17,0
02/08/2021,SUMMIT,1,10,0,0,11,0,2587,226,10,0,2813,10,11,0
02/09/2021,SUMMIT,0,17,0,0,17,0,2604,226,10,0,2830,10,17,0
02/10/2021,SUMMIT,0,21,0,0,21,0,2625,226,10,0,2851,10,21,0
02/11/2021,SUMMIT,0,24,0,0,24,0,2649,226,10,0,2875,10,24,0
02/12/2021,SUMMIT,0,20,0,0,20,0,2669,226,10,0,2895,10,20,0
02/13/2021,SUMMIT,0,14,0,0,14,0,2683,226,10,0,2909,10,14,0
02/14/2021,SUMMIT,1,6,0,0,7,0,2689,227,10,0,2916,10,7,0
02/15/2021,SUMMIT,0,8,0,0,8,0,2697,227,10,0,2924,10,8,0
02/16/2021,SUMMIT,1,14,0,0,15,0,2711,228,10,0,2939,10,15,0
02/17/2021,SUMMIT,1,4,0,0,5,0,2715,229,10,0,2944,10,5,0
02/18/2021,SUMMIT,0,12,0,0,12,0,2727,229,10,0,2956,10,12,0
02/19/2021,SUMMIT,0,6,0,0,6,0,2733,229,10,0,2962,10,6,0
02/20/2021,SUMMIT,0,13,0,0,13,0,2746,229,10,0,2975,10,13,0
02/21/2021,SUMMIT,0,4,0,0,4,0,2750,229,10,0,2979,10,4,0
02/22/2021,SUMMIT,0,18,0,0,18,0,2768,229,10,0,2997,10,18,0
02/23/2021,SUMMIT,0,8,0,0,8,0,2776,229,10,0,3005,10,8,0
02/24/2021,SUMMIT,0,15,0,0,15,0,2791,229,10,0,3020,10,15,0
02/25/2021,SUMMIT,0,5,0,0,5,0,2796,229,10,0,3025,10,5,0
02/26/2021,SUMMIT,1,11,0,0,12,0,2807,230,10,0,3037,10,12,0
02/27/2021,SUMMIT,0,8,0,0,8,0,2815,230,10,0,3045,10,8,0
02/28/2021,SUMMIT,0,6,0,0,6,0,2821,230,10,0,3051,10,6,0
03/01/2021,SUMMIT,0,13,0,0,13,0,2834,230,10,0,3064,10,13,0
03/02/2021,SUMMIT,0,4,0,0,4,0,2838,230,10,0,3068,10,4,0
03/03/2021,SUMMIT,0,6,0,0,6,0,2844,230,10,0,3074,10,6,0
03/04/2021,SUMMIT,0,13,0,0,13,0,2857,230,10,0,3087,10,13,0
03/05/2021,SUMMIT,0,1,0,0,1,0,2858,230,10,0,3088,10,1,0
03/06/2021,SUMMIT,0,9,0,0,9,0,2867,230,10,0,3097,10,9,0
03/07/2021,SUMMIT,0,6,0,0,6,0,2873,230,10,0,3103,10,6,0
03/08/2021,SUMMIT,3,8,0,0,11,0,2881,233,10,0,3114,10,11,0
03/09/2021,SUMMIT,0,5,0,0,5,0,2886,233,10,0,3119,10,5,0
03/10/2021,SUMMIT,0,10,0,0,10,0,2896,233,10,0,3129,10,10,0
03/11/2021,SUMMIT,0,7,0,0,7,0,2903,233,10,0,3136,10,7,0
03/12/2021,SUMMIT,0,10,0,0,10,0,2913,233,10,0,3146,10,10,0
03/13/2021,SUMMIT,1,12,0,0,13,0,2925,234,10,0,3159,10,13,0
03/15/2021,SUMMIT,0,7,0,0,7,0,2932,234,10,0,3166,10,7,0
03/16/2021,SUMMIT,0,14,0,0,14,0,2946,234,10,0,3180,10,14,0
03/17/2021,SUMMIT,1,12,0,0,13,0,2958,235,10,0,3193,10,13,0
03/18/2021,SUMMIT,0,16,0,0,16,0,2974,235,10,0,3209,10,16,0
03/19/2021,SUMMIT,0,10,0,0,10,0,2984,235,10,0,3219,10,10,0
03/20/2021,SUMMIT,0,17,0,0,17,0,3001,235,10,0,3236,10,17,0
03/21/2021,SUMMIT,1,2,0,0,3,0,3003,236,10,0,3239,10,3,0
03/22/2021,SUMMIT,1,25,0,0,26,0,3028,237,10,0,3265,10,26,0
03/23/2021,SUMMIT,1,15,0,0,16,0,3043,238,10,0,3281,10,16,0
03/24/2021,SUMMIT,0,14,0,0,14,0,3057,238,10,0,3295,10,14,0
03/25/2021,SUMMIT,0,30,0,0,30,0,3087,238,10,0,3325,10,30,0
03/26/2021,SUMMIT,1,21,0,0,22,0,3108,239,10,0,3347,10,22,0
03/27/2021,SUMMIT,0,9,0,0,9,0,3117,239,10,0,3356,10,9,0
03/28/2021,SUMMIT,0,24,0,0,24,0,3141,239,10,0,3380,10,24,0
03/29/2021,SUMMIT,0,8,0,0,8,0,3149,239,10,0,3388,10,8,0
03/30/2021,SUMMIT,0,21,0,0,21,0,3170,239,10,0,3409,10,21,0
03/31/2021,SUMMIT,1,14,0,0,15,0,3184,240,10,0,3424,10,15,0
04/01/2021,SUMMIT,1,22,0,0,23,0,3206,241,10,0,3447,10,23,0
04/02/2021,SUMMIT,0,22,0,0,22,0,3228,241,10,0,3469,10,22,0
04/03/2021,SUMMIT,0,19,0,0,19,0,3247,241,10,0,3488,10,19,0
04/04/2021,SUMMIT,0,7,0,0,7,0,3254,241,10,0,3495,10,7,0
04/05/2021,SUMMIT,5,10,0,0,15,0,3264,246,10,0,3510,10,15,0
04/06/2021,SUMMIT,2,12,0,0,14,0,3276,248,10,0,3524,10,14,0
04/07/2021,SUMMIT,1,18,0,0,19,0,3294,249,10,0,3543,10,19,0
04/08/2021,SUMMIT,4,9,0,0,13,0,3303,253,10,0,3556,10,13,0
04/09/2021,SUMMIT,1,14,0,0,15,0,3317,254,10,0,3571,10,15,0
04/10/2021,SUMMIT,0,6,0,0,6,0,3323,254,10,0,3577,10,6,0
04/11/2021,SUMMIT,0,6,0,0,6,0,3329,254,10,0,3583,10,6,0
04/12/2021,SUMMIT,1,16,0,0,17,0,3345,255,10,0,3600,10,17,0
04/13/2021,SUMMIT,3,7,0,0,10,0,3352,258,10,0,3610,10,10,0
04/14/2021,SUMMIT,2,1,0,0,3,0,3353,260,10,0,3613,10,3,0
04/15/2021,SUMMIT,2,10,0,0,12,0,3363,262,10,0,3625,10,12,0
04/16/2021,SUMMIT,1,6,0,0,7,0,3369,263,10,0,3632,10,7,0
04/17/2021,SUMMIT,0,4,0,0,4,0,3373,263,10,0,3636,10,4,0
04/18/2021,SUMMIT,1,5,0,0,6,0,3378,264,10,0,3642,10,6,0
04/19/2021,SUMMIT,2,17,0,0,19,0,3395,266,10,0,3661,10,19,0
04/20/2021,SUMMIT,2,3,0,0,5,0,3398,268,10,0,3666,10,5,0
04/21/2021,SUMMIT,1,6,0,0,7,0,3404,269,10,0,3673,10,7,0
04/22/2021,SUMMIT,2,3,0,0,5,0,3407,271,10,0,3678,10,5,0
04/23/2021,SUMMIT,3,4,0,0,7,0,3411,274,10,0,3685,10,7,0
04/24/2021,SUMMIT,0,4,0,0,4,0,3415,274,10,0,3689,10,4,0
04/25/2021,SUMMIT,0,3,0,0,3,0,3418,274,10,0,3692,10,3,0
04/26/2021,SUMMIT,0,4,0,0,4,0,3422,274,10,0,3696,10,4,0
04/27/2021,SUMMIT,0,2,0,0,2,0,3424,274,10,0,3698,10,2,0
04/29/2021,SUMMIT,1,3,0,0,4,0,3427,275,10,0,3702,10,4,0
04/30/2021,SUMMIT,0,1,0,0,1,0,3428,275,10,0,3703,10,1,0
05/01/2021,SUMMIT,0,3,0,0,3,0,3431,275,10,0,3706,10,3,0
05/02/2021,SUMMIT,0,2,0,0,2,0,3433,275,10,0,3708,10,2,0
05/03/2021,SUMMIT,0,8,0,0,8,0,3441,275,10,0,3716,10,8,0
05/04/2021,SUMMIT,0,5,0,0,5,0,3446,275,10,0,3721,10,5,0
05/05/2021,SUMMIT,2,2,0,0,4,0,3448,277,10,0,3725,10,4,0
05/07/2021,SUMMIT,0,1,0,0,1,0,3449,277,10,0,3726,10,1,0
05/08/2021,SUMMIT,0,2,0,0,2,0,3451,277,10,0,3728,10,2,0
05/10/2021,SUMMIT,1,2,0,1,3,1,3453,278,11,0,3731,11,3,1
05/11/2021,SUMMIT,1,3,0,0,4,0,3456,279,11,0,3735,11,4,0
05/12/2021,SUMMIT,0,2,0,0,2,0,3458,279,11,0,3737,11,2,0
05/13/2021,SUMMIT,0,4,0,0,4,0,3462,279,11,0,3741,11,4,0
05/14/2021,SUMMIT,0,3,0,0,3,0,3465,279,11,0,3744,11,3,0
05/16/2021,SUMMIT,0,6,0,0,6,0,3471,279,11,0,3750,11,6,0
05/17/2021,SUMMIT,0,2,0,0,2,0,3473,279,11,0,3752,11,2,0
05/18/2021,SUMMIT,0,4,0,0,4,0,3477,279,11,0,3756,11,4,0
05/19/2021,SUMMIT,0,2,0,0,2,0,3479,279,11,0,3758,11,2,0
05/20/2021,SUMMIT,0,1,0,0,1,0,3480,279,11,0,3759,11,1,0
05/21/2021,SUMMIT,0,2,0,0,2,0,3482,279,11,0,3761,11,2,0
05/22/2021,SUMMIT,1,1,0,0,2,0,3483,280,11,0,3763,11,2,0
05/23/2021,SUMMIT,0,4,0,0,4,0,3487,280,11,0,3767,11,4,0
05/25/2021,SUMMIT,0,7,0,0,7,0,3494,280,11,0,3774,11,7,0
05/26/2021,SUMMIT,0,1,0,0,1,0,3495,280,11,0,3775,11,1,0
05/27/2021,SUMMIT,0,1,0,0,1,0,3496,280,11,0,3776,11,1,0
05/28/2021,SUMMIT,0,4,0,0,4,0,3500,280,11,0,3780,11,4,0
05/29/2021,SUMMIT,0,1,0,0,1,0,3501,280,11,0,3781,11,1,0
05/31/2021,SUMMIT,0,2,0,0,2,0,3503,280,11,0,3783,11,2,0
06/01/2021,SUMMIT,0,1,0,0,1,0,3504,280,11,0,3784,11,1,0
06/02/2021,SUMMIT,0,2,0,0,2,0,3506,280,11,0,3786,11,2,0
06/03/2021,SUMMIT,0,1,0,0,1,0,3507,280,11,0,3787,11,1,0
06/04/2021,SUMMIT,0,1,0,0,1,0,3508,280,11,0,3788,11,1,0
06/05/2021,SUMMIT,0,1,0,0,1,0,3509,280,11,0,3789,11,1,0
06/07/2021,SUMMIT,0,1,0,0,1,0,3510,280,11,0,3790,11,1,0
06/08/2021,SUMMIT,0,1,0,0,1,0,3511,280,11,0,3791,11,1,0
06/10/2021,SUMMIT,0,1,0,0,1,0,3512,280,11,0,3792,11,1,0
06/14/2021,SUMMIT,0,2,0,0,2,0,3514,280,11,0,3794,11,2,0
06/15/2021,SUMMIT,0,1,0,0,1,0,3515,280,11,0,3795,11,1,0
06/17/2021,SUMMIT,0,2,0,0,2,0,3517,280,11,0,3797,11,2,0
06/18/2021,SUMMIT,0,1,0,0,1,0,3518,280,11,0,3798,11,1,0
06/21/2021,SUMMIT,0,1,0,0,1,0,3519,280,11,0,3799,11,1,0
06/22/2021,SUMMIT,0,3,0,0,3,0,3522,280,11,0,3802,11,3,0
06/24/2021,SUMMIT,0,1,0,0,1,0,3523,280,11,0,3803,11,1,0
06/25/2021,SUMMIT,0,1,0,0,1,0,3524,280,11,0,3804,11,1,0
06/26/2021,SUMMIT,0,1,0,0,1,0,3525,280,11,0,3805,11,1,0
06/27/2021,SUMMIT,0,2,0,0,2,0,3527,280,11,0,3807,11,2,0
06/28/2021,SUMMIT,0,1,0,0,1,0,3528,280,11,0,3808,11,1,0
06/29/2021,SUMMIT,0,2,0,0,2,0,3530,280,11,0,3810,11,2,0
06/30/2021,SUMMIT,0,1,0,0,1,0,3531,280,11,0,3811,11,1,0
07/03/2021,SUMMIT,0,1,0,0,1,0,3532,280,11,0,3812,11,1,0
07/05/2021,SUMMIT,0,1,0,0,1,0,3533,280,11,0,3813,11,1,0
07/06/2021,SUMMIT,0,3,0,0,3,0,3536,280,11,0,3816,11,3,0
07/07/2021,SUMMIT,0,1,0,0,1,0,3537,280,11,0,3817,11,1,0
07/08/2021,SUMMIT,0,3,0,0,3,0,3540,280,11,0,3820,11,3,0
07/09/2021,SUMMIT,0,6,0,0,6,0,3546,280,11,0,3826,11,6,0
07/10/2021,SUMMIT,1,1,0,0,2,0,3547,281,11,0,3828,11,2,0
07/11/2021,SUMMIT,0,3,0,0,3,0,3550,281,11,0,3831,11,3,0
07/12/2021,SUMMIT,0,4,0,0,4,0,3554,281,11,0,3835,11,4,0
07/13/2021,SUMMIT,0,9,0,0,9,0,3563,281,11,0,3844,11,9,0
07/14/2021,SUMMIT,0,5,0,0,5,0,3568,281,11,0,3849,11,5,0
07/15/2021,SUMMIT,0,3,0,0,3,0,3571,281,11,0,3852,11,3,0
07/16/2021,SUMMIT,1,2,0,0,3,0,3573,282,11,0,3855,11,3,0
07/17/2021,SUMMIT,0,2,0,0,2,0,3575,282,11,0,3857,11,2,0
07/18/2021,SUMMIT,0,10,0,0,10,0,3585,282,11,0,3867,11,10,0
07/19/2021,SUMMIT,0,2,0,0,2,0,3587,282,11,0,3869,11,2,0
07/20/2021,SUMMIT,1,4,0,0,5,0,3591,283,11,0,3874,11,5,0
07/21/2021,SUMMIT,1,19,0,0,20,0,3610,284,11,0,3894,11,20,0
07/22/2021,SUMMIT,0,16,0,0,16,0,3626,284,11,0,3910,11,16,0
07/23/2021,SUMMIT,0,11,0,0,11,0,3637,284,11,0,3921,11,11,0
07/24/2021,SUMMIT,0,7,0,0,7,0,3644,284,11,0,3928,11,7,0
07/25/2021,SUMMIT,0,15,0,0,15,0,3659,284,11,0,3943,11,15,0
07/26/2021,SUMMIT,0,10,0,0,10,0,3669,284,11,0,3953,11,10,0
07/27/2021,SUMMIT,0,16,0,0,16,0,3685,284,11,0,3969,11,16,0
07/28/2021,SUMMIT,1,14,0,0,15,0,3699,285,11,0,3984,11,15,0
07/29/2021,SUMMIT,0,12,0,0,12,0,3711,285,11,0,3996,11,12,0
07/30/2021,SUMMIT,1,15,0,0,16,0,3726,286,11,0,4012,11,16,0
07/31/2021,SUMMIT,0,8,0,0,8,0,3734,286,11,0,4020,11,8,0
08/01/2021,SUMMIT,0,7,0,0,7,0,3741,286,11,0,4027,11,7,0
08/02/2021,SUMMIT,0,4,0,0,4,0,3745,286,11,0,4031,11,4,0
08/03/2021,SUMMIT,0,8,0,0,8,0,3753,286,11,0,4039,11,8,0
08/04/2021,SUMMIT,1,18,0,0,19,0,3771,287,11,0,4058,11,19,0
08/05/2021,SUMMIT,0,11,0,0,11,0,3782,287,11,0,4069,11,11,0
08/06/2021,SUMMIT,1,11,0,0,12,0,3793,288,11,0,4081,11,12,0
08/07/2021,SUMMIT,0,11,0,0,11,0,3804,288,11,0,4092,11,11,0
08/08/2021,SUMMIT,0,18,0,0,18,0,3822,288,11,0,4110,11,18,0
08/09/2021,SUMMIT,1,11,0,0,12,0,3833,289,11,0,4122,11,12,0
08/10/2021,SUMMIT,3,16,0,0,19,0,3849,292,11,0,4141,11,19,0
08/11/2021,SUMMIT,0,16,0,0,16,0,3865,292,11,0,4157,11,16,0
08/12/2021,SUMMIT,0,2,0,0,2,0,3867,292,11,0,4159,11,2,0
08/13/2021,SUMMIT,0,15,0,0,15,0,3882,292,11,0,4174,11,15,0
08/14/2021,SUMMIT,0,9,0,0,9,0,3891,292,11,0,4183,11,9,0
08/15/2021,SUMMIT,0,7,0,0,7,0,3898,292,11,0,4190,11,7,0
08/16/2021,SUMMIT,1,9,0,0,10,0,3907,293,11,0,4200,11,10,0
08/17/2021,SUMMIT,0,14,0,0,14,0,3921,293,11,0,4214,11,14,0
08/18/2021,SUMMIT,0,10,0,0,10,0,3931,293,11,0,4224,11,10,0
08/19/2021,SUMMIT,0,14,0,1,14,1,3945,293,12,0,4238,12,14,1
08/20/2021,SUMMIT,0,14,0,0,14,0,3959,293,12,0,4252,12,14,0
08/21/2021,SUMMIT,0,9,0,0,9,0,3968,293,12,0,4261,12,9,0
08/22/2021,SUMMIT,0,7,0,0,7,0,3975,293,12,0,4268,12,7,0
08/23/2021,SUMMIT,1,2,0,0,3,0,3977,294,12,0,4271,12,3,0
08/24/2021,SUMMIT,1,13,0,0,14,0,3990,295,12,0,4285,12,14,0
08/25/2021,SUMMIT,0,18,0,0,18,0,4008,295,12,0,4303,12,18,0
08/26/2021,SUMMIT,2,9,0,0,11,0,4017,297,12,0,4314,12,11,0
08/27/2021,SUMMIT,0,6,0,0,6,0,4023,297,12,0,4320,12,6,0
08/28/2021,SUMMIT,0,1,0,0,1,0,4024,297,12,0,4321,12,1,0
08/29/2021,SUMMIT,0,3,0,0,3,0,4027,297,12,0,4324,12,3,0
08/30/2021,SUMMIT,0,15,0,0,15,0,4042,297,12,0,4339,12,15,0
08/31/2021,SUMMIT,2,5,0,0,7,0,4047,299,12,0,4346,12,7,0
09/01/2021,SUMMIT,1,12,0,0,13,0,4059,300,12,0,4359,12,13,0
09/02/2021,SUMMIT,2,2,0,1,4,1,4061,302,13,0,4363,13,4,1
09/03/2021,SUMMIT,0,6,0,0,6,0,4067,302,13,0,4369,13,6,0
09/04/2021,SUMMIT,0,12,0,0,12,0,4079,302,13,0,4381,13,12,0
09/05/2021,SUMMIT,0,15,0,0,15,0,4094,302,13,0,4396,13,15,0
09/06/2021,SUMMIT,0,5,0,0,5,0,4099,302,13,0,4401,13,5,0
09/07/2021,SUMMIT,0,2,0,0,2,0,4101,302,13,0,4403,13,2,0
09/08/2021,SUMMIT,0,4,0,0,4,0,4105,302,13,0,4407,13,4,0
09/09/2021,SUMMIT,1,5,0,0,6,0,4110,303,13,0,4413,13,6,0
09/10/2021,SUMMIT,1,10,0,0,11,0,4120,304,13,0,4424,13,11,0
09/11/2021,SUMMIT,0,11,0,0,11,0,4131,304,13,0,4435,13,11,0
09/12/2021,SUMMIT,0,7,0,0,7,0,4138,304,13,0,4442,13,7,0
09/13/2021,SUMMIT,1,5,0,0,6,0,4143,305,13,0,4448,13,6,0
09/14/2021,SUMMIT,1,8,0,0,9,0,4151,306,13,0,4457,13,9,0
09/15/2021,SUMMIT,1,2,0,0,3,0,4153,307,13,0,4460,13,3,0
09/16/2021,SUMMIT,1,16,0,0,17,0,4169,308,13,0,4477,13,17,0
09/17/2021,SUMMIT,0,7,0,0,7,0,4176,308,13,0,4484,13,7,0
09/18/2021,SUMMIT,0,8,0,0,8,0,4184,308,13,0,4492,13,8,0
09/19/2021,SUMMIT,0,2,0,0,2,0,4186,308,13,0,4494,13,2,0
09/20/2021,SUMMIT,0,8,0,0,8,0,4194,308,13,0,4502,13,8,0
09/21/2021,SUMMIT,0,1,0,0,1,0,4195,308,13,0,4503,13,1,0
09/22/2021,SUMMIT,0,10,0,0,10,0,4205,308,13,0,4513,13,10,0
09/23/2021,SUMMIT,1,10,0,0,11,0,4215,309,13,0,4524,13,11,0
09/24/2021,SUMMIT,0,12,0,0,12,0,4227,309,13,0,4536,13,12,0
09/25/2021,SUMMIT,0,2,0,0,2,0,4229,309,13,0,4538,13,2,0
09/26/2021,SUMMIT,0,8,0,0,8,0,4237,309,13,0,4546,13,8,0
09/27/2021,SUMMIT,0,14,0,0,14,0,4251,309,13,0,4560,13,14,0
09/28/2021,SUMMIT,1,2,0,0,3,0,4253,310,13,0,4563,13,3,0
09/29/2021,SUMMIT,1,14,0,0,15,0,4267,311,13,0,4578,13,15,0
09/30/2021,SUMMIT,0,5,0,0,5,0,4272,311,13,0,4583,13,5,0
10/01/2021,SUMMIT,1,7,0,0,8,0,4279,312,13,0,4591,13,8,0
10/02/2021,SUMMIT,0,9,0,0,9,0,4288,312,13,0,4600,13,9,0
10/03/2021,SUMMIT,0,8,0,0,8,0,4296,312,13,0,4608,13,8,0
10/04/2021,SUMMIT,1,6,0,0,7,0,4302,313,13,0,4615,13,7,0
10/05/2021,SUMMIT,2,4,0,0,6,0,4306,315,13,0,4621,13,6,0
10/06/2021,SUMMIT,0,28,0,0,28,0,4334,315,13,0,4649,13,28,0
10/07/2021,SUMMIT,1,6,0,0,7,0,4340,316,13,0,4656,13,7,0
10/08/2021,SUMMIT,0,16,0,0,16,0,4356,316,13,0,4672,13,16,0
10/09/2021,SUMMIT,0,3,0,1,3,1,4359,316,14,0,4675,14,3,1
10/10/2021,SUMMIT,0,21,0,0,21,0,4380,316,14,0,4696,14,21,0
10/11/2021,SUMMIT,1,4,0,0,5,0,4384,317,14,0,4701,14,5,0
10/12/2021,SUMMIT,1,1,0,0,2,0,4385,318,14,0,4703,14,2,0
10/13/2021,SUMMIT,1,14,0,0,15,0,4399,319,14,0,4718,14,15,0
10/14/2021,SUMMIT,1,11,0,0,12,0,4410,320,14,0,4730,14,12,0
10/15/2021,SUMMIT,0,5,0,0,5,0,4415,320,14,0,4735,14,5,0
10/16/2021,SUMMIT,0,5,0,0,5,0,4420,320,14,0,4740,14,5,0
10/17/2021,SUMMIT,0,13,0,0,13,0,4433,320,14,0,4753,14,13,0
10/18/2021,SUMMIT,0,6,0,0,6,0,4439,320,14,0,4759,14,6,0
10/19/2021,SUMMIT,0,4,0,0,4,0,4443,320,14,0,4763,14,4,0
10/20/2021,SUMMIT,0,14,0,0,14,0,4457,320,14,0,4777,14,14,0
10/21/2021,SUMMIT,0,7,0,0,7,0,4464,320,14,0,4784,14,7,0
10/22/2021,SUMMIT,0,3,0,0,3,0,4467,320,14,0,4787,14,3,0
10/23/2021,SUMMIT,0,3,0,0,3,0,4470,320,14,0,4790,14,3,0
10/24/2021,SUMMIT,0,7,0,0,7,0,4477,320,14,0,4797,14,7,0
10/25/2021,SUMMIT,0,12,0,0,12,0,4489,320,14,0,4809,14,12,0
10/26/2021,SUMMIT,0,4,0,0,4,0,4493,320,14,0,4813,14,4,0
10/27/2021,SUMMIT,0,27,0,0,27,0,4520,320,14,0,4840,14,27,0
10/28/2021,SUMMIT,0,23,0,0,23,0,4543,320,14,0,4863,14,23,0
10/29/2021,SUMMIT,1,9,0,0,10,0,4552,321,14,0,4873,14,10,0
10/30/2021,SUMMIT,0,14,0,0,14,0,4566,321,14,0,4887,14,14,0
10/31/2021,SUMMIT,1,10,0,0,11,0,4576,322,14,0,4898,14,11,0
11/01/2021,SUMMIT,1,12,0,0,13,0,4588,323,14,0,4911,14,13,0
11/02/2021,SUMMIT,2,9,0,0,11,0,4597,325,14,0,4922,14,11,0
11/03/2021,SUMMIT,0,17,0,0,17,0,4614,325,14,0,4939,14,17,0
11/04/2021,SUMMIT,0,19,0,0,19,0,4633,325,14,0,4958,14,19,0
11/05/2021,SUMMIT,2,18,0,0,20,0,4651,327,14,0,4978,14,20,0
11/06/2021,SUMMIT,0,22,0,0,22,0,4673,327,14,0,5000,14,22,0
11/07/2021,SUMMIT,1,10,0,0,11,0,4683,328,14,0,5011,14,11,0
11/08/2021,SUMMIT,0,9,0,0,9,0,4692,328,14,0,5020,14,9,0
11/09/2021,SUMMIT,1,35,0,0,36,0,4727,329,14,0,5056,14,36,0
11/10/2021,SUMMIT,0,13,0,0,13,0,4740,329,14,0,5069,14,13,0
11/11/2021,SUMMIT,0,27,0,0,27,0,4767,329,14,0,5096,14,27,0
11/12/2021,SUMMIT,2,26,0,1,28,1,4793,331,15,0,5124,15,28,1
11/13/2021,SUMMIT,0,16,0,0,16,0,4809,331,15,0,5140,15,16,0
11/14/2021,SUMMIT,1,2,0,0,3,0,4811,332,15,0,5143,15,3,0
11/15/2021,SUMMIT,2,7,0,0,9,0,4818,334,15,0,5152,15,9,0
11/16/2021,SUMMIT,2,32,0,0,34,0,4850,336,15,0,5186,15,34,0
11/17/2021,SUMMIT,0,31,0,0,31,0,4881,336,15,0,5217,15,31,0
11/18/2021,SUMMIT,2,33,0,0,35,0,4914,338,15,0,5252,15,35,0
11/19/2021,SUMMIT,4,23,0,0,27,0,4937,342,15,0,5279,15,27,0
11/20/2021,SUMMIT,0,13,0,0,13,0,4950,342,15,0,5292,15,13,0
11/21/2021,SUMMIT,0,1,0,0,1,0,4951,342,15,0,5293,15,1,0
11/22/2021,SUMMIT,0,28,0,0,28,0,4979,342,15,0,5321,15,28,0
11/23/2021,SUMMIT,3,17,0,0,20,0,4996,345,15,0,5341,15,20,0
11/24/2021,SUMMIT,0,18,0,0,18,0,5014,345,15,0,5359,15,18,0
11/25/2021,SUMMIT,0,9,0,0,9,0,5023,345,15,0,5368,15,9,0
11/26/2021,SUMMIT,0,1,0,0,1,0,5024,345,15,0,5369,15,1,0
11/27/2021,SUMMIT,0,17,0,0,17,0,5041,345,15,0,5386,15,17,0
11/28/2021,SUMMIT,0,3,0,0,3,0,5044,345,15,0,5389,15,3,0
11/29/2021,SUMMIT,2,37,0,0,39,0,5081,347,15,0,5428,15,39,0
11/30/2021,SUMMIT,0,15,0,0,15,0,5096,347,15,0,5443,15,15,0
12/01/2021,SUMMIT,0,28,0,0,28,0,5124,347,15,0,5471,15,28,0
12/02/2021,SUMMIT,0,17,0,0,17,0,5141,347,15,0,5488,15,17,0
12/03/2021,SUMMIT,0,10,0,0,10,0,5151,347,15,0,5498,15,10,0
12/04/2021,SUMMIT,0,4,0,0,4,0,5155,347,15,0,5502,15,4,0
12/05/2021,SUMMIT,0,2,0,0,2,0,5157,347,15,0,5504,15,2,0
12/06/2021,SUMMIT,1,12,0,0,13,0,5169,348,15,0,5517,15,13,0
12/07/2021,SUMMIT,0,12,0,0,12,0,5181,348,15,0,5529,15,12,0
12/08/2021,SUMMIT,0,7,0,0,7,0,5188,348,15,0,5536,15,7,0
12/09/2021,SUMMIT,0,6,0,0,6,0,5194,348,15,0,5542,15,6,0
12/10/2021,SUMMIT,0,7,0,0,7,0,5201,348,15,0,5549,15,7,0
12/11/2021,SUMMIT,0,7,0,0,7,0,5208,348,15,0,5556,15,7,0
12/12/2021,SUMMIT,0,7,0,0,7,0,5215,348,15,0,5563,15,7,0
12/13/2021,SUMMIT,0,4,0,0,4,0,5219,348,15,0,5567,15,4,0
12/14/2021,SUMMIT,1,7,0,0,8,0,5226,349,15,0,5575,15,8,0
12/15/2021,SUMMIT,0,20,0,0,20,0,5246,349,15,0,5595,15,20,0
12/16/2021,SUMMIT,1,19,0,0,20,0,5265,350,15,0,5615,15,20,0
12/17/2021,SUMMIT,1,9,0,0,10,0,5274,351,15,0,5625,15,10,0
12/18/2021,SUMMIT,0,19,0,0,19,0,5293,351,15,0,5644,15,19,0
12/19/2021,SUMMIT,0,26,0,0,26,0,5319,351,15,0,5670,15,26,0
12/20/2021,SUMMIT,1,54,0,0,55,0,5373,352,15,0,5725,15,55,0
12/21/2021,SUMMIT,1,151,0,0,152,0,5524,353,15,0,5877,15,152,0
12/22/2021,SUMMIT,0,19,0,0,19,0,5543,353,15,0,5896,15,19,0
12/23/2021,SUMMIT,5,188,0,0,193,0,5731,358,15,0,6089,15,193,0
12/24/2021,SUMMIT,1,169,0,0,170,0,5900,359,15,0,6259,15,170,0
12/25/2021,SUMMIT,0,267,0,0,267,0,6167,359,15,0,6526,15,267,0
12/26/2021,SUMMIT,2,16,0,0,18,0,6183,361,15,0,6544,15,18,0
12/27/2021,SUMMIT,6,83,0,0,89,0,6266,367,15,0,6633,15,89,0
12/28/2021,SUMMIT,9,141,0,0,150,0,6407,376,15,0,6783,15,150,0
12/29/2021,SUMMIT,9,234,0,0,243,0,6641,385,15,0,7026,15,243,0
12/30/2021,SUMMIT,5,189,0,0,194,0,6830,390,15,0,7220,15,194,0
12/31/2021,SUMMIT,4,150,0,0,154,0,6980,394,15,0,7374,15,154,0
01/01/2022,SUMMIT,1,99,0,0,100,0,7079,395,15,0,7474,15,100,0
01/02/2022,SUMMIT,0,105,0,0,105,0,7184,395,15,0,7579,15,105,0
01/03/2022,SUMMIT,17,33,0,0,50,0,7217,412,15,0,7629,15,50,0
01/04/2022,SUMMIT,16,128,0,0,144,0,7345,428,15,0,7773,15,144,0
01/05/2022,SUMMIT,4,204,0,0,208,0,7549,432,15,0,7981,15,208,0
01/06/2022,SUMMIT,2,164,0,1,166,1,7713,434,16,0,8147,16,166,1
01/07/2022,SUMMIT,15,49,0,0,64,0,7762,449,16,0,8211,16,64,0
01/08/2022,SUMMIT,0,53,0,0,53,0,7815,449,16,0,8264,16,53,0
01/09/2022,SUMMIT,0,87,0,0,87,0,7902,449,16,0,8351,16,87,0
01/10/2022,SUMMIT,1,86,0,0,87,0,7988,450,16,0,8438,16,87,0
01/11/2022,SUMMIT,7,81,0,0,88,0,8069,457,16,0,8526,16,88,0
01/12/2022,SUMMIT,4,44,0,0,48,0,8113,461,16,0,8574,16,48,0
01/13/2022,SUMMIT,2,110,0,0,112,0,8223,463,16,0,8686,16,112,0
01/14/2022,SUMMIT,5,85,0,0,90,0,8308,468,16,0,8776,16,90,0
01/15/2022,SUMMIT,0,42,0,0,42,0,8350,468,16,0,8818,16,42,0
01/16/2022,SUMMIT,0,2,0,0,2,0,8352,468,16,0,8820,16,2,0
01/17/2022,SUMMIT,6,67,0,0,73,0,8419,474,16,0,8893,16,73,0
01/18/2022,SUMMIT,8,35,0,0,43,0,8454,482,16,0,8936,16,43,0
01/19/2022,SUMMIT,1,68,0,0,69,0,8522,483,16,0,9005,16,69,0
01/20/2022,SUMMIT,0,22,0,0,22,0,8544,483,16,0,9027,16,22,0
01/21/2022,SUMMIT,4,74,0,0,78,0,8618,487,16,0,9105,16,78,0
01/22/2022,SUMMIT,1,59,0,0,60,0,8677,488,16,0,9165,16,60,0
01/23/2022,SUMMIT,0,29,0,0,29,0,8706,488,16,0,9194,16,29,0
01/24/2022,SUMMIT,1,28,0,0,29,0,8734,489,16,0,9223,16,29,0
01/25/2022,SUMMIT,5,7,0,0,12,0,8741,494,16,0,9235,16,12,0
01/26/2022,SUMMIT,4,42,0,0,46,0,8783,498,16,0,9281,16,46,0
01/27/2022,SUMMIT,1,28,0,0,29,0,8811,499,16,0,9310,16,29,0
01/28/2022,SUMMIT,0,35,0,0,35,0,8846,499,16,0,9345,16,35,0
01/29/2022,SUMMIT,0,22,0,0,22,0,8868,499,16,0,9367,16,22,0
01/30/2022,SUMMIT,0,21,0,1,21,1,8889,499,17,0,9388,17,21,1
01/31/2022,SUMMIT,3,7,0,0,10,0,8896,502,17,0,9398,17,10,0
02/01/2022,SUMMIT,2,24,0,0,26,0,8920,504,17,0,9424,17,26,0
02/02/2022,SUMMIT,1,8,0,0,9,0,8928,505,17,0,9433,17,9,0
02/03/2022,SUMMIT,1,18,0,0,19,0,8946,506,17,0,9452,17,19,0
02/04/2022,SUMMIT,1,9,0,0,10,0,8955,507,17,0,9462,17,10,0
02/05/2022,SUMMIT,0,10,0,0,10,0,8965,507,17,0,9472,17,10,0
02/06/2022,SUMMIT,0,7,0,0,7,0,8972,507,17,0,9479,17,7,0
02/07/2022,SUMMIT,1,10,0,0,11,0,8982,508,17,0,9490,17,11,0
02/08/2022,SUMMIT,1,14,0,0,15,0,8996,509,17,0,9505,17,15,0
02/09/2022,SUMMIT,0,9,0,0,9,0,9005,509,17,0,9514,17,9,0
02/10/2022,SUMMIT,1,2,0,0,3,0,9007,510,17,0,9517,17,3,0
02/11/2022,SUMMIT,0,6,0,0,6,0,9013,510,17,0,9523,17,6,0
02/12/2022,SUMMIT,0,2,0,0,2,0,9015,510,17,0,9525,17,2,0
02/13/2022,SUMMIT,0,7,0,0,7,0,9022,510,17,0,9532,17,7,0
02/14/2022,SUMMIT,1,8,0,0,9,0,9030,511,17,0,9541,17,9,0
02/15/2022,SUMMIT,0,5,0,0,5,0,9035,511,17,0,9546,17,5,0
02/16/2022,SUMMIT,1,6,0,0,7,0,9041,512,17,0,9553,17,7,0
02/17/2022,SUMMIT,1,5,0,0,6,0,9046,513,17,0,9559,17,6,0
02/18/2022,SUMMIT,1,7,0,0,8,0,9053,514,17,0,9567,17,8,0
02/19/2022,SUMMIT,0,8,0,0,8,0,9061,514,17,0,9575,17,8,0
02/20/2022,SUMMIT,0,3,0,0,3,0,9064,514,17,0,9578,17,3,0
02/21/2022,SUMMIT,0,5,0,0,5,0,9069,514,17,0,9583,17,5,0
02/22/2022,SUMMIT,1,10,0,0,11,0,9079,515,17,0,9594,17,11,0
02/23/2022,SUMMIT,2,6,0,0,8,0,9085,517,17,0,9602,17,8,0
02/24/2022,SUMMIT,1,4,0,0,5,0,9089,518,17,0,9607,17,5,0
02/25/2022,SUMMIT,1,3,0,0,4,0,9092,519,17,0,9611,17,4,0
02/26/2022,SUMMIT,0,5,0,0,5,0,9097,519,17,0,9616,17,5,0
02/27/2022,SUMMIT,0,5,0,0,5,0,9102,519,17,0,9621,17,5,0
02/28/2022,SUMMIT,0,4,0,0,4,0,9106,519,17,0,9625,17,4,0
03/01/2022,SUMMIT,1,2,0,0,3,0,9108,520,17,0,9628,17,3,0
03/02/2022,SUMMIT,2,3,0,0,5,0,9111,522,17,0,9633,17,5,0
03/03/2022,SUMMIT,1,4,0,0,5,0,9115,523,17,0,9638,17,5,0
03/04/2022,SUMMIT,0,2,0,0,2,0,9117,523,17,0,9640,17,2,0
03/05/2022,SUMMIT,0,1,0,0,1,0,9118,523,17,0,9641,17,1,0
03/08/2022,SUMMIT,0,4,0,0,4,0,9122,523,17,0,9645,17,4,0
03/09/2022,SUMMIT,1,5,0,0,6,0,9127,524,17,0,9651,17,6,0
03/10/2022,SUMMIT,1,0,0,0,1,0,9127,525,17,0,9652,17,1,0
03/11/2022,SUMMIT,1,0,0,0,1,0,9127,526,17,0,9653,17,1,0
03/12/2022,SUMMIT,0,3,0,0,3,0,9130,526,17,0,9656,17,3,0
03/13/2022,SUMMIT,0,2,0,0,2,0,9132,526,17,0,9658,17,2,0
03/14/2022,SUMMIT,3,4,0,0,7,0,9136,529,17,0,9665,17,7,0
03/16/2022,SUMMIT,1,1,0,0,2,0,9137,530,17,0,9667,17,2,0
03/17/2022,SUMMIT,0,1,0,0,1,0,9138,530,17,0,9668,17,1,0
03/18/2022,SUMMIT,0,3,0,0,3,0,9141,530,17,0,9671,17,3,0
03/19/2022,SUMMIT,0,1,0,0,1,0,9142,530,17,0,9672,17,1,0
03/20/2022,SUMMIT,0,6,0,0,6,0,9148,530,17,0,9678,17,6,0
03/22/2020,TELLER,2,2,0,1,4,1,2,2,1,0,4,1,-9674,-16
03/24/2020,TELLER,0,1,0,0,1,0,3,2,1,0,5,1,1,0
03/25/2020,TELLER,2,0,0,0,2,0,3,4,1,0,7,1,2,0
04/02/2020,TELLER,1,3,0,1,4,1,6,5,2,0,11,2,4,1
04/06/2020,TELLER,1,1,0,0,2,0,7,6,2,0,13,2,2,0
04/11/2020,TELLER,1,1,0,0,2,0,8,7,2,0,15,2,2,0
04/13/2020,TELLER,0,2,0,0,2,0,10,7,2,0,17,2,2,0
04/15/2020,TELLER,0,1,0,0,1,0,11,7,2,0,18,2,1,0
04/16/2020,TELLER,0,1,0,0,1,0,12,7,2,0,19,2,1,0
04/18/2020,TELLER,3,3,0,0,6,0,15,10,2,0,25,2,6,0
04/23/2020,TELLER,0,2,0,0,2,0,17,10,2,0,27,2,2,0
04/24/2020,TELLER,1,0,0,0,1,0,17,11,2,0,28,2,1,0
05/05/2020,TELLER,0,2,0,0,2,0,19,11,2,0,30,2,2,0
05/09/2020,TELLER,0,1,0,0,1,0,20,11,2,0,31,2,1,0
05/17/2020,TELLER,1,0,0,0,1,0,20,12,2,0,32,2,1,0
05/20/2020,TELLER,0,1,0,0,1,0,21,12,2,0,33,2,1,0
05/31/2020,TELLER,0,1,0,0,1,0,22,12,2,0,34,2,1,0
06/07/2020,TELLER,0,2,0,0,2,0,24,12,2,0,36,2,2,0
06/08/2020,TELLER,0,1,0,0,1,0,25,12,2,0,37,2,1,0
06/11/2020,TELLER,0,1,0,0,1,0,26,12,2,0,38,2,1,0
06/15/2020,TELLER,0,1,0,0,1,0,27,12,2,0,39,2,1,0
06/18/2020,TELLER,0,1,0,0,1,0,28,12,2,0,40,2,1,0
06/24/2020,TELLER,0,1,0,0,1,0,29,12,2,0,41,2,1,0
07/02/2020,TELLER,0,4,0,0,4,0,33,12,2,0,45,2,4,0
07/03/2020,TELLER,0,3,0,0,3,0,36,12,2,0,48,2,3,0
07/06/2020,TELLER,0,4,0,0,4,0,40,12,2,0,52,2,4,0
07/08/2020,TELLER,0,1,0,0,1,0,41,12,2,0,53,2,1,0
07/09/2020,TELLER,0,6,0,1,6,1,47,12,3,0,59,3,6,1
07/10/2020,TELLER,1,0,0,0,1,0,47,13,3,0,60,3,1,0
07/11/2020,TELLER,0,1,0,0,1,0,48,13,3,0,61,3,1,0
07/13/2020,TELLER,1,5,0,0,6,0,53,14,3,0,67,3,6,0
07/15/2020,TELLER,0,1,0,0,1,0,54,14,3,0,68,3,1,0
07/17/2020,TELLER,0,4,0,0,4,0,58,14,3,0,72,3,4,0
07/18/2020,TELLER,0,6,0,0,6,0,64,14,3,0,78,3,6,0
07/19/2020,TELLER,2,4,0,0,6,0,68,16,3,0,84,3,6,0
07/20/2020,TELLER,0,1,0,0,1,0,69,16,3,0,85,3,1,0
07/21/2020,TELLER,1,2,0,0,3,0,71,17,3,0,88,3,3,0
07/22/2020,TELLER,4,1,0,1,5,1,72,21,4,0,93,4,5,1
07/23/2020,TELLER,1,1,0,0,2,0,73,22,4,0,95,4,2,0
07/24/2020,TELLER,1,7,0,0,8,0,80,23,4,0,103,4,8,0
07/27/2020,TELLER,0,5,0,0,5,0,85,23,4,0,108,4,5,0
07/28/2020,TELLER,6,0,0,0,6,0,85,29,4,0,114,4,6,0
07/30/2020,TELLER,0,5,0,0,5,0,90,29,4,0,119,4,5,0
07/31/2020,TELLER,0,2,0,0,2,0,92,29,4,0,121,4,2,0
08/01/2020,TELLER,0,1,0,0,1,0,93,29,4,0,122,4,1,0
08/03/2020,TELLER,0,4,0,0,4,0,97,29,4,0,126,4,4,0
08/04/2020,TELLER,2,3,0,0,5,0,100,31,4,0,131,4,5,0
08/05/2020,TELLER,1,1,0,0,2,0,101,32,4,0,133,4,2,0
08/06/2020,TELLER,0,2,0,0,2,0,103,32,4,0,135,4,2,0
08/07/2020,TELLER,0,1,0,0,1,0,104,32,4,0,136,4,1,0
08/11/2020,TELLER,1,1,0,0,2,0,105,33,4,0,138,4,2,0
08/12/2020,TELLER,0,4,0,0,4,0,109,33,4,0,142,4,4,0
08/13/2020,TELLER,0,2,0,0,2,0,111,33,4,0,144,4,2,0
08/14/2020,TELLER,0,2,0,0,2,0,113,33,4,0,146,4,2,0
08/18/2020,TELLER,1,1,0,0,2,0,114,34,4,0,148,4,2,0
08/19/2020,TELLER,0,4,0,0,4,0,118,34,4,0,152,4,4,0
08/21/2020,TELLER,0,1,0,0,1,0,119,34,4,0,153,4,1,0
08/22/2020,TELLER,0,2,0,0,2,0,121,34,4,0,155,4,2,0
08/23/2020,TELLER,0,2,0,0,2,0,123,34,4,0,157,4,2,0
08/24/2020,TELLER,0,1,0,0,1,0,124,34,4,0,158,4,1,0
08/26/2020,TELLER,0,1,0,0,1,0,125,34,4,0,159,4,1,0
08/27/2020,TELLER,0,1,0,0,1,0,126,34,4,0,160,4,1,0
08/28/2020,TELLER,0,1,0,0,1,0,127,34,4,0,161,4,1,0
08/29/2020,TELLER,0,1,0,0,1,0,128,34,4,0,162,4,1,0
08/31/2020,TELLER,0,1,0,0,1,0,129,34,4,0,163,4,1,0
09/04/2020,TELLER,0,1,0,0,1,0,130,34,4,0,164,4,1,0
09/05/2020,TELLER,0,1,0,0,1,0,131,34,4,0,165,4,1,0
09/10/2020,TELLER,0,1,0,0,1,0,132,34,4,0,166,4,1,0
09/12/2020,TELLER,0,2,0,0,2,0,134,34,4,0,168,4,2,0
09/15/2020,TELLER,0,1,0,0,1,0,135,34,4,0,169,4,1,0
09/16/2020,TELLER,0,1,0,0,1,0,136,34,4,0,170,4,1,0
09/17/2020,TELLER,1,1,0,0,2,0,137,35,4,0,172,4,2,0
09/18/2020,TELLER,0,1,0,0,1,0,138,35,4,0,173,4,1,0
09/19/2020,TELLER,0,1,0,0,1,0,139,35,4,0,174,4,1,0
09/21/2020,TELLER,0,1,0,0,1,0,140,35,4,0,175,4,1,0
09/24/2020,TELLER,0,1,0,0,1,0,141,35,4,0,176,4,1,0
09/28/2020,TELLER,0,1,0,0,1,0,142,35,4,0,177,4,1,0
09/29/2020,TELLER,0,1,0,0,1,0,143,35,4,0,178,4,1,0
10/02/2020,TELLER,0,1,0,0,1,0,144,35,4,0,179,4,1,0
10/05/2020,TELLER,0,1,0,0,1,0,145,35,4,0,180,4,1,0
10/06/2020,TELLER,0,1,0,0,1,0,146,35,4,0,181,4,1,0
10/08/2020,TELLER,0,1,0,0,1,0,147,35,4,0,182,4,1,0
10/09/2020,TELLER,0,2,0,0,2,0,149,35,4,0,184,4,2,0
10/10/2020,TELLER,0,1,0,0,1,0,150,35,4,0,185,4,1,0
10/12/2020,TELLER,1,0,0,0,1,0,150,36,4,0,186,4,1,0
10/14/2020,TELLER,1,2,0,0,3,0,152,37,4,0,189,4,3,0
10/15/2020,TELLER,0,2,0,0,2,0,154,37,4,0,191,4,2,0
10/16/2020,TELLER,0,3,0,0,3,0,157,37,4,0,194,4,3,0
10/18/2020,TELLER,0,3,0,0,3,0,160,37,4,0,197,4,3,0
10/19/2020,TELLER,0,1,0,0,1,0,161,37,4,0,198,4,1,0
10/20/2020,TELLER,0,3,0,0,3,0,164,37,4,0,201,4,3,0
10/21/2020,TELLER,0,2,0,0,2,0,166,37,4,0,203,4,2,0
10/22/2020,TELLER,0,3,0,0,3,0,169,37,4,0,206,4,3,0
10/23/2020,TELLER,1,10,0,0,11,0,179,38,4,0,217,4,11,0
10/24/2020,TELLER,1,3,0,0,4,0,182,39,4,0,221,4,4,0
10/25/2020,TELLER,0,3,0,0,3,0,185,39,4,0,224,4,3,0
10/26/2020,TELLER,0,3,0,0,3,0,188,39,4,0,227,4,3,0
10/27/2020,TELLER,0,4,0,0,4,0,192,39,4,0,231,4,4,0
10/28/2020,TELLER,1,4,0,0,5,0,196,40,4,0,236,4,5,0
10/29/2020,TELLER,0,8,0,0,8,0,204,40,4,0,244,4,8,0
10/30/2020,TELLER,1,13,0,0,14,0,217,41,4,0,258,4,14,0
10/31/2020,TELLER,0,8,0,0,8,0,225,41,4,0,266,4,8,0
11/01/2020,TELLER,1,12,0,0,13,0,237,42,4,0,279,4,13,0
11/02/2020,TELLER,0,4,0,0,4,0,241,42,4,0,283,4,4,0
11/03/2020,TELLER,0,7,0,0,7,0,248,42,4,0,290,4,7,0
11/04/2020,TELLER,0,7,0,0,7,0,255,42,4,0,297,4,7,0
11/05/2020,TELLER,1,8,0,0,9,0,263,43,4,0,306,4,9,0
11/06/2020,TELLER,1,9,0,0,10,0,272,44,4,0,316,4,10,0
11/07/2020,TELLER,0,5,0,0,5,0,277,44,4,0,321,4,5,0
11/08/2020,TELLER,0,15,0,0,15,0,292,44,4,0,336,4,15,0
11/09/2020,TELLER,0,7,0,0,7,0,299,44,4,0,343,4,7,0
11/10/2020,TELLER,2,4,0,0,6,0,303,46,4,0,349,4,6,0
11/11/2020,TELLER,1,17,0,0,18,0,320,47,4,0,367,4,18,0
11/12/2020,TELLER,2,20,0,0,22,0,340,49,4,0,389,4,22,0
11/13/2020,TELLER,0,18,0,0,18,0,358,49,4,0,407,4,18,0
11/14/2020,TELLER,1,8,0,0,9,0,366,50,4,0,416,4,9,0
11/15/2020,TELLER,0,13,0,0,13,0,379,50,4,0,429,4,13,0
11/16/2020,TELLER,1,4,0,0,5,0,383,51,4,0,434,4,5,0
11/17/2020,TELLER,0,17,0,0,17,0,400,51,4,0,451,4,17,0
11/18/2020,TELLER,1,52,0,0,53,0,452,52,4,0,504,4,53,0
11/19/2020,TELLER,0,16,0,0,16,0,468,52,4,0,520,4,16,0
11/20/2020,TELLER,0,8,0,0,8,0,476,52,4,0,528,4,8,0
11/21/2020,TELLER,0,8,0,0,8,0,484,52,4,0,536,4,8,0
11/22/2020,TELLER,0,36,0,0,36,0,520,52,4,0,572,4,36,0
11/23/2020,TELLER,1,10,0,0,11,0,530,53,4,0,583,4,11,0
11/24/2020,TELLER,2,6,0,1,8,1,536,55,5,0,591,5,8,1
11/25/2020,TELLER,0,5,0,0,5,0,541,55,5,0,596,5,5,0
11/26/2020,TELLER,0,23,0,0,23,0,564,55,5,0,619,5,23,0
11/27/2020,TELLER,2,25,0,0,27,0,589,57,5,0,646,5,27,0
11/28/2020,TELLER,0,21,0,0,21,0,610,57,5,0,667,5,21,0
11/29/2020,TELLER,1,5,0,0,6,0,615,58,5,0,673,5,6,0
11/30/2020,TELLER,2,12,0,0,14,0,627,60,5,0,687,5,14,0
12/01/2020,TELLER,0,1,0,0,1,0,628,60,5,0,688,5,1,0
12/02/2020,TELLER,2,31,0,0,33,0,659,62,5,0,721,5,33,0
12/03/2020,TELLER,0,15,0,0,15,0,674,62,5,0,736,5,15,0
12/04/2020,TELLER,0,18,0,1,18,1,692,62,6,0,754,6,18,1
12/05/2020,TELLER,0,17,0,0,17,0,709,62,6,0,771,6,17,0
12/06/2020,TELLER,0,5,0,1,5,1,714,62,7,0,776,7,5,1
12/07/2020,TELLER,0,8,0,0,8,0,722,62,7,0,784,7,8,0
12/08/2020,TELLER,0,38,0,0,38,0,760,62,7,0,822,7,38,0
12/09/2020,TELLER,1,5,0,0,6,0,765,63,7,0,828,7,6,0
12/10/2020,TELLER,2,35,0,0,37,0,800,65,7,0,865,7,37,0
12/11/2020,TELLER,0,15,0,0,15,0,815,65,7,0,880,7,15,0
12/12/2020,TELLER,1,18,0,0,19,0,833,66,7,0,899,7,19,0
12/13/2020,TELLER,0,3,0,0,3,0,836,66,7,0,902,7,3,0
12/14/2020,TELLER,0,8,0,0,8,0,844,66,7,0,910,7,8,0
12/15/2020,TELLER,1,9,0,1,10,1,853,67,8,0,920,8,10,1
12/16/2020,TELLER,1,7,0,0,8,0,860,68,8,0,928,8,8,0
12/17/2020,TELLER,0,19,0,0,19,0,879,68,8,0,947,8,19,0
12/18/2020,TELLER,1,4,0,0,5,0,883,69,8,0,952,8,5,0
12/19/2020,TELLER,0,2,0,0,2,0,885,69,8,0,954,8,2,0
12/20/2020,TELLER,0,6,0,1,6,1,891,69,9,0,960,9,6,1
12/21/2020,TELLER,0,5,0,1,5,1,896,69,10,0,965,10,5,1
12/22/2020,TELLER,0,5,0,0,5,0,901,69,10,0,970,10,5,0
12/23/2020,TELLER,0,2,0,0,2,0,903,69,10,0,972,10,2,0
12/24/2020,TELLER,0,6,0,0,6,0,909,69,10,0,978,10,6,0
12/25/2020,TELLER,0,8,0,0,8,0,917,69,10,0,986,10,8,0
12/26/2020,TELLER,0,6,0,0,6,0,923,69,10,0,992,10,6,0
12/27/2020,TELLER,0,5,0,0,5,0,928,69,10,0,997,10,5,0
12/28/2020,TELLER,1,3,1,0,4,1,931,70,10,1,1001,11,4,1
12/29/2020,TELLER,1,5,0,0,6,0,936,71,10,1,1007,11,6,0
12/30/2020,TELLER,0,12,0,0,12,0,948,71,10,1,1019,11,12,0
12/31/2020,TELLER,0,4,0,0,4,0,952,71,10,1,1023,11,4,0
01/01/2021,TELLER,0,2,0,0,2,0,954,71,10,1,1025,11,2,0
01/02/2021,TELLER,0,3,0,0,3,0,957,71,10,1,1028,11,3,0
01/03/2021,TELLER,0,12,0,0,12,0,969,71,10,1,1040,11,12,0
01/04/2021,TELLER,0,6,0,1,6,1,975,71,11,1,1046,12,6,1
01/05/2021,TELLER,0,1,0,0,1,0,976,71,11,1,1047,12,1,0
01/06/2021,TELLER,0,13,0,1,13,1,989,71,12,1,1060,13,13,1
01/07/2021,TELLER,0,10,0,1,10,1,999,71,13,1,1070,14,10,1
01/08/2021,TELLER,2,11,0,0,13,0,1010,73,13,1,1083,14,13,0
01/09/2021,TELLER,0,1,0,0,1,0,1011,73,13,1,1084,14,1,0
01/10/2021,TELLER,0,1,0,0,1,0,1012,73,13,1,1085,14,1,0
01/11/2021,TELLER,1,9,0,0,10,0,1021,74,13,1,1095,14,10,0
01/12/2021,TELLER,0,7,0,0,7,0,1028,74,13,1,1102,14,7,0
01/13/2021,TELLER,0,12,0,0,12,0,1040,74,13,1,1114,14,12,0
01/14/2021,TELLER,1,7,0,0,8,0,1047,75,13,1,1122,14,8,0
01/15/2021,TELLER,0,5,0,0,5,0,1052,75,13,1,1127,14,5,0
01/16/2021,TELLER,1,4,0,0,5,0,1056,76,13,1,1132,14,5,0
01/17/2021,TELLER,0,9,0,0,9,0,1065,76,13,1,1141,14,9,0
01/18/2021,TELLER,0,4,0,0,4,0,1069,76,13,1,1145,14,4,0
01/19/2021,TELLER,0,6,0,0,6,0,1075,76,13,1,1151,14,6,0
01/20/2021,TELLER,0,4,0,0,4,0,1079,76,13,1,1155,14,4,0
01/21/2021,TELLER,0,3,0,0,3,0,1082,76,13,1,1158,14,3,0
01/22/2021,TELLER,1,11,0,0,12,0,1093,77,13,1,1170,14,12,0
01/23/2021,TELLER,2,3,0,0,5,0,1096,79,13,1,1175,14,5,0
01/24/2021,TELLER,0,3,0,0,3,0,1099,79,13,1,1178,14,3,0
01/25/2021,TELLER,0,3,0,0,3,0,1102,79,13,1,1181,14,3,0
01/26/2021,TELLER,1,5,0,0,6,0,1107,80,13,1,1187,14,6,0
01/27/2021,TELLER,1,6,0,0,7,0,1113,81,13,1,1194,14,7,0
01/28/2021,TELLER,0,5,0,0,5,0,1118,81,13,1,1199,14,5,0
01/29/2021,TELLER,0,6,0,0,6,0,1124,81,13,1,1205,14,6,0
01/30/2021,TELLER,0,8,0,0,8,0,1132,81,13,1,1213,14,8,0
02/01/2021,TELLER,1,2,0,0,3,0,1134,82,13,1,1216,14,3,0
02/02/2021,TELLER,0,4,0,0,4,0,1138,82,13,1,1220,14,4,0
02/03/2021,TELLER,0,5,0,0,5,0,1143,82,13,1,1225,14,5,0
02/04/2021,TELLER,1,4,0,0,5,0,1147,83,13,1,1230,14,5,0
02/05/2021,TELLER,0,2,0,0,2,0,1149,83,13,1,1232,14,2,0
02/06/2021,TELLER,0,3,0,0,3,0,1152,83,13,1,1235,14,3,0
02/07/2021,TELLER,0,5,0,0,5,0,1157,83,13,1,1240,14,5,0
02/08/2021,TELLER,1,2,0,0,3,0,1159,84,13,1,1243,14,3,0
02/09/2021,TELLER,0,1,0,0,1,0,1160,84,13,1,1244,14,1,0
02/10/2021,TELLER,0,1,0,0,1,0,1161,84,13,1,1245,14,1,0
02/11/2021,TELLER,0,8,0,0,8,0,1169,84,13,1,1253,14,8,0
02/13/2021,TELLER,0,4,0,0,4,0,1173,84,13,1,1257,14,4,0
02/14/2021,TELLER,0,1,0,0,1,0,1174,84,13,1,1258,14,1,0
02/16/2021,TELLER,1,3,0,0,4,0,1177,85,13,1,1262,14,4,0
02/17/2021,TELLER,1,7,0,0,8,0,1184,86,13,1,1270,14,8,0
02/18/2021,TELLER,0,4,0,0,4,0,1188,86,13,1,1274,14,4,0
02/20/2021,TELLER,0,6,0,0,6,0,1194,86,13,1,1280,14,6,0
02/21/2021,TELLER,1,4,0,0,5,0,1198,87,13,1,1285,14,5,0
02/22/2021,TELLER,0,1,0,0,1,0,1199,87,13,1,1286,14,1,0
02/23/2021,TELLER,0,3,0,0,3,0,1202,87,13,1,1289,14,3,0
02/24/2021,TELLER,0,7,0,0,7,0,1209,87,13,1,1296,14,7,0
02/25/2021,TELLER,0,4,0,0,4,0,1213,87,13,1,1300,14,4,0
02/26/2021,TELLER,0,2,0,0,2,0,1215,87,13,1,1302,14,2,0
02/27/2021,TELLER,0,2,0,0,2,0,1217,87,13,1,1304,14,2,0
02/28/2021,TELLER,4,1,0,0,5,0,1218,91,13,1,1309,14,5,0
03/01/2021,TELLER,0,1,0,0,1,0,1219,91,13,1,1310,14,1,0
03/02/2021,TELLER,0,3,0,0,3,0,1222,91,13,1,1313,14,3,0
03/03/2021,TELLER,3,5,0,0,8,0,1227,94,13,1,1321,14,8,0
03/05/2021,TELLER,0,4,0,0,4,0,1231,94,13,1,1325,14,4,0
03/06/2021,TELLER,0,1,0,0,1,0,1232,94,13,1,1326,14,1,0
03/07/2021,TELLER,1,1,0,0,2,0,1233,95,13,1,1328,14,2,0
03/08/2021,TELLER,1,3,0,0,4,0,1236,96,13,1,1332,14,4,0
03/09/2021,TELLER,0,8,0,0,8,0,1244,96,13,1,1340,14,8,0
03/10/2021,TELLER,3,11,0,0,14,0,1255,99,13,1,1354,14,14,0
03/11/2021,TELLER,0,3,0,0,3,0,1258,99,13,1,1357,14,3,0
03/12/2021,TELLER,0,5,0,0,5,0,1263,99,13,1,1362,14,5,0
03/14/2021,TELLER,0,1,0,0,1,0,1264,99,13,1,1363,14,1,0
03/15/2021,TELLER,0,1,0,0,1,0,1265,99,13,1,1364,14,1,0
03/16/2021,TELLER,0,1,0,0,1,0,1266,99,13,1,1365,14,1,0
03/17/2021,TELLER,2,1,0,0,3,0,1267,101,13,1,1368,14,3,0
03/18/2021,TELLER,0,7,0,0,7,0,1274,101,13,1,1375,14,7,0
03/19/2021,TELLER,0,13,0,0,13,0,1287,101,13,1,1388,14,13,0
03/20/2021,TELLER,0,2,0,0,2,0,1289,101,13,1,1390,14,2,0
03/22/2021,TELLER,0,8,0,0,8,0,1297,101,13,1,1398,14,8,0
03/23/2021,TELLER,0,5,0,0,5,0,1302,101,13,1,1403,14,5,0
03/24/2021,TELLER,1,2,0,0,3,0,1304,102,13,1,1406,14,3,0
03/25/2021,TELLER,0,10,0,0,10,0,1314,102,13,1,1416,14,10,0
03/26/2021,TELLER,0,3,0,0,3,0,1317,102,13,1,1419,14,3,0
03/27/2021,TELLER,0,2,0,0,2,0,1319,102,13,1,1421,14,2,0
03/28/2021,TELLER,0,2,0,0,2,0,1321,102,13,1,1423,14,2,0
03/29/2021,TELLER,2,11,0,0,13,0,1332,104,13,1,1436,14,13,0
03/30/2021,TELLER,0,3,0,0,3,0,1335,104,13,1,1439,14,3,0
03/31/2021,TELLER,1,4,0,0,5,0,1339,105,13,1,1444,14,5,0
04/01/2021,TELLER,0,21,0,0,21,0,1360,105,13,1,1465,14,21,0
04/02/2021,TELLER,1,6,0,0,7,0,1366,106,13,1,1472,14,7,0
04/03/2021,TELLER,0,7,0,0,7,0,1373,106,13,1,1479,14,7,0
04/04/2021,TELLER,3,4,0,0,7,0,1377,109,13,1,1486,14,7,0
04/05/2021,TELLER,0,12,0,0,12,0,1389,109,13,1,1498,14,12,0
04/06/2021,TELLER,0,7,0,0,7,0,1396,109,13,1,1505,14,7,0
04/07/2021,TELLER,0,4,0,0,4,0,1400,109,13,1,1509,14,4,0
04/08/2021,TELLER,0,9,0,0,9,0,1409,109,13,1,1518,14,9,0
04/10/2021,TELLER,0,9,0,0,9,0,1418,109,13,1,1527,14,9,0
04/11/2021,TELLER,0,1,0,0,1,0,1419,109,13,1,1528,14,1,0
04/12/2021,TELLER,0,3,0,0,3,0,1422,109,13,1,1531,14,3,0
04/13/2021,TELLER,0,5,0,0,5,0,1427,109,13,1,1536,14,5,0
04/14/2021,TELLER,1,19,0,0,20,0,1446,110,13,1,1556,14,20,0
04/15/2021,TELLER,0,7,0,0,7,0,1453,110,13,1,1563,14,7,0
04/16/2021,TELLER,1,6,0,1,7,1,1459,111,14,1,1570,15,7,1
04/17/2021,TELLER,0,6,0,0,6,0,1465,111,14,1,1576,15,6,0
04/18/2021,TELLER,1,3,0,0,4,0,1468,112,14,1,1580,15,4,0
04/19/2021,TELLER,4,9,0,0,13,0,1477,116,14,1,1593,15,13,0
04/20/2021,TELLER,0,7,0,0,7,0,1484,116,14,1,1600,15,7,0
04/21/2021,TELLER,2,9,0,0,11,0,1493,118,14,1,1611,15,11,0
04/22/2021,TELLER,4,5,0,0,9,0,1498,122,14,1,1620,15,9,0
04/23/2021,TELLER,1,8,0,0,9,0,1506,123,14,1,1629,15,9,0
04/24/2021,TELLER,0,6,0,0,6,0,1512,123,14,1,1635,15,6,0
04/25/2021,TELLER,0,13,0,0,13,0,1525,123,14,1,1648,15,13,0
04/26/2021,TELLER,1,1,0,0,2,0,1526,124,14,1,1650,15,2,0
04/27/2021,TELLER,0,3,0,0,3,0,1529,124,14,1,1653,15,3,0
04/28/2021,TELLER,0,13,0,0,13,0,1542,124,14,1,1666,15,13,0
04/29/2021,TELLER,0,5,0,0,5,0,1547,124,14,1,1671,15,5,0
04/30/2021,TELLER,1,5,0,0,6,0,1552,125,14,1,1677,15,6,0
05/01/2021,TELLER,0,1,0,0,1,0,1553,125,14,1,1678,15,1,0
05/02/2021,TELLER,0,10,0,0,10,0,1563,125,14,1,1688,15,10,0
05/03/2021,TELLER,0,7,0,0,7,0,1570,125,14,1,1695,15,7,0
05/04/2021,TELLER,0,5,0,0,5,0,1575,125,14,1,1700,15,5,0
05/05/2021,TELLER,0,7,0,0,7,0,1582,125,14,1,1707,15,7,0
05/06/2021,TELLER,0,14,0,0,14,0,1596,125,14,1,1721,15,14,0
05/07/2021,TELLER,1,5,0,0,6,0,1601,126,14,1,1727,15,6,0
05/08/2021,TELLER,0,8,0,0,8,0,1609,126,14,1,1735,15,8,0
05/09/2021,TELLER,0,5,0,0,5,0,1614,126,14,1,1740,15,5,0
05/10/2021,TELLER,1,4,0,0,5,0,1618,127,14,1,1745,15,5,0
05/11/2021,TELLER,0,8,0,1,8,1,1626,127,15,1,1753,16,8,1
05/12/2021,TELLER,0,9,0,1,9,1,1635,127,16,1,1762,17,9,1
05/13/2021,TELLER,0,7,0,0,7,0,1642,127,16,1,1769,17,7,0
05/14/2021,TELLER,1,4,0,0,5,0,1646,128,16,1,1774,17,5,0
05/15/2021,TELLER,0,3,0,0,3,0,1649,128,16,1,1777,17,3,0
05/16/2021,TELLER,1,10,0,0,11,0,1659,129,16,1,1788,17,11,0
05/17/2021,TELLER,0,5,0,0,5,0,1664,129,16,1,1793,17,5,0
05/18/2021,TELLER,0,8,0,0,8,0,1672,129,16,1,1801,17,8,0
05/19/2021,TELLER,0,8,0,0,8,0,1680,129,16,1,1809,17,8,0
05/20/2021,TELLER,0,2,0,0,2,0,1682,129,16,1,1811,17,2,0
05/21/2021,TELLER,1,1,0,0,2,0,1683,130,16,1,1813,17,2,0
05/22/2021,TELLER,0,5,0,0,5,0,1688,130,16,1,1818,17,5,0
05/23/2021,TELLER,0,3,0,0,3,0,1691,130,16,1,1821,17,3,0
05/24/2021,TELLER,0,8,0,0,8,0,1699,130,16,1,1829,17,8,0
05/25/2021,TELLER,0,5,0,1,5,1,1704,130,17,1,1834,18,5,1
05/26/2021,TELLER,1,4,0,0,5,0,1708,131,17,1,1839,18,5,0
05/27/2021,TELLER,0,2,0,0,2,0,1710,131,17,1,1841,18,2,0
05/28/2021,TELLER,0,1,0,0,1,0,1711,131,17,1,1842,18,1,0
05/30/2021,TELLER,0,7,0,0,7,0,1718,131,17,1,1849,18,7,0
05/31/2021,TELLER,1,2,0,0,3,0,1720,132,17,1,1852,18,3,0
06/02/2021,TELLER,0,8,0,0,8,0,1728,132,17,1,1860,18,8,0
06/03/2021,TELLER,1,7,0,0,8,0,1735,133,17,1,1868,18,8,0
06/04/2021,TELLER,1,3,0,0,4,0,1738,134,17,1,1872,18,4,0
06/05/2021,TELLER,1,7,0,0,8,0,1745,135,17,1,1880,18,8,0
06/06/2021,TELLER,1,0,0,0,1,0,1745,136,17,1,1881,18,1,0
06/07/2021,TELLER,1,7,0,0,8,0,1752,137,17,1,1889,18,8,0
06/08/2021,TELLER,0,2,0,0,2,0,1754,137,17,1,1891,18,2,0
06/09/2021,TELLER,0,5,0,0,5,0,1759,137,17,1,1896,18,5,0
06/10/2021,TELLER,0,2,0,0,2,0,1761,137,17,1,1898,18,2,0
06/11/2021,TELLER,0,1,0,0,1,0,1762,137,17,1,1899,18,1,0
06/12/2021,TELLER,0,1,0,0,1,0,1763,137,17,1,1900,18,1,0
06/13/2021,TELLER,0,2,0,0,2,0,1765,137,17,1,1902,18,2,0
06/14/2021,TELLER,1,0,0,0,1,0,1765,138,17,1,1903,18,1,0
06/15/2021,TELLER,0,1,0,0,1,0,1766,138,17,1,1904,18,1,0
06/16/2021,TELLER,0,1,0,0,1,0,1767,138,17,1,1905,18,1,0
06/17/2021,TELLER,0,5,0,0,5,0,1772,138,17,1,1910,18,5,0
06/18/2021,TELLER,0,2,0,0,2,0,1774,138,17,1,1912,18,2,0
06/19/2021,TELLER,0,1,0,0,1,0,1775,138,17,1,1913,18,1,0
06/20/2021,TELLER,0,1,0,0,1,0,1776,138,17,1,1914,18,1,0
06/21/2021,TELLER,0,4,0,0,4,0,1780,138,17,1,1918,18,4,0
06/23/2021,TELLER,0,5,0,0,5,0,1785,138,17,1,1923,18,5,0
06/24/2021,TELLER,0,3,0,0,3,0,1788,138,17,1,1926,18,3,0
06/25/2021,TELLER,0,1,0,0,1,0,1789,138,17,1,1927,18,1,0
06/26/2021,TELLER,0,2,0,0,2,0,1791,138,17,1,1929,18,2,0
06/27/2021,TELLER,0,1,0,0,1,0,1792,138,17,1,1930,18,1,0
06/29/2021,TELLER,0,1,0,0,1,0,1793,138,17,1,1931,18,1,0
07/01/2021,TELLER,0,2,0,0,2,0,1795,138,17,1,1933,18,2,0
07/03/2021,TELLER,0,1,0,0,1,0,1796,138,17,1,1934,18,1,0
07/04/2021,TELLER,0,2,0,0,2,0,1798,138,17,1,1936,18,2,0
07/06/2021,TELLER,0,2,0,0,2,0,1800,138,17,1,1938,18,2,0
07/07/2021,TELLER,0,1,0,0,1,0,1801,138,17,1,1939,18,1,0
07/08/2021,TELLER,0,3,0,0,3,0,1804,138,17,1,1942,18,3,0
07/09/2021,TELLER,0,1,0,0,1,0,1805,138,17,1,1943,18,1,0
07/11/2021,TELLER,0,2,0,0,2,0,1807,138,17,1,1945,18,2,0
07/12/2021,TELLER,0,1,0,0,1,0,1808,138,17,1,1946,18,1,0
07/13/2021,TELLER,0,1,0,0,1,0,1809,138,17,1,1947,18,1,0
07/14/2021,TELLER,0,2,0,0,2,0,1811,138,17,1,1949,18,2,0
07/15/2021,TELLER,0,1,0,0,1,0,1812,138,17,1,1950,18,1,0
07/17/2021,TELLER,0,1,0,0,1,0,1813,138,17,1,1951,18,1,0
07/18/2021,TELLER,0,4,0,0,4,0,1817,138,17,1,1955,18,4,0
07/19/2021,TELLER,0,2,0,0,2,0,1819,138,17,1,1957,18,2,0
07/20/2021,TELLER,1,9,0,0,10,0,1828,139,17,1,1967,18,10,0
07/21/2021,TELLER,1,1,0,0,2,0,1829,140,17,1,1969,18,2,0
07/22/2021,TELLER,0,4,0,0,4,0,1833,140,17,1,1973,18,4,0
07/23/2021,TELLER,0,1,0,0,1,0,1834,140,17,1,1974,18,1,0
07/24/2021,TELLER,0,2,0,0,2,0,1836,140,17,1,1976,18,2,0
07/25/2021,TELLER,0,5,0,0,5,0,1841,140,17,1,1981,18,5,0
07/27/2021,TELLER,1,8,0,0,9,0,1849,141,17,1,1990,18,9,0
07/28/2021,TELLER,0,5,0,0,5,0,1854,141,17,1,1995,18,5,0
07/29/2021,TELLER,0,7,0,0,7,0,1861,141,17,1,2002,18,7,0
07/30/2021,TELLER,1,1,0,0,2,0,1862,142,17,1,2004,18,2,0
07/31/2021,TELLER,0,3,0,1,3,1,1865,142,18,1,2007,19,3,1
08/01/2021,TELLER,0,1,0,0,1,0,1866,142,18,1,2008,19,1,0
08/02/2021,TELLER,0,2,0,0,2,0,1868,142,18,1,2010,19,2,0
08/03/2021,TELLER,1,3,0,0,4,0,1871,143,18,1,2014,19,4,0
08/04/2021,TELLER,0,3,0,0,3,0,1874,143,18,1,2017,19,3,0
08/05/2021,TELLER,1,3,0,0,4,0,1877,144,18,1,2021,19,4,0
08/07/2021,TELLER,0,3,0,0,3,0,1880,144,18,1,2024,19,3,0
08/09/2021,TELLER,0,1,0,0,1,0,1881,144,18,1,2025,19,1,0
08/10/2021,TELLER,0,3,0,0,3,0,1884,144,18,1,2028,19,3,0
08/12/2021,TELLER,0,1,0,0,1,0,1885,144,18,1,2029,19,1,0
08/13/2021,TELLER,0,2,0,0,2,0,1887,144,18,1,2031,19,2,0
08/14/2021,TELLER,0,1,0,0,1,0,1888,144,18,1,2032,19,1,0
08/15/2021,TELLER,0,1,0,0,1,0,1889,144,18,1,2033,19,1,0
08/16/2021,TELLER,0,3,0,0,3,0,1892,144,18,1,2036,19,3,0
08/17/2021,TELLER,0,9,0,0,9,0,1901,144,18,1,2045,19,9,0
08/18/2021,TELLER,0,4,0,0,4,0,1905,144,18,1,2049,19,4,0
08/19/2021,TELLER,0,2,0,0,2,0,1907,144,18,1,2051,19,2,0
08/20/2021,TELLER,0,5,0,0,5,0,1912,144,18,1,2056,19,5,0
08/21/2021,TELLER,0,3,0,0,3,0,1915,144,18,1,2059,19,3,0
08/22/2021,TELLER,0,7,0,0,7,0,1922,144,18,1,2066,19,7,0
08/23/2021,TELLER,0,1,0,0,1,0,1923,144,18,1,2067,19,1,0
08/24/2021,TELLER,0,16,0,0,16,0,1939,144,18,1,2083,19,16,0
08/25/2021,TELLER,1,5,0,0,6,0,1944,145,18,1,2089,19,6,0
08/26/2021,TELLER,0,5,0,0,5,0,1949,145,18,1,2094,19,5,0
08/27/2021,TELLER,0,4,0,0,4,0,1953,145,18,1,2098,19,4,0
08/28/2021,TELLER,1,1,0,0,2,0,1954,146,18,1,2100,19,2,0
08/29/2021,TELLER,0,15,0,1,15,1,1969,146,19,1,2115,20,15,1
08/30/2021,TELLER,0,3,0,0,3,0,1972,146,19,1,2118,20,3,0
08/31/2021,TELLER,0,13,0,0,13,0,1985,146,19,1,2131,20,13,0
09/01/2021,TELLER,0,4,0,1,4,1,1989,146,20,1,2135,21,4,1
09/02/2021,TELLER,0,12,0,1,12,1,2001,146,21,1,2147,22,12,1
09/03/2021,TELLER,0,4,0,0,4,0,2005,146,21,1,2151,22,4,0
09/04/2021,TELLER,0,4,0,0,4,0,2009,146,21,1,2155,22,4,0
09/05/2021,TELLER,0,13,0,0,13,0,2022,146,21,1,2168,22,13,0
09/06/2021,TELLER,0,10,0,0,10,0,2032,146,21,1,2178,22,10,0
09/07/2021,TELLER,1,4,0,0,5,0,2036,147,21,1,2183,22,5,0
09/08/2021,TELLER,2,5,0,0,7,0,2041,149,21,1,2190,22,7,0
09/09/2021,TELLER,4,5,0,0,9,0,2046,153,21,1,2199,22,9,0
09/10/2021,TELLER,1,15,0,0,16,0,2061,154,21,1,2215,22,16,0
09/11/2021,TELLER,0,7,0,0,7,0,2068,154,21,1,2222,22,7,0
09/12/2021,TELLER,0,9,0,0,9,0,2077,154,21,1,2231,22,9,0
09/13/2021,TELLER,3,8,0,1,11,1,2085,157,22,1,2242,23,11,1
09/14/2021,TELLER,1,21,0,0,22,0,2106,158,22,1,2264,23,22,0
09/15/2021,TELLER,2,7,0,0,9,0,2113,160,22,1,2273,23,9,0
09/16/2021,TELLER,3,9,0,1,12,1,2122,163,23,1,2285,24,12,1
09/17/2021,TELLER,0,16,0,0,16,0,2138,163,23,1,2301,24,16,0
09/18/2021,TELLER,0,3,0,0,3,0,2141,163,23,1,2304,24,3,0
09/19/2021,TELLER,0,11,0,0,11,0,2152,163,23,1,2315,24,11,0
09/20/2021,TELLER,6,3,0,0,9,0,2155,169,23,1,2324,24,9,0
09/21/2021,TELLER,2,25,0,0,27,0,2180,171,23,1,2351,24,27,0
09/22/2021,TELLER,3,10,0,0,13,0,2190,174,23,1,2364,24,13,0
09/23/2021,TELLER,0,18,0,0,18,0,2208,174,23,1,2382,24,18,0
09/24/2021,TELLER,4,8,0,0,12,0,2216,178,23,1,2394,24,12,0
09/25/2021,TELLER,0,4,0,0,4,0,2220,178,23,1,2398,24,4,0
09/26/2021,TELLER,0,7,0,0,7,0,2227,178,23,1,2405,24,7,0
09/27/2021,TELLER,2,28,0,0,30,0,2255,180,23,1,2435,24,30,0
09/28/2021,TELLER,1,32,0,0,33,0,2287,181,23,1,2468,24,33,0
09/29/2021,TELLER,1,7,0,0,8,0,2294,182,23,1,2476,24,8,0
09/30/2021,TELLER,6,17,0,1,23,1,2311,188,24,1,2499,25,23,1
10/01/2021,TELLER,5,9,0,1,14,1,2320,193,25,1,2513,26,14,1
10/02/2021,TELLER,0,29,0,1,29,1,2349,193,26,1,2542,27,29,1
10/03/2021,TELLER,0,4,0,0,4,0,2353,193,26,1,2546,27,4,0
10/04/2021,TELLER,5,10,0,0,15,0,2363,198,26,1,2561,27,15,0
10/05/2021,TELLER,2,26,0,0,28,0,2389,200,26,1,2589,27,28,0
10/06/2021,TELLER,1,11,0,0,12,0,2400,201,26,1,2601,27,12,0
10/07/2021,TELLER,1,31,0,1,32,1,2431,202,27,1,2633,28,32,1
10/08/2021,TELLER,0,13,0,1,13,1,2444,202,28,1,2646,29,13,1
10/09/2021,TELLER,1,14,0,0,15,0,2458,203,28,1,2661,29,15,0
10/10/2021,TELLER,0,4,0,0,4,0,2462,203,28,1,2665,29,4,0
10/11/2021,TELLER,0,4,0,1,4,1,2466,203,29,1,2669,30,4,1
10/12/2021,TELLER,2,40,1,3,42,4,2506,205,32,2,2711,34,42,4
10/13/2021,TELLER,4,9,0,0,13,0,2515,209,32,2,2724,34,13,0
10/14/2021,TELLER,5,25,0,0,30,0,2540,214,32,2,2754,34,30,0
10/15/2021,TELLER,0,9,0,0,9,0,2549,214,32,2,2763,34,9,0
10/16/2021,TELLER,1,6,0,0,7,0,2555,215,32,2,2770,34,7,0
10/17/2021,TELLER,0,29,0,0,29,0,2584,215,32,2,2799,34,29,0
10/18/2021,TELLER,0,5,0,0,5,0,2589,215,32,2,2804,34,5,0
10/19/2021,TELLER,2,19,0,0,21,0,2608,217,32,2,2825,34,21,0
10/20/2021,TELLER,1,17,0,1,18,1,2625,218,33,2,2843,35,18,1
10/21/2021,TELLER,1,15,0,0,16,0,2640,219,33,2,2859,35,16,0
10/22/2021,TELLER,0,6,0,0,6,0,2646,219,33,2,2865,35,6,0
10/23/2021,TELLER,0,8,0,1,8,1,2654,219,34,2,2873,36,8,1
10/24/2021,TELLER,0,13,0,0,13,0,2667,219,34,2,2886,36,13,0
10/25/2021,TELLER,1,4,0,0,5,0,2671,220,34,2,2891,36,5,0
10/26/2021,TELLER,0,20,0,0,20,0,2691,220,34,2,2911,36,20,0
10/27/2021,TELLER,1,12,0,0,13,0,2703,221,34,2,2924,36,13,0
10/28/2021,TELLER,1,23,0,0,24,0,2726,222,34,2,2948,36,24,0
10/29/2021,TELLER,0,8,0,1,8,1,2734,222,35,2,2956,37,8,1
10/30/2021,TELLER,1,11,0,0,12,0,2745,223,35,2,2968,37,12,0
10/31/2021,TELLER,1,17,0,0,18,0,2762,224,35,2,2986,37,18,0
11/01/2021,TELLER,6,1,1,0,7,1,2763,230,35,3,2993,38,7,1
11/02/2021,TELLER,0,6,0,0,6,0,2769,230,35,3,2999,38,6,0
11/03/2021,TELLER,0,26,0,0,26,0,2795,230,35,3,3025,38,26,0
11/04/2021,TELLER,0,9,0,0,9,0,2804,230,35,3,3034,38,9,0
11/05/2021,TELLER,0,4,0,0,4,0,2808,230,35,3,3038,38,4,0
11/06/2021,TELLER,1,12,0,0,13,0,2820,231,35,3,3051,38,13,0
11/07/2021,TELLER,0,2,0,0,2,0,2822,231,35,3,3053,38,2,0
11/08/2021,TELLER,5,4,0,0,9,0,2826,236,35,3,3062,38,9,0
11/09/2021,TELLER,3,25,0,0,28,0,2851,239,35,3,3090,38,28,0
11/10/2021,TELLER,2,7,0,0,9,0,2858,241,35,3,3099,38,9,0
11/11/2021,TELLER,1,20,0,1,21,1,2878,242,36,3,3120,39,21,1
11/12/2021,TELLER,2,7,0,0,9,0,2885,244,36,3,3129,39,9,0
11/13/2021,TELLER,3,11,0,0,14,0,2896,247,36,3,3143,39,14,0
11/14/2021,TELLER,0,22,0,1,22,1,2918,247,37,3,3165,40,22,1
11/15/2021,TELLER,1,5,0,0,6,0,2923,248,37,3,3171,40,6,0
11/16/2021,TELLER,3,5,0,1,8,1,2928,251,38,3,3179,41,8,1
11/17/2021,TELLER,3,23,0,2,26,2,2951,254,40,3,3205,43,26,2
11/18/2021,TELLER,0,8,0,0,8,0,2959,254,40,3,3213,43,8,0
11/19/2021,TELLER,0,20,0,0,20,0,2979,254,40,3,3233,43,20,0
11/20/2021,TELLER,1,9,0,0,10,0,2988,255,40,3,3243,43,10,0
11/21/2021,TELLER,0,3,0,0,3,0,2991,255,40,3,3246,43,3,0
11/22/2021,TELLER,1,6,0,0,7,0,2997,256,40,3,3253,43,7,0
11/23/2021,TELLER,2,26,0,2,28,2,3023,258,42,3,3281,45,28,2
11/24/2021,TELLER,1,23,0,0,24,0,3046,259,42,3,3305,45,24,0
11/25/2021,TELLER,0,3,0,0,3,0,3049,259,42,3,3308,45,3,0
11/26/2021,TELLER,0,5,0,2,5,2,3054,259,44,3,3313,47,5,2
11/27/2021,TELLER,0,2,0,0,2,0,3056,259,44,3,3315,47,2,0
11/28/2021,TELLER,0,8,0,0,8,0,3064,259,44,3,3323,47,8,0
11/29/2021,TELLER,5,7,0,0,12,0,3071,264,44,3,3335,47,12,0
11/30/2021,TELLER,4,6,0,0,10,0,3077,268,44,3,3345,47,10,0
12/01/2021,TELLER,0,22,0,0,22,0,3099,268,44,3,3367,47,22,0
12/02/2021,TELLER,4,8,0,0,12,0,3107,272,44,3,3379,47,12,0
12/03/2021,TELLER,0,16,0,0,16,0,3123,272,44,3,3395,47,16,0
12/04/2021,TELLER,0,10,0,0,10,0,3133,272,44,3,3405,47,10,0
12/06/2021,TELLER,1,11,0,0,12,0,3144,273,44,3,3417,47,12,0
12/07/2021,TELLER,4,12,0,2,16,2,3156,277,46,3,3433,49,16,2
12/08/2021,TELLER,0,7,0,1,7,1,3163,277,47,3,3440,50,7,1
12/09/2021,TELLER,1,8,0,0,9,0,3171,278,47,3,3449,50,9,0
12/10/2021,TELLER,0,6,0,1,6,1,3177,278,48,3,3455,51,6,1
12/11/2021,TELLER,0,9,0,0,9,0,3186,278,48,3,3464,51,9,0
12/13/2021,TELLER,0,4,0,0,4,0,3190,278,48,3,3468,51,4,0
12/14/2021,TELLER,0,11,0,0,11,0,3201,278,48,3,3479,51,11,0
12/15/2021,TELLER,0,2,0,0,2,0,3203,278,48,3,3481,51,2,0
12/16/2021,TELLER,0,4,0,0,4,0,3207,278,48,3,3485,51,4,0
12/17/2021,TELLER,1,1,0,0,2,0,3208,279,48,3,3487,51,2,0
12/18/2021,TELLER,0,4,0,0,4,0,3212,279,48,3,3491,51,4,0
12/19/2021,TELLER,0,1,0,0,1,0,3213,279,48,3,3492,51,1,0
12/20/2021,TELLER,1,3,0,0,4,0,3216,280,48,3,3496,51,4,0
12/21/2021,TELLER,2,12,0,2,14,2,3228,282,50,3,3510,53,14,2
12/22/2021,TELLER,5,3,0,0,8,0,3231,287,50,3,3518,53,8,0
12/23/2021,TELLER,0,5,0,0,5,0,3236,287,50,3,3523,53,5,0
12/24/2021,TELLER,0,7,0,0,7,0,3243,287,50,3,3530,53,7,0
12/25/2021,TELLER,0,5,0,0,5,0,3248,287,50,3,3535,53,5,0
12/26/2021,TELLER,1,6,0,0,7,0,3254,288,50,3,3542,53,7,0
12/27/2021,TELLER,0,4,0,0,4,0,3258,288,50,3,3546,53,4,0
12/28/2021,TELLER,0,24,0,0,24,0,3282,288,50,3,3570,53,24,0
12/29/2021,TELLER,1,11,0,0,12,0,3293,289,50,3,3582,53,12,0
12/30/2021,TELLER,7,19,0,0,26,0,3312,296,50,3,3608,53,26,0
12/31/2021,TELLER,2,19,0,0,21,0,3331,298,50,3,3629,53,21,0
01/01/2022,TELLER,1,9,0,0,10,0,3340,299,50,3,3639,53,10,0
01/02/2022,TELLER,1,15,0,0,16,0,3355,300,50,3,3655,53,16,0
01/03/2022,TELLER,2,10,0,0,12,0,3365,302,50,3,3667,53,12,0
01/04/2022,TELLER,7,22,0,1,29,1,3387,309,51,3,3696,54,29,1
01/05/2022,TELLER,5,63,0,0,68,0,3450,314,51,3,3764,54,68,0
01/06/2022,TELLER,5,56,0,0,61,0,3506,319,51,3,3825,54,61,0
01/07/2022,TELLER,4,24,0,0,28,0,3530,323,51,3,3853,54,28,0
01/08/2022,TELLER,0,32,0,0,32,0,3562,323,51,3,3885,54,32,0
01/09/2022,TELLER,2,23,0,0,25,0,3585,325,51,3,3910,54,25,0
01/10/2022,TELLER,7,8,0,0,15,0,3593,332,51,3,3925,54,15,0
01/11/2022,TELLER,1,19,0,0,20,0,3612,333,51,3,3945,54,20,0
01/12/2022,TELLER,5,77,0,0,82,0,3689,338,51,3,4027,54,82,0
01/13/2022,TELLER,5,47,0,0,52,0,3736,343,51,3,4079,54,52,0
01/14/2022,TELLER,3,36,0,0,39,0,3772,346,51,3,4118,54,39,0
01/15/2022,TELLER,1,18,0,0,19,0,3790,347,51,3,4137,54,19,0
01/16/2022,TELLER,1,48,0,0,49,0,3838,348,51,3,4186,54,49,0
01/17/2022,TELLER,3,7,0,0,10,0,3845,351,51,3,4196,54,10,0
01/18/2022,TELLER,2,19,0,0,21,0,3864,353,51,3,4217,54,21,0
01/19/2022,TELLER,5,48,0,1,53,1,3912,358,52,3,4270,55,53,1
01/20/2022,TELLER,5,47,0,0,52,0,3959,363,52,3,4322,55,52,0
01/21/2022,TELLER,2,56,0,0,58,0,4015,365,52,3,4380,55,58,0
01/22/2022,TELLER,1,16,0,0,17,0,4031,366,52,3,4397,55,17,0
01/23/2022,TELLER,5,22,0,0,27,0,4053,371,52,3,4424,55,27,0
01/24/2022,TELLER,1,37,0,0,38,0,4090,372,52,3,4462,55,38,0
01/25/2022,TELLER,2,39,0,0,41,0,4129,374,52,3,4503,55,41,0
01/26/2022,TELLER,3,32,0,0,35,0,4161,377,52,3,4538,55,35,0
01/27/2022,TELLER,1,19,0,0,20,0,4180,378,52,3,4558,55,20,0
01/28/2022,TELLER,0,15,0,1,15,1,4195,378,53,3,4573,56,15,1
01/29/2022,TELLER,2,38,0,0,40,0,4233,380,53,3,4613,56,40,0
01/30/2022,TELLER,5,6,0,0,11,0,4239,385,53,3,4624,56,11,0
01/31/2022,TELLER,1,9,0,0,10,0,4248,386,53,3,4634,56,10,0
02/01/2022,TELLER,0,7,0,0,7,0,4255,386,53,3,4641,56,7,0
02/02/2022,TELLER,2,10,0,0,12,0,4265,388,53,3,4653,56,12,0
02/03/2022,TELLER,1,3,0,0,4,0,4268,389,53,3,4657,56,4,0
02/04/2022,TELLER,0,1,0,0,1,0,4269,389,53,3,4658,56,1,0
02/05/2022,TELLER,0,10,0,0,10,0,4279,389,53,3,4668,56,10,0
02/06/2022,TELLER,0,4,0,0,4,0,4283,389,53,3,4672,56,4,0
02/07/2022,TELLER,0,6,0,0,6,0,4289,389,53,3,4678,56,6,0
02/08/2022,TELLER,0,10,0,0,10,0,4299,389,53,3,4688,56,10,0
02/09/2022,TELLER,0,4,0,0,4,0,4303,389,53,3,4692,56,4,0
02/10/2022,TELLER,0,11,0,0,11,0,4314,389,53,3,4703,56,11,0
02/11/2022,TELLER,0,4,0,0,4,0,4318,389,53,3,4707,56,4,0
02/12/2022,TELLER,0,3,0,0,3,0,4321,389,53,3,4710,56,3,0
02/13/2022,TELLER,0,2,0,0,2,0,4323,389,53,3,4712,56,2,0
02/14/2022,TELLER,0,1,0,0,1,0,4324,389,53,3,4713,56,1,0
02/15/2022,TELLER,1,8,0,0,9,0,4332,390,53,3,4722,56,9,0
02/16/2022,TELLER,0,1,0,0,1,0,4333,390,53,3,4723,56,1,0
02/17/2022,TELLER,0,4,0,0,4,0,4337,390,53,3,4727,56,4,0
02/18/2022,TELLER,1,3,0,0,4,0,4340,391,53,3,4731,56,4,0
02/19/2022,TELLER,1,1,0,0,2,0,4341,392,53,3,4733,56,2,0
02/20/2022,TELLER,1,0,0,0,1,0,4341,393,53,3,4734,56,1,0
02/21/2022,TELLER,0,1,0,0,1,0,4342,393,53,3,4735,56,1,0
02/22/2022,TELLER,0,2,0,0,2,0,4344,393,53,3,4737,56,2,0
02/23/2022,TELLER,0,1,0,0,1,0,4345,393,53,3,4738,56,1,0
02/25/2022,TELLER,0,2,0,0,2,0,4347,393,53,3,4740,56,2,0
02/26/2022,TELLER,0,3,0,0,3,0,4350,393,53,3,4743,56,3,0
02/28/2022,TELLER,1,1,0,0,2,0,4351,394,53,3,4745,56,2,0
03/02/2022,TELLER,0,3,0,0,3,0,4354,394,53,3,4748,56,3,0
03/03/2022,TELLER,0,1,0,0,1,0,4355,394,53,3,4749,56,1,0
03/04/2022,TELLER,0,1,0,0,1,0,4356,394,53,3,4750,56,1,0
03/05/2022,TELLER,0,1,0,0,1,0,4357,394,53,3,4751,56,1,0
03/07/2022,TELLER,1,1,0,0,2,0,4358,395,53,3,4753,56,2,0
03/11/2022,TELLER,0,1,0,0,1,0,4359,395,53,3,4754,56,1,0
03/15/2022,TELLER,1,0,1,0,1,1,4359,396,53,4,4755,57,1,1
03/19/2022,TELLER,0,1,0,0,1,0,4360,396,53,4,4756,57,1,0
03/25/2020,WASHINGTON,0,1,0,0,1,0,1,0,0,0,1,0,-4755,-57
03/29/2020,WASHINGTON,0,1,0,0,1,0,2,0,0,0,2,0,1,0
04/11/2020,WASHINGTON,0,1,0,0,1,0,3,0,0,0,3,0,1,0
04/13/2020,WASHINGTON,0,2,0,0,2,0,5,0,0,0,5,0,2,0
04/17/2020,WASHINGTON,0,1,0,0,1,0,6,0,0,0,6,0,1,0
04/27/2020,WASHINGTON,0,1,0,0,1,0,7,0,0,0,7,0,1,0
04/29/2020,WASHINGTON,0,1,0,0,1,0,8,0,0,0,8,0,1,0
05/04/2020,WASHINGTON,0,1,0,0,1,0,9,0,0,0,9,0,1,0
05/15/2020,WASHINGTON,0,1,0,0,1,0,10,0,0,0,10,0,1,0
05/17/2020,WASHINGTON,0,2,0,0,2,0,12,0,0,0,12,0,2,0
05/20/2020,WASHINGTON,0,3,0,0,3,0,15,0,0,0,15,0,3,0
05/21/2020,WASHINGTON,0,1,0,0,1,0,16,0,0,0,16,0,1,0
05/22/2020,WASHINGTON,0,15,0,0,15,0,31,0,0,0,31,0,15,0
05/23/2020,WASHINGTON,0,1,0,0,1,0,32,0,0,0,32,0,1,0
05/24/2020,WASHINGTON,0,1,0,0,1,0,33,0,0,0,33,0,1,0
05/26/2020,WASHINGTON,0,1,0,0,1,0,34,0,0,0,34,0,1,0
05/28/2020,WASHINGTON,0,7,0,1,7,1,41,0,1,0,41,1,7,1
05/30/2020,WASHINGTON,0,1,0,0,1,0,42,0,1,0,42,1,1,0
06/03/2020,WASHINGTON,0,1,0,0,1,0,43,0,1,0,43,1,1,0
06/06/2020,WASHINGTON,0,1,0,0,1,0,44,0,1,0,44,1,1,0
06/29/2020,WASHINGTON,0,1,0,0,1,0,45,0,1,0,45,1,1,0
06/30/2020,WASHINGTON,0,1,0,0,1,0,46,0,1,0,46,1,1,0
07/30/2020,WASHINGTON,0,1,0,1,1,1,47,0,2,0,47,2,1,1
08/08/2020,WASHINGTON,0,1,0,0,1,0,48,0,2,0,48,2,1,0
08/09/2020,WASHINGTON,0,1,0,0,1,0,49,0,2,0,49,2,1,0
08/12/2020,WASHINGTON,0,1,0,0,1,0,50,0,2,0,50,2,1,0
08/15/2020,WASHINGTON,0,1,0,0,1,0,51,0,2,0,51,2,1,0
08/20/2020,WASHINGTON,0,1,0,0,1,0,52,0,2,0,52,2,1,0
08/25/2020,WASHINGTON,0,1,0,0,1,0,53,0,2,0,53,2,1,0
09/02/2020,WASHINGTON,0,1,0,0,1,0,54,0,2,0,54,2,1,0
09/10/2020,WASHINGTON,0,1,0,0,1,0,55,0,2,0,55,2,1,0
09/14/2020,WASHINGTON,0,1,0,0,1,0,56,0,2,0,56,2,1,0
09/16/2020,WASHINGTON,0,2,0,0,2,0,58,0,2,0,58,2,2,0
09/19/2020,WASHINGTON,0,1,0,0,1,0,59,0,2,0,59,2,1,0
09/20/2020,WASHINGTON,0,1,0,0,1,0,60,0,2,0,60,2,1,0
09/21/2020,WASHINGTON,0,1,0,0,1,0,61,0,2,0,61,2,1,0
09/25/2020,WASHINGTON,0,1,0,0,1,0,62,0,2,0,62,2,1,0
09/28/2020,WASHINGTON,0,3,0,0,3,0,65,0,2,0,65,2,3,0
09/29/2020,WASHINGTON,0,2,0,0,2,0,67,0,2,0,67,2,2,0
09/30/2020,WASHINGTON,0,1,0,0,1,0,68,0,2,0,68,2,1,0
10/03/2020,WASHINGTON,0,1,0,0,1,0,69,0,2,0,69,2,1,0
10/04/2020,WASHINGTON,0,1,0,0,1,0,70,0,2,0,70,2,1,0
10/05/2020,WASHINGTON,0,2,0,0,2,0,72,0,2,0,72,2,2,0
10/08/2020,WASHINGTON,0,1,0,0,1,0,73,0,2,0,73,2,1,0
10/09/2020,WASHINGTON,0,1,0,0,1,0,74,0,2,0,74,2,1,0
10/10/2020,WASHINGTON,0,1,0,0,1,0,75,0,2,0,75,2,1,0
10/12/2020,WASHINGTON,0,1,0,0,1,0,76,0,2,0,76,2,1,0
10/14/2020,WASHINGTON,0,3,0,0,3,0,79,0,2,0,79,2,3,0
10/15/2020,WASHINGTON,0,1,0,0,1,0,80,0,2,0,80,2,1,0
10/16/2020,WASHINGTON,0,1,0,0,1,0,81,0,2,0,81,2,1,0
10/18/2020,WASHINGTON,1,0,0,0,1,0,81,1,2,0,82,2,1,0
10/19/2020,WASHINGTON,0,2,0,1,2,1,83,1,3,0,84,3,2,1
10/20/2020,WASHINGTON,0,3,0,0,3,0,86,1,3,0,87,3,3,0
10/21/2020,WASHINGTON,0,1,0,0,1,0,87,1,3,0,88,3,1,0
10/22/2020,WASHINGTON,0,3,0,1,3,1,90,1,4,0,91,4,3,1
10/23/2020,WASHINGTON,0,5,0,0,5,0,95,1,4,0,96,4,5,0
10/24/2020,WASHINGTON,0,1,0,0,1,0,96,1,4,0,97,4,1,0
10/25/2020,WASHINGTON,1,0,0,0,1,0,96,2,4,0,98,4,1,0
10/26/2020,WASHINGTON,0,1,0,0,1,0,97,2,4,0,99,4,1,0
10/27/2020,WASHINGTON,1,4,0,0,5,0,101,3,4,0,104,4,5,0
10/28/2020,WASHINGTON,1,0,0,0,1,0,101,4,4,0,105,4,1,0
10/29/2020,WASHINGTON,0,1,0,0,1,0,102,4,4,0,106,4,1,0
10/30/2020,WASHINGTON,0,2,0,0,2,0,104,4,4,0,108,4,2,0
10/31/2020,WASHINGTON,1,0,0,0,1,0,104,5,4,0,109,4,1,0
11/01/2020,WASHINGTON,0,4,0,1,4,1,108,5,5,0,113,5,4,1
11/02/2020,WASHINGTON,1,2,0,0,3,0,110,6,5,0,116,5,3,0
11/03/2020,WASHINGTON,0,5,0,1,5,1,115,6,6,0,121,6,5,1
11/04/2020,WASHINGTON,0,5,0,0,5,0,120,6,6,0,126,6,5,0
11/05/2020,WASHINGTON,0,2,0,0,2,0,122,6,6,0,128,6,2,0
11/06/2020,WASHINGTON,0,1,0,0,1,0,123,6,6,0,129,6,1,0
11/07/2020,WASHINGTON,1,2,0,0,3,0,125,7,6,0,132,6,3,0
11/08/2020,WASHINGTON,0,2,0,0,2,0,127,7,6,0,134,6,2,0
11/09/2020,WASHINGTON,2,1,0,0,3,0,128,9,6,0,137,6,3,0
11/10/2020,WASHINGTON,1,5,0,0,6,0,133,10,6,0,143,6,6,0
11/11/2020,WASHINGTON,0,3,0,0,3,0,136,10,6,0,146,6,3,0
11/12/2020,WASHINGTON,1,5,0,0,6,0,141,11,6,0,152,6,6,0
11/13/2020,WASHINGTON,3,4,0,1,7,1,145,14,7,0,159,7,7,1
11/14/2020,WASHINGTON,0,4,0,0,4,0,149,14,7,0,163,7,4,0
11/15/2020,WASHINGTON,0,2,0,0,2,0,151,14,7,0,165,7,2,0
11/16/2020,WASHINGTON,0,8,0,1,8,1,159,14,8,0,173,8,8,1
11/17/2020,WASHINGTON,1,6,0,0,7,0,165,15,8,0,180,8,7,0
11/18/2020,WASHINGTON,2,4,0,1,6,1,169,17,9,0,186,9,6,1
11/19/2020,WASHINGTON,0,8,0,0,8,0,177,17,9,0,194,9,8,0
11/20/2020,WASHINGTON,1,4,0,1,5,1,181,18,10,0,199,10,5,1
11/22/2020,WASHINGTON,0,2,0,0,2,0,183,18,10,0,201,10,2,0
11/23/2020,WASHINGTON,1,10,0,1,11,1,193,19,11,0,212,11,11,1
11/24/2020,WASHINGTON,0,2,0,0,2,0,195,19,11,0,214,11,2,0
11/25/2020,WASHINGTON,0,3,0,0,3,0,198,19,11,0,217,11,3,0
11/26/2020,WASHINGTON,0,2,0,0,2,0,200,19,11,0,219,11,2,0
11/27/2020,WASHINGTON,2,9,0,0,11,0,209,21,11,0,230,11,11,0
11/28/2020,WASHINGTON,0,6,0,0,6,0,215,21,11,0,236,11,6,0
11/29/2020,WASHINGTON,0,21,0,0,21,0,236,21,11,0,257,11,21,0
11/30/2020,WASHINGTON,0,14,0,0,14,0,250,21,11,0,271,11,14,0
12/03/2020,WASHINGTON,0,31,0,1,31,1,281,21,12,0,302,12,31,1
12/04/2020,WASHINGTON,0,2,0,0,2,0,283,21,12,0,304,12,2,0
12/06/2020,WASHINGTON,0,2,0,0,2,0,285,21,12,0,306,12,2,0
12/07/2020,WASHINGTON,0,1,0,0,1,0,286,21,12,0,307,12,1,0
12/08/2020,WASHINGTON,0,1,0,0,1,0,287,21,12,0,308,12,1,0
12/09/2020,WASHINGTON,0,5,0,0,5,0,292,21,12,0,313,12,5,0
12/10/2020,WASHINGTON,0,2,0,0,2,0,294,21,12,0,315,12,2,0
12/12/2020,WASHINGTON,0,1,0,0,1,0,295,21,12,0,316,12,1,0
12/15/2020,WASHINGTON,0,3,0,1,3,1,298,21,13,0,319,13,3,1
12/16/2020,WASHINGTON,0,27,0,0,27,0,325,21,13,0,346,13,27,0
12/17/2020,WASHINGTON,1,1,0,0,2,0,326,22,13,0,348,13,2,0
12/18/2020,WASHINGTON,0,1,0,0,1,0,327,22,13,0,349,13,1,0
12/19/2020,WASHINGTON,0,5,0,0,5,0,332,22,13,0,354,13,5,0
12/21/2020,WASHINGTON,0,1,0,0,1,0,333,22,13,0,355,13,1,0
12/22/2020,WASHINGTON,0,1,0,0,1,0,334,22,13,0,356,13,1,0
12/23/2020,WASHINGTON,0,3,0,0,3,0,337,22,13,0,359,13,3,0
12/27/2020,WASHINGTON,0,1,0,0,1,0,338,22,13,0,360,13,1,0
12/28/2020,WASHINGTON,1,0,0,0,1,0,338,23,13,0,361,13,1,0
12/29/2020,WASHINGTON,1,2,0,0,3,0,340,24,13,0,364,13,3,0
12/30/2020,WASHINGTON,0,1,0,0,1,0,341,24,13,0,365,13,1,0
01/01/2021,WASHINGTON,0,2,0,0,2,0,343,24,13,0,367,13,2,0
01/06/2021,WASHINGTON,0,2,0,0,2,0,345,24,13,0,369,13,2,0
01/09/2021,WASHINGTON,0,1,0,0,1,0,346,24,13,0,370,13,1,0
01/10/2021,WASHINGTON,0,1,0,0,1,0,347,24,13,0,371,13,1,0
01/11/2021,WASHINGTON,0,2,0,0,2,0,349,24,13,0,373,13,2,0
01/13/2021,WASHINGTON,0,1,0,0,1,0,350,24,13,0,374,13,1,0
01/14/2021,WASHINGTON,0,1,0,0,1,0,351,24,13,0,375,13,1,0
01/15/2021,WASHINGTON,0,2,0,0,2,0,353,24,13,0,377,13,2,0
01/16/2021,WASHINGTON,0,1,0,0,1,0,354,24,13,0,378,13,1,0
01/17/2021,WASHINGTON,0,1,0,1,1,1,355,24,14,0,379,14,1,1
01/19/2021,WASHINGTON,0,2,0,0,2,0,357,24,14,0,381,14,2,0
01/27/2021,WASHINGTON,0,1,0,0,1,0,358,24,14,0,382,14,1,0
02/05/2021,WASHINGTON,0,1,0,0,1,0,359,24,14,0,383,14,1,0
02/12/2021,WASHINGTON,0,1,0,0,1,0,360,24,14,0,384,14,1,0
02/15/2021,WASHINGTON,0,2,0,0,2,0,362,24,14,0,386,14,2,0
02/17/2021,WASHINGTON,0,6,0,0,6,0,368,24,14,0,392,14,6,0
02/18/2021,WASHINGTON,0,1,0,0,1,0,369,24,14,0,393,14,1,0
02/19/2021,WASHINGTON,0,1,0,0,1,0,370,24,14,0,394,14,1,0
02/20/2021,WASHINGTON,0,2,0,0,2,0,372,24,14,0,396,14,2,0
02/24/2021,WASHINGTON,0,1,0,0,1,0,373,24,14,0,397,14,1,0
02/26/2021,WASHINGTON,0,1,0,0,1,0,374,24,14,0,398,14,1,0
02/28/2021,WASHINGTON,0,1,0,0,1,0,375,24,14,0,399,14,1,0
03/01/2021,WASHINGTON,0,2,0,0,2,0,377,24,14,0,401,14,2,0
03/02/2021,WASHINGTON,0,3,0,0,3,0,380,24,14,0,404,14,3,0
03/04/2021,WASHINGTON,0,4,0,0,4,0,384,24,14,0,408,14,4,0
03/05/2021,WASHINGTON,1,1,0,0,2,0,385,25,14,0,410,14,2,0
03/07/2021,WASHINGTON,1,0,0,0,1,0,385,26,14,0,411,14,1,0
03/08/2021,WASHINGTON,0,1,0,0,1,0,386,26,14,0,412,14,1,0
03/09/2021,WASHINGTON,0,3,0,0,3,0,389,26,14,0,415,14,3,0
03/10/2021,WASHINGTON,0,3,0,0,3,0,392,26,14,0,418,14,3,0
03/11/2021,WASHINGTON,0,9,0,0,9,0,401,26,14,0,427,14,9,0
03/15/2021,WASHINGTON,1,5,0,0,6,0,406,27,14,0,433,14,6,0
03/16/2021,WASHINGTON,1,2,0,0,3,0,408,28,14,0,436,14,3,0
03/18/2021,WASHINGTON,0,2,0,0,2,0,410,28,14,0,438,14,2,0
03/19/2021,WASHINGTON,1,1,0,0,2,0,411,29,14,0,440,14,2,0
03/20/2021,WASHINGTON,0,1,0,0,1,0,412,29,14,0,441,14,1,0
03/22/2021,WASHINGTON,0,1,0,0,1,0,413,29,14,0,442,14,1,0
03/23/2021,WASHINGTON,0,1,0,0,1,0,414,29,14,0,443,14,1,0
03/25/2021,WASHINGTON,0,3,0,0,3,0,417,29,14,0,446,14,3,0
03/26/2021,WASHINGTON,0,1,0,0,1,0,418,29,14,0,447,14,1,0
03/28/2021,WASHINGTON,0,1,0,0,1,0,419,29,14,0,448,14,1,0
04/02/2021,WASHINGTON,0,1,0,0,1,0,420,29,14,0,449,14,1,0
04/08/2021,WASHINGTON,0,1,0,0,1,0,421,29,14,0,450,14,1,0
04/12/2021,WASHINGTON,0,1,0,0,1,0,422,29,14,0,451,14,1,0
04/13/2021,WASHINGTON,0,1,0,0,1,0,423,29,14,0,452,14,1,0
04/19/2021,WASHINGTON,0,1,0,0,1,0,424,29,14,0,453,14,1,0
04/23/2021,WASHINGTON,0,1,0,0,1,0,425,29,14,0,454,14,1,0
04/24/2021,WASHINGTON,0,1,0,0,1,0,426,29,14,0,455,14,1,0
04/26/2021,WASHINGTON,0,2,0,0,2,0,428,29,14,0,457,14,2,0
04/27/2021,WASHINGTON,0,1,0,0,1,0,429,29,14,0,458,14,1,0
04/28/2021,WASHINGTON,0,2,0,0,2,0,431,29,14,0,460,14,2,0
04/29/2021,WASHINGTON,0,1,0,0,1,0,432,29,14,0,461,14,1,0
05/03/2021,WASHINGTON,1,0,0,0,1,0,432,30,14,0,462,14,1,0
05/05/2021,WASHINGTON,0,2,0,0,2,0,434,30,14,0,464,14,2,0
05/10/2021,WASHINGTON,0,2,0,0,2,0,436,30,14,0,466,14,2,0
05/11/2021,WASHINGTON,0,1,0,1,1,1,437,30,15,0,467,15,1,1
05/12/2021,WASHINGTON,0,3,0,0,3,0,440,30,15,0,470,15,3,0
05/19/2021,WASHINGTON,0,2,0,0,2,0,442,30,15,0,472,15,2,0
05/22/2021,WASHINGTON,0,1,0,0,1,0,443,30,15,0,473,15,1,0
06/11/2021,WASHINGTON,0,1,0,0,1,0,444,30,15,0,474,15,1,0
06/17/2021,WASHINGTON,0,1,0,0,1,0,445,30,15,0,475,15,1,0
06/27/2021,WASHINGTON,0,1,0,0,1,0,446,30,15,0,476,15,1,0
07/17/2021,WASHINGTON,0,1,0,0,1,0,447,30,15,0,477,15,1,0
07/19/2021,WASHINGTON,0,1,0,0,1,0,448,30,15,0,478,15,1,0
07/21/2021,WASHINGTON,0,1,0,0,1,0,449,30,15,0,479,15,1,0
08/04/2021,WASHINGTON,0,1,0,0,1,0,450,30,15,0,480,15,1,0
08/07/2021,WASHINGTON,0,1,0,0,1,0,451,30,15,0,481,15,1,0
08/11/2021,WASHINGTON,0,1,0,0,1,0,452,30,15,0,482,15,1,0
08/13/2021,WASHINGTON,0,1,0,1,1,1,453,30,16,0,483,16,1,1
08/18/2021,WASHINGTON,0,1,0,0,1,0,454,30,16,0,484,16,1,0
08/21/2021,WASHINGTON,0,1,0,0,1,0,455,30,16,0,485,16,1,0
08/25/2021,WASHINGTON,0,1,0,0,1,0,456,30,16,0,486,16,1,0
08/26/2021,WASHINGTON,0,1,0,0,1,0,457,30,16,0,487,16,1,0
08/30/2021,WASHINGTON,0,3,0,0,3,0,460,30,16,0,490,16,3,0
08/31/2021,WASHINGTON,1,0,0,0,1,0,460,31,16,0,491,16,1,0
09/02/2021,WASHINGTON,1,0,0,0,1,0,460,32,16,0,492,16,1,0
09/05/2021,WASHINGTON,0,1,0,0,1,0,461,32,16,0,493,16,1,0
09/06/2021,WASHINGTON,0,1,0,0,1,0,462,32,16,0,494,16,1,0
09/08/2021,WASHINGTON,3,2,0,0,5,0,464,35,16,0,499,16,5,0
09/09/2021,WASHINGTON,0,3,0,0,3,0,467,35,16,0,502,16,3,0
09/10/2021,WASHINGTON,0,1,0,0,1,0,468,35,16,0,503,16,1,0
09/11/2021,WASHINGTON,0,2,0,0,2,0,470,35,16,0,505,16,2,0
09/12/2021,WASHINGTON,0,2,0,0,2,0,472,35,16,0,507,16,2,0
09/13/2021,WASHINGTON,0,2,0,0,2,0,474,35,16,0,509,16,2,0
09/14/2021,WASHINGTON,0,2,0,1,2,1,476,35,17,0,511,17,2,1
09/15/2021,WASHINGTON,0,2,0,0,2,0,478,35,17,0,513,17,2,0
09/17/2021,WASHINGTON,0,3,0,0,3,0,481,35,17,0,516,17,3,0
09/18/2021,WASHINGTON,0,1,0,0,1,0,482,35,17,0,517,17,1,0
09/19/2021,WASHINGTON,0,1,0,0,1,0,483,35,17,0,518,17,1,0
09/21/2021,WASHINGTON,0,2,0,0,2,0,485,35,17,0,520,17,2,0
09/22/2021,WASHINGTON,0,4,0,0,4,0,489,35,17,0,524,17,4,0
09/23/2021,WASHINGTON,0,1,0,0,1,0,490,35,17,0,525,17,1,0
09/24/2021,WASHINGTON,0,4,0,1,4,1,494,35,18,0,529,18,4,1
09/25/2021,WASHINGTON,0,1,0,0,1,0,495,35,18,0,530,18,1,0
09/27/2021,WASHINGTON,0,1,0,0,1,0,496,35,18,0,531,18,1,0
09/28/2021,WASHINGTON,0,1,0,0,1,0,497,35,18,0,532,18,1,0
09/29/2021,WASHINGTON,0,2,0,0,2,0,499,35,18,0,534,18,2,0
09/30/2021,WASHINGTON,0,3,0,0,3,0,502,35,18,0,537,18,3,0
10/01/2021,WASHINGTON,0,1,0,0,1,0,503,35,18,0,538,18,1,0
10/02/2021,WASHINGTON,0,1,0,0,1,0,504,35,18,0,539,18,1,0
10/03/2021,WASHINGTON,0,16,0,0,16,0,520,35,18,0,555,18,16,0
10/04/2021,WASHINGTON,0,1,0,0,1,0,521,35,18,0,556,18,1,0
10/05/2021,WASHINGTON,0,2,0,0,2,0,523,35,18,0,558,18,2,0
10/06/2021,WASHINGTON,1,7,0,0,8,0,530,36,18,0,566,18,8,0
10/07/2021,WASHINGTON,1,1,0,0,2,0,531,37,18,0,568,18,2,0
10/08/2021,WASHINGTON,0,3,0,1,3,1,534,37,19,0,571,19,3,1
10/10/2021,WASHINGTON,1,13,0,1,14,1,547,38,20,0,585,20,14,1
10/11/2021,WASHINGTON,0,4,0,0,4,0,551,38,20,0,589,20,4,0
10/12/2021,WASHINGTON,0,3,0,0,3,0,554,38,20,0,592,20,3,0
10/13/2021,WASHINGTON,0,6,0,1,6,1,560,38,21,0,598,21,6,1
10/14/2021,WASHINGTON,0,6,0,0,6,0,566,38,21,0,604,21,6,0
10/15/2021,WASHINGTON,0,16,0,0,16,0,582,38,21,0,620,21,16,0
10/16/2021,WASHINGTON,0,2,0,0,2,0,584,38,21,0,622,21,2,0
10/17/2021,WASHINGTON,0,2,0,0,2,0,586,38,21,0,624,21,2,0
10/18/2021,WASHINGTON,0,9,0,0,9,0,595,38,21,0,633,21,9,0
10/19/2021,WASHINGTON,1,7,0,2,8,2,602,39,23,0,641,23,8,2
10/20/2021,WASHINGTON,0,12,0,0,12,0,614,39,23,0,653,23,12,0
10/21/2021,WASHINGTON,0,7,0,0,7,0,621,39,23,0,660,23,7,0
10/22/2021,WASHINGTON,0,4,0,0,4,0,625,39,23,0,664,23,4,0
10/23/2021,WASHINGTON,0,4,0,0,4,0,629,39,23,0,668,23,4,0
10/25/2021,WASHINGTON,2,3,0,0,5,0,632,41,23,0,673,23,5,0
10/26/2021,WASHINGTON,1,5,0,0,6,0,637,42,23,0,679,23,6,0
10/27/2021,WASHINGTON,0,3,0,0,3,0,640,42,23,0,682,23,3,0
10/28/2021,WASHINGTON,0,8,0,1,8,1,648,42,24,0,690,24,8,1
10/29/2021,WASHINGTON,0,3,0,0,3,0,651,42,24,0,693,24,3,0
10/30/2021,WASHINGTON,0,2,0,0,2,0,653,42,24,0,695,24,2,0
11/01/2021,WASHINGTON,1,0,0,0,1,0,653,43,24,0,696,24,1,0
11/02/2021,WASHINGTON,0,2,0,0,2,0,655,43,24,0,698,24,2,0
11/03/2021,WASHINGTON,0,1,0,0,1,0,656,43,24,0,699,24,1,0
11/04/2021,WASHINGTON,0,4,0,1,4,1,660,43,25,0,703,25,4,1
11/05/2021,WASHINGTON,0,8,0,0,8,0,668,43,25,0,711,25,8,0
11/06/2021,WASHINGTON,0,2,0,0,2,0,670,43,25,0,713,25,2,0
11/07/2021,WASHINGTON,0,1,0,1,1,1,671,43,26,0,714,26,1,1
11/08/2021,WASHINGTON,0,3,0,0,3,0,674,43,26,0,717,26,3,0
11/10/2021,WASHINGTON,1,5,0,0,6,0,679,44,26,0,723,26,6,0
11/11/2021,WASHINGTON,0,2,0,0,2,0,681,44,26,0,725,26,2,0
11/12/2021,WASHINGTON,0,1,0,0,1,0,682,44,26,0,726,26,1,0
11/14/2021,WASHINGTON,0,2,0,0,2,0,684,44,26,0,728,26,2,0
11/15/2021,WASHINGTON,1,3,0,0,4,0,687,45,26,0,732,26,4,0
11/16/2021,WASHINGTON,0,1,0,0,1,0,688,45,26,0,733,26,1,0
11/17/2021,WASHINGTON,2,5,0,0,7,0,693,47,26,0,740,26,7,0
11/18/2021,WASHINGTON,0,1,0,0,1,0,694,47,26,0,741,26,1,0
11/19/2021,WASHINGTON,0,1,0,0,1,0,695,47,26,0,742,26,1,0
11/20/2021,WASHINGTON,0,1,0,0,1,0,696,47,26,0,743,26,1,0
11/22/2021,WASHINGTON,1,2,0,0,3,0,698,48,26,0,746,26,3,0
11/23/2021,WASHINGTON,0,1,0,0,1,0,699,48,26,0,747,26,1,0
11/27/2021,WASHINGTON,0,4,0,0,4,0,703,48,26,0,751,26,4,0
11/29/2021,WASHINGTON,0,2,0,1,2,1,705,48,27,0,753,27,2,1
11/30/2021,WASHINGTON,0,1,0,0,1,0,706,48,27,0,754,27,1,0
12/01/2021,WASHINGTON,0,2,0,0,2,0,708,48,27,0,756,27,2,0
12/02/2021,WASHINGTON,0,1,0,0,1,0,709,48,27,0,757,27,1,0
12/06/2021,WASHINGTON,0,2,0,0,2,0,711,48,27,0,759,27,2,0
12/07/2021,WASHINGTON,0,2,0,0,2,0,713,48,27,0,761,27,2,0
12/12/2021,WASHINGTON,0,1,0,0,1,0,714,48,27,0,762,27,1,0
12/14/2021,WASHINGTON,0,2,0,0,2,0,716,48,27,0,764,27,2,0
12/16/2021,WASHINGTON,0,1,0,0,1,0,717,48,27,0,765,27,1,0
12/17/2021,WASHINGTON,0,3,0,0,3,0,720,48,27,0,768,27,3,0
12/20/2021,WASHINGTON,0,1,0,1,1,1,721,48,28,0,769,28,1,1
12/21/2021,WASHINGTON,1,2,0,0,3,0,723,49,28,0,772,28,3,0
12/22/2021,WASHINGTON,0,1,0,0,1,0,724,49,28,0,773,28,1,0
12/27/2021,WASHINGTON,1,2,0,0,3,0,726,50,28,0,776,28,3,0
12/28/2021,WASHINGTON,0,2,0,0,2,0,728,50,28,0,778,28,2,0
12/30/2021,WASHINGTON,0,1,0,0,1,0,729,50,28,0,779,28,1,0
12/31/2021,WASHINGTON,0,7,0,0,7,0,736,50,28,0,786,28,7,0
01/02/2022,WASHINGTON,0,1,0,0,1,0,737,50,28,0,787,28,1,0
01/03/2022,WASHINGTON,0,3,0,0,3,0,740,50,28,0,790,28,3,0
01/04/2022,WASHINGTON,0,1,0,0,1,0,741,50,28,0,791,28,1,0
01/05/2022,WASHINGTON,2,2,0,0,4,0,743,52,28,0,795,28,4,0
01/06/2022,WASHINGTON,1,5,0,0,6,0,748,53,28,0,801,28,6,0
01/07/2022,WASHINGTON,2,3,0,0,5,0,751,55,28,0,806,28,5,0
01/08/2022,WASHINGTON,0,3,0,0,3,0,754,55,28,0,809,28,3,0
01/09/2022,WASHINGTON,0,2,0,0,2,0,756,55,28,0,811,28,2,0
01/10/2022,WASHINGTON,0,2,0,0,2,0,758,55,28,0,813,28,2,0
01/11/2022,WASHINGTON,0,1,0,0,1,0,759,55,28,0,814,28,1,0
01/12/2022,WASHINGTON,1,5,0,0,6,0,764,56,28,0,820,28,6,0
01/13/2022,WASHINGTON,1,5,0,0,6,0,769,57,28,0,826,28,6,0
01/14/2022,WASHINGTON,3,1,0,0,4,0,770,60,28,0,830,28,4,0
01/15/2022,WASHINGTON,0,1,0,0,1,0,771,60,28,0,831,28,1,0
01/16/2022,WASHINGTON,0,2,0,0,2,0,773,60,28,0,833,28,2,0
01/17/2022,WASHINGTON,1,5,0,0,6,0,778,61,28,0,839,28,6,0
01/18/2022,WASHINGTON,0,13,0,0,13,0,791,61,28,0,852,28,13,0
01/19/2022,WASHINGTON,1,5,0,0,6,0,796,62,28,0,858,28,6,0
01/20/2022,WASHINGTON,1,2,0,0,3,0,798,63,28,0,861,28,3,0
01/21/2022,WASHINGTON,4,6,0,0,10,0,804,67,28,0,871,28,10,0
01/22/2022,WASHINGTON,0,7,0,0,7,0,811,67,28,0,878,28,7,0
01/23/2022,WASHINGTON,0,6,0,0,6,0,817,67,28,0,884,28,6,0
01/24/2022,WASHINGTON,0,5,0,0,5,0,822,67,28,0,889,28,5,0
01/25/2022,WASHINGTON,0,8,0,0,8,0,830,67,28,0,897,28,8,0
01/26/2022,WASHINGTON,0,26,0,0,26,0,856,67,28,0,923,28,26,0
01/27/2022,WASHINGTON,0,4,0,0,4,0,860,67,28,0,927,28,4,0
01/28/2022,WASHINGTON,0,7,0,0,7,0,867,67,28,0,934,28,7,0
01/29/2022,WASHINGTON,0,18,0,0,18,0,885,67,28,0,952,28,18,0
01/30/2022,WASHINGTON,0,5,0,0,5,0,890,67,28,0,957,28,5,0
01/31/2022,WASHINGTON,0,18,0,0,18,0,908,67,28,0,975,28,18,0
02/01/2022,WASHINGTON,0,7,0,0,7,0,915,67,28,0,982,28,7,0
02/02/2022,WASHINGTON,1,3,0,0,4,0,918,68,28,0,986,28,4,0
02/03/2022,WASHINGTON,0,2,0,0,2,0,920,68,28,0,988,28,2,0
02/04/2022,WASHINGTON,1,1,0,0,2,0,921,69,28,0,990,28,2,0
02/05/2022,WASHINGTON,0,12,0,0,12,0,933,69,28,0,1002,28,12,0
02/06/2022,WASHINGTON,0,3,0,0,3,0,936,69,28,0,1005,28,3,0
02/07/2022,WASHINGTON,0,9,0,0,9,0,945,69,28,0,1014,28,9,0
02/08/2022,WASHINGTON,0,2,0,0,2,0,947,69,28,0,1016,28,2,0
02/09/2022,WASHINGTON,2,12,0,0,14,0,959,71,28,0,1030,28,14,0
02/10/2022,WASHINGTON,0,3,0,0,3,0,962,71,28,0,1033,28,3,0
02/11/2022,WASHINGTON,0,1,0,0,1,0,963,71,28,0,1034,28,1,0
02/13/2022,WASHINGTON,0,1,0,0,1,0,964,71,28,0,1035,28,1,0
02/16/2022,WASHINGTON,0,5,0,0,5,0,969,71,28,0,1040,28,5,0
02/19/2022,WASHINGTON,0,3,0,1,3,1,972,71,29,0,1043,29,3,1
02/21/2022,WASHINGTON,0,1,0,0,1,0,973,71,29,0,1044,29,1,0
02/23/2022,WASHINGTON,0,1,0,0,1,0,974,71,29,0,1045,29,1,0
03/02/2022,WASHINGTON,0,1,0,0,1,0,975,71,29,0,1046,29,1,0
03/18/2022,WASHINGTON,0,1,0,0,1,0,976,71,29,0,1047,29,1,0
03/13/2020,WELD,0,2,0,0,2,0,2,0,0,0,2,0,-1045,-29
03/14/2020,WELD,0,1,0,0,1,0,3,0,0,0,3,0,1,0
03/15/2020,WELD,0,2,0,1,2,1,5,0,1,0,5,1,2,1
03/17/2020,WELD,0,4,0,0,4,0,9,0,1,0,9,1,4,0
03/19/2020,WELD,0,7,0,0,7,0,16,0,1,0,16,1,7,0
03/20/2020,WELD,0,4,0,0,4,0,20,0,1,0,20,1,4,0
03/21/2020,WELD,0,16,0,2,16,2,36,0,3,0,36,3,16,2
03/22/2020,WELD,0,13,0,2,13,2,49,0,5,0,49,5,13,2
03/23/2020,WELD,0,25,0,2,25,2,74,0,7,0,74,7,25,2
03/24/2020,WELD,1,12,0,1,13,1,86,1,8,0,87,8,13,1
03/25/2020,WELD,0,24,0,3,24,3,110,1,11,0,111,11,24,3
03/26/2020,WELD,0,24,0,4,24,4,134,1,15,0,135,15,24,4
03/27/2020,WELD,1,28,0,11,29,11,162,2,26,0,164,26,29,11
03/28/2020,WELD,0,21,0,2,21,2,183,2,28,0,185,28,21,2
03/29/2020,WELD,0,37,0,6,37,6,220,2,34,0,222,34,37,6
03/30/2020,WELD,0,33,0,3,33,3,253,2,37,0,255,37,33,3
03/31/2020,WELD,1,39,0,4,40,4,292,3,41,0,295,41,40,4
04/01/2020,WELD,1,41,0,8,42,8,333,4,49,0,337,49,42,8
04/02/2020,WELD,0,60,0,8,60,8,393,4,57,0,397,57,60,8
04/03/2020,WELD,0,50,0,5,50,5,443,4,62,0,447,62,50,5
04/04/2020,WELD,0,41,0,2,41,2,484,4,64,0,488,64,41,2
04/05/2020,WELD,0,38,0,3,38,3,522,4,67,0,526,67,38,3
04/06/2020,WELD,0,29,0,1,29,1,551,4,68,0,555,68,29,1
04/07/2020,WELD,0,36,0,4,36,4,587,4,72,0,591,72,36,4
04/08/2020,WELD,0,43,0,7,43,7,630,4,79,0,634,79,43,7
04/09/2020,WELD,0,61,0,3,61,3,691,4,82,0,695,82,61,3
04/10/2020,WELD,0,40,0,2,40,2,731,4,84,0,735,84,40,2
04/11/2020,WELD,1,54,0,2,55,2,785,5,86,0,790,86,55,2
04/12/2020,WELD,4,71,4,5,75,9,856,9,91,4,865,95,75,9
04/13/2020,WELD,1,39,0,3,40,3,895,10,94,4,905,98,40,3
04/14/2020,WELD,0,50,0,6,50,6,945,10,100,4,955,104,50,6
04/15/2020,WELD,0,28,0,6,28,6,973,10,106,4,983,110,28,6
04/16/2020,WELD,0,20,0,2,20,2,993,10,108,4,1003,112,20,2
04/17/2020,WELD,0,35,0,0,35,0,1028,10,108,4,1038,112,35,0
04/18/2020,WELD,0,42,0,0,42,0,1070,10,108,4,1080,112,42,0
04/19/2020,WELD,0,48,0,5,48,5,1118,10,113,4,1128,117,48,5
04/20/2020,WELD,0,47,0,5,47,5,1165,10,118,4,1175,122,47,5
04/21/2020,WELD,15,52,4,4,67,8,1217,25,122,8,1242,130,67,8
04/22/2020,WELD,0,39,0,5,39,5,1256,25,127,8,1281,135,39,5
04/23/2020,WELD,21,66,6,2,87,8,1322,46,129,14,1368,143,87,8
04/24/2020,WELD,54,37,1,2,91,3,1359,100,131,15,1459,146,91,3
04/25/2020,WELD,0,41,0,0,41,0,1400,100,131,15,1500,146,41,0
04/26/2020,WELD,0,69,0,4,69,4,1469,100,135,15,1569,150,69,4
04/27/2020,WELD,15,53,1,3,68,4,1522,115,138,16,1637,154,68,4
04/28/2020,WELD,18,63,9,4,81,13,1585,133,142,25,1718,167,81,13
04/29/2020,WELD,1,167,0,4,168,4,1752,134,146,25,1886,171,168,4
04/30/2020,WELD,1,29,0,2,30,2,1781,135,148,25,1916,173,30,2
05/01/2020,WELD,1,35,1,4,36,5,1816,136,152,26,1952,178,36,5
05/02/2020,WELD,0,42,0,2,42,2,1858,136,154,26,1994,180,42,2
05/03/2020,WELD,0,12,0,1,12,1,1870,136,155,26,2006,181,12,1
05/04/2020,WELD,10,26,5,2,36,7,1896,146,157,31,2042,188,36,7
05/05/2020,WELD,1,19,0,2,20,2,1915,147,159,31,2062,190,20,2
05/06/2020,WELD,0,22,0,1,22,1,1937,147,160,31,2084,191,22,1
05/07/2020,WELD,4,26,0,1,30,1,1963,151,161,31,2114,192,30,1
05/08/2020,WELD,1,22,0,0,23,0,1985,152,161,31,2137,192,23,0
05/09/2020,WELD,0,19,0,2,19,2,2004,152,163,31,2156,194,19,2
05/10/2020,WELD,0,18,0,0,18,0,2022,152,163,31,2174,194,18,0
05/11/2020,WELD,13,15,0,1,28,1,2037,165,164,31,2202,195,28,1
05/12/2020,WELD,1,14,0,0,15,0,2051,166,164,31,2217,195,15,0
05/13/2020,WELD,0,18,0,0,18,0,2069,166,164,31,2235,195,18,0
05/14/2020,WELD,2,25,2,1,27,3,2094,168,165,33,2262,198,27,3
05/15/2020,WELD,1,26,1,2,27,3,2120,169,167,34,2289,201,27,3
05/16/2020,WELD,0,10,0,0,10,0,2130,169,167,34,2299,201,10,0
05/17/2020,WELD,0,8,0,0,8,0,2138,169,167,34,2307,201,8,0
05/18/2020,WELD,0,24,0,1,24,1,2162,169,168,34,2331,202,24,1
05/19/2020,WELD,0,16,0,0,16,0,2178,169,168,34,2347,202,16,0
05/20/2020,WELD,1,14,0,0,15,0,2192,170,168,34,2362,202,15,0
05/21/2020,WELD,5,8,0,0,13,0,2200,175,168,34,2375,202,13,0
05/22/2020,WELD,5,20,1,0,25,1,2220,180,168,35,2400,203,25,1
05/23/2020,WELD,0,15,0,2,15,2,2235,180,170,35,2415,205,15,2
05/24/2020,WELD,0,6,0,0,6,0,2241,180,170,35,2421,205,6,0
05/25/2020,WELD,2,8,0,0,10,0,2249,182,170,35,2431,205,10,0
05/26/2020,WELD,1,9,0,0,10,0,2258,183,170,35,2441,205,10,0
05/27/2020,WELD,4,11,0,0,15,0,2269,187,170,35,2456,205,15,0
05/28/2020,WELD,1,11,0,0,12,0,2280,188,170,35,2468,205,12,0
05/29/2020,WELD,0,11,0,0,11,0,2291,188,170,35,2479,205,11,0
05/30/2020,WELD,0,8,0,0,8,0,2299,188,170,35,2487,205,8,0
05/31/2020,WELD,0,12,0,0,12,0,2311,188,170,35,2499,205,12,0
06/01/2020,WELD,4,9,0,1,13,1,2320,192,171,35,2512,206,13,1
06/02/2020,WELD,1,14,0,0,15,0,2334,193,171,35,2527,206,15,0
06/03/2020,WELD,0,8,0,0,8,0,2342,193,171,35,2535,206,8,0
06/04/2020,WELD,1,14,1,0,15,1,2356,194,171,36,2550,207,15,1
06/05/2020,WELD,5,21,0,0,26,0,2377,199,171,36,2576,207,26,0
06/06/2020,WELD,0,20,0,0,20,0,2397,199,171,36,2596,207,20,0
06/07/2020,WELD,0,14,0,0,14,0,2411,199,171,36,2610,207,14,0
06/08/2020,WELD,1,6,0,0,7,0,2417,200,171,36,2617,207,7,0
06/09/2020,WELD,3,11,0,1,14,1,2428,203,172,36,2631,208,14,1
06/10/2020,WELD,1,9,0,0,10,0,2437,204,172,36,2641,208,10,0
06/11/2020,WELD,1,20,0,0,21,0,2457,205,172,36,2662,208,21,0
06/12/2020,WELD,0,8,0,0,8,0,2465,205,172,36,2670,208,8,0
06/13/2020,WELD,0,4,0,0,4,0,2469,205,172,36,2674,208,4,0
06/14/2020,WELD,0,5,0,1,5,1,2474,205,173,36,2679,209,5,1
06/15/2020,WELD,1,4,0,0,5,0,2478,206,173,36,2684,209,5,0
06/16/2020,WELD,6,15,0,0,21,0,2493,212,173,36,2705,209,21,0
06/17/2020,WELD,0,6,0,0,6,0,2499,212,173,36,2711,209,6,0
06/18/2020,WELD,0,9,0,0,9,0,2508,212,173,36,2720,209,9,0
06/19/2020,WELD,1,10,0,0,11,0,2518,213,173,36,2731,209,11,0
06/20/2020,WELD,0,6,0,0,6,0,2524,213,173,36,2737,209,6,0
06/21/2020,WELD,0,2,0,0,2,0,2526,213,173,36,2739,209,2,0
06/22/2020,WELD,2,7,0,0,9,0,2533,215,173,36,2748,209,9,0
06/23/2020,WELD,8,6,0,0,14,0,2539,223,173,36,2762,209,14,0
06/24/2020,WELD,2,7,0,0,9,0,2546,225,173,36,2771,209,9,0
06/25/2020,WELD,1,14,0,1,15,1,2560,226,174,36,2786,210,15,1
06/26/2020,WELD,0,13,0,0,13,0,2573,226,174,36,2799,210,13,0
06/27/2020,WELD,1,8,0,0,9,0,2581,227,174,36,2808,210,9,0
06/28/2020,WELD,0,8,0,2,8,2,2589,227,176,36,2816,212,8,2
06/29/2020,WELD,0,8,0,0,8,0,2597,227,176,36,2824,212,8,0
06/30/2020,WELD,2,19,0,0,21,0,2616,229,176,36,2845,212,21,0
07/01/2020,WELD,1,19,0,0,20,0,2635,230,176,36,2865,212,20,0
07/02/2020,WELD,1,18,0,0,19,0,2653,231,176,36,2884,212,19,0
07/03/2020,WELD,0,11,0,0,11,0,2664,231,176,36,2895,212,11,0
07/04/2020,WELD,0,9,0,0,9,0,2673,231,176,36,2904,212,9,0
07/05/2020,WELD,0,4,0,0,4,0,2677,231,176,36,2908,212,4,0
07/06/2020,WELD,0,13,0,0,13,0,2690,231,176,36,2921,212,13,0
07/07/2020,WELD,0,18,0,0,18,0,2708,231,176,36,2939,212,18,0
07/08/2020,WELD,0,31,0,0,31,0,2739,231,176,36,2970,212,31,0
07/09/2020,WELD,0,32,0,1,32,1,2771,231,177,36,3002,213,32,1
07/10/2020,WELD,2,16,0,0,18,0,2787,233,177,36,3020,213,18,0
07/11/2020,WELD,1,13,0,0,14,0,2800,234,177,36,3034,213,14,0
07/12/2020,WELD,0,28,0,0,28,0,2828,234,177,36,3062,213,28,0
07/13/2020,WELD,1,25,0,0,26,0,2853,235,177,36,3088,213,26,0
07/14/2020,WELD,2,34,0,0,36,0,2887,237,177,36,3124,213,36,0
07/15/2020,WELD,1,41,1,1,42,2,2928,238,178,37,3166,215,42,2
07/16/2020,WELD,2,44,0,0,46,0,2972,240,178,37,3212,215,46,0
07/17/2020,WELD,1,12,0,0,13,0,2984,241,178,37,3225,215,13,0
07/18/2020,WELD,0,22,0,2,22,2,3006,241,180,37,3247,217,22,2
07/19/2020,WELD,0,33,0,1,33,1,3039,241,181,37,3280,218,33,1
07/20/2020,WELD,3,13,0,0,16,0,3052,244,181,37,3296,218,16,0
07/21/2020,WELD,5,30,0,0,35,0,3082,249,181,37,3331,218,35,0
07/22/2020,WELD,2,24,0,0,26,0,3106,251,181,37,3357,218,26,0
07/23/2020,WELD,4,34,0,0,38,0,3140,255,181,37,3395,218,38,0
07/24/2020,WELD,4,35,0,0,39,0,3175,259,181,37,3434,218,39,0
07/25/2020,WELD,0,23,0,0,23,0,3198,259,181,37,3457,218,23,0
07/26/2020,WELD,0,9,0,0,9,0,3207,259,181,37,3466,218,9,0
07/27/2020,WELD,0,27,0,0,27,0,3234,259,181,37,3493,218,27,0
07/28/2020,WELD,0,9,0,0,9,0,3243,259,181,37,3502,218,9,0
07/29/2020,WELD,6,21,0,2,27,2,3264,265,183,37,3529,220,27,2
07/30/2020,WELD,1,23,0,0,24,0,3287,266,183,37,3553,220,24,0
07/31/2020,WELD,0,27,0,0,27,0,3314,266,183,37,3580,220,27,0
08/01/2020,WELD,0,19,0,0,19,0,3333,266,183,37,3599,220,19,0
08/02/2020,WELD,0,11,0,0,11,0,3344,266,183,37,3610,220,11,0
08/03/2020,WELD,1,20,0,0,21,0,3364,267,183,37,3631,220,21,0
08/04/2020,WELD,0,25,0,0,25,0,3389,267,183,37,3656,220,25,0
08/05/2020,WELD,3,11,0,0,14,0,3400,270,183,37,3670,220,14,0
08/06/2020,WELD,1,28,0,0,29,0,3428,271,183,37,3699,220,29,0
08/07/2020,WELD,4,36,0,0,40,0,3464,275,183,37,3739,220,40,0
08/08/2020,WELD,0,13,0,0,13,0,3477,275,183,37,3752,220,13,0
08/09/2020,WELD,0,13,0,0,13,0,3490,275,183,37,3765,220,13,0
08/10/2020,WELD,4,14,0,1,18,1,3504,279,184,37,3783,221,18,1
08/11/2020,WELD,0,5,0,0,5,0,3509,279,184,37,3788,221,5,0
08/12/2020,WELD,2,16,0,0,18,0,3525,281,184,37,3806,221,18,0
08/13/2020,WELD,3,20,0,0,23,0,3545,284,184,37,3829,221,23,0
08/14/2020,WELD,0,6,0,0,6,0,3551,284,184,37,3835,221,6,0
08/15/2020,WELD,0,26,0,0,26,0,3577,284,184,37,3861,221,26,0
08/16/2020,WELD,1,10,0,0,11,0,3587,285,184,37,3872,221,11,0
08/17/2020,WELD,3,18,0,0,21,0,3605,288,184,37,3893,221,21,0
08/18/2020,WELD,0,12,0,0,12,0,3617,288,184,37,3905,221,12,0
08/19/2020,WELD,1,21,0,0,22,0,3638,289,184,37,3927,221,22,0
08/20/2020,WELD,0,8,0,0,8,0,3646,289,184,37,3935,221,8,0
08/21/2020,WELD,2,28,1,0,30,1,3674,291,184,38,3965,222,30,1
08/22/2020,WELD,0,19,0,0,19,0,3693,291,184,38,3984,222,19,0
08/23/2020,WELD,0,12,0,0,12,0,3705,291,184,38,3996,222,12,0
08/24/2020,WELD,4,7,0,0,11,0,3712,295,184,38,4007,222,11,0
08/25/2020,WELD,2,8,0,0,10,0,3720,297,184,38,4017,222,10,0
08/26/2020,WELD,0,18,0,0,18,0,3738,297,184,38,4035,222,18,0
08/27/2020,WELD,1,26,0,0,27,0,3764,298,184,38,4062,222,27,0
08/28/2020,WELD,1,12,0,0,13,0,3776,299,184,38,4075,222,13,0
08/29/2020,WELD,1,13,0,0,14,0,3789,300,184,38,4089,222,14,0
08/30/2020,WELD,1,9,0,0,10,0,3798,301,184,38,4099,222,10,0
08/31/2020,WELD,1,23,0,0,24,0,3821,302,184,38,4123,222,24,0
09/01/2020,WELD,3,13,0,1,16,1,3834,305,185,38,4139,223,16,1
09/02/2020,WELD,2,12,0,1,14,1,3846,307,186,38,4153,224,14,1
09/03/2020,WELD,6,25,0,0,31,0,3871,313,186,38,4184,224,31,0
09/04/2020,WELD,4,21,0,0,25,0,3892,317,186,38,4209,224,25,0
09/05/2020,WELD,0,18,0,0,18,0,3910,317,186,38,4227,224,18,0
09/06/2020,WELD,1,22,0,0,23,0,3932,318,186,38,4250,224,23,0
09/07/2020,WELD,1,21,0,0,22,0,3953,319,186,38,4272,224,22,0
09/08/2020,WELD,1,15,0,1,16,1,3968,320,187,38,4288,225,16,1
09/09/2020,WELD,7,10,0,0,17,0,3978,327,187,38,4305,225,17,0
09/10/2020,WELD,2,6,0,0,8,0,3984,329,187,38,4313,225,8,0
09/11/2020,WELD,2,15,0,0,17,0,3999,331,187,38,4330,225,17,0
09/12/2020,WELD,3,17,0,0,20,0,4016,334,187,38,4350,225,20,0
09/13/2020,WELD,3,24,0,0,27,0,4040,337,187,38,4377,225,27,0
09/14/2020,WELD,11,21,0,0,32,0,4061,348,187,38,4409,225,32,0
09/15/2020,WELD,6,22,0,0,28,0,4083,354,187,38,4437,225,28,0
09/16/2020,WELD,5,25,0,0,30,0,4108,359,187,38,4467,225,30,0
09/17/2020,WELD,2,26,0,0,28,0,4134,361,187,38,4495,225,28,0
09/18/2020,WELD,3,41,0,1,44,1,4175,364,188,38,4539,226,44,1
09/19/2020,WELD,4,17,0,0,21,0,4192,368,188,38,4560,226,21,0
09/20/2020,WELD,0,32,0,0,32,0,4224,368,188,38,4592,226,32,0
09/21/2020,WELD,7,29,0,1,36,1,4253,375,189,38,4628,227,36,1
09/22/2020,WELD,0,19,0,1,19,1,4272,375,190,38,4647,228,19,1
09/23/2020,WELD,5,21,0,1,26,1,4293,380,191,38,4673,229,26,1
09/24/2020,WELD,7,31,0,0,38,0,4324,387,191,38,4711,229,38,0
09/25/2020,WELD,3,28,0,0,31,0,4352,390,191,38,4742,229,31,0
09/26/2020,WELD,6,29,0,0,35,0,4381,396,191,38,4777,229,35,0
09/27/2020,WELD,1,27,0,0,28,0,4408,397,191,38,4805,229,28,0
09/28/2020,WELD,3,18,0,0,21,0,4426,400,191,38,4826,229,21,0
09/29/2020,WELD,1,23,0,0,24,0,4449,401,191,38,4850,229,24,0
09/30/2020,WELD,2,46,0,2,48,2,4495,403,193,38,4898,231,48,2
10/01/2020,WELD,2,31,0,0,33,0,4526,405,193,38,4931,231,33,0
10/02/2020,WELD,6,39,0,1,45,1,4565,411,194,38,4976,232,45,1
10/03/2020,WELD,0,39,0,0,39,0,4604,411,194,38,5015,232,39,0
10/04/2020,WELD,0,15,0,0,15,0,4619,411,194,38,5030,232,15,0
10/05/2020,WELD,4,18,0,0,22,0,4637,415,194,38,5052,232,22,0
10/06/2020,WELD,6,40,0,0,46,0,4677,421,194,38,5098,232,46,0
10/07/2020,WELD,3,25,0,2,28,2,4702,424,196,38,5126,234,28,2
10/08/2020,WELD,5,31,0,0,36,0,4733,429,196,38,5162,234,36,0
10/09/2020,WELD,4,35,0,0,39,0,4768,433,196,38,5201,234,39,0
10/10/2020,WELD,0,35,0,0,35,0,4803,433,196,38,5236,234,35,0
10/11/2020,WELD,0,18,0,0,18,0,4821,433,196,38,5254,234,18,0
10/12/2020,WELD,3,30,0,0,33,0,4851,436,196,38,5287,234,33,0
10/13/2020,WELD,3,25,0,0,28,0,4876,439,196,38,5315,234,28,0
10/14/2020,WELD,8,39,0,0,47,0,4915,447,196,38,5362,234,47,0
10/15/2020,WELD,3,44,0,0,47,0,4959,450,196,38,5409,234,47,0
10/16/2020,WELD,3,46,0,0,49,0,5005,453,196,38,5458,234,49,0
10/17/2020,WELD,0,26,0,0,26,0,5031,453,196,38,5484,234,26,0
10/18/2020,WELD,2,47,0,0,49,0,5078,455,196,38,5533,234,49,0
10/19/2020,WELD,0,58,0,0,58,0,5136,455,196,38,5591,234,58,0
10/20/2020,WELD,3,44,0,0,47,0,5180,458,196,38,5638,234,47,0
10/21/2020,WELD,4,67,0,0,71,0,5247,462,196,38,5709,234,71,0
10/22/2020,WELD,0,76,0,1,76,1,5323,462,197,38,5785,235,76,1
10/23/2020,WELD,6,98,0,1,104,1,5421,468,198,38,5889,236,104,1
10/24/2020,WELD,0,85,0,0,85,0,5506,468,198,38,5974,236,85,0
10/25/2020,WELD,2,114,0,0,116,0,5620,470,198,38,6090,236,116,0
10/26/2020,WELD,1,65,0,0,66,0,5685,471,198,38,6156,236,66,0
10/27/2020,WELD,3,54,0,0,57,0,5739,474,198,38,6213,236,57,0
10/28/2020,WELD,14,118,0,0,132,0,5857,488,198,38,6345,236,132,0
10/29/2020,WELD,5,160,0,0,165,0,6017,493,198,38,6510,236,165,0
10/30/2020,WELD,6,167,0,2,173,2,6184,499,200,38,6683,238,173,2
10/31/2020,WELD,2,186,0,1,188,1,6370,501,201,38,6871,239,188,1
11/01/2020,WELD,0,164,0,1,164,1,6534,501,202,38,7035,240,164,1
11/02/2020,WELD,10,140,0,1,150,1,6674,511,203,38,7185,241,150,1
11/03/2020,WELD,4,151,0,4,155,4,6825,515,207,38,7340,245,155,4
11/04/2020,WELD,4,183,0,3,187,3,7008,519,210,38,7527,248,187,3
11/05/2020,WELD,5,229,0,1,234,1,7237,524,211,38,7761,249,234,1
11/06/2020,WELD,23,265,0,2,288,2,7502,547,213,38,8049,251,288,2
11/07/2020,WELD,0,173,0,0,173,0,7675,547,213,38,8222,251,173,0
11/08/2020,WELD,0,175,0,2,175,2,7850,547,215,38,8397,253,175,2
11/09/2020,WELD,36,229,0,3,265,3,8079,583,218,38,8662,256,265,3
11/10/2020,WELD,41,272,0,0,313,0,8351,624,218,38,8975,256,313,0
11/11/2020,WELD,5,286,0,2,291,2,8637,629,220,38,9266,258,291,2
11/12/2020,WELD,27,316,0,3,343,3,8953,656,223,38,9609,261,343,3
11/13/2020,WELD,18,342,0,2,360,2,9295,674,225,38,9969,263,360,2
11/14/2020,WELD,1,382,0,4,383,4,9677,675,229,38,10352,267,383,4
11/15/2020,WELD,1,245,0,1,246,1,9922,676,230,38,10598,268,246,1
11/16/2020,WELD,30,354,1,4,384,5,10276,706,234,39,10982,273,384,5
11/17/2020,WELD,35,258,0,4,293,4,10534,741,238,39,11275,277,293,4
11/18/2020,WELD,16,364,1,4,380,5,10898,757,242,40,11655,282,380,5
11/19/2020,WELD,6,377,1,4,383,5,11275,763,246,41,12038,287,383,5
11/20/2020,WELD,26,411,0,3,437,3,11686,789,249,41,12475,290,437,3
11/21/2020,WELD,1,266,0,3,267,3,11952,790,252,41,12742,293,267,3
11/22/2020,WELD,1,230,0,2,231,2,12182,791,254,41,12973,295,231,2
11/23/2020,WELD,8,303,0,2,311,2,12485,799,256,41,13284,297,311,2
11/24/2020,WELD,24,235,0,3,259,3,12720,823,259,41,13543,300,259,3
11/25/2020,WELD,2,306,0,2,308,2,13026,825,261,41,13851,302,308,2
11/26/2020,WELD,1,272,0,3,273,3,13298,826,264,41,14124,305,273,3
11/27/2020,WELD,12,314,0,10,326,10,13612,838,274,41,14450,315,326,10
11/28/2020,WELD,2,228,0,3,230,3,13840,840,277,41,14680,318,230,3
11/29/2020,WELD,2,224,0,4,226,4,14064,842,281,41,14906,322,226,4
11/30/2020,WELD,34,255,0,3,289,3,14319,876,284,41,15195,325,289,3
12/01/2020,WELD,9,239,0,4,248,4,14558,885,288,41,15443,329,248,4
12/02/2020,WELD,5,333,0,1,338,1,14891,890,289,41,15781,330,338,1
12/03/2020,WELD,10,364,0,6,374,6,15255,900,295,41,16155,336,374,6
12/04/2020,WELD,20,269,0,1,289,1,15524,920,296,41,16444,337,289,1
12/05/2020,WELD,4,199,0,2,203,2,15723,924,298,41,16647,339,203,2
12/06/2020,WELD,0,205,0,0,205,0,15928,924,298,41,16852,339,205,0
12/07/2020,WELD,2,317,0,2,319,2,16245,926,300,41,17171,341,319,2
12/08/2020,WELD,24,215,0,2,239,2,16460,950,302,41,17410,343,239,2
12/09/2020,WELD,14,194,1,1,208,2,16654,964,303,42,17618,345,208,2
12/10/2020,WELD,10,220,0,4,230,4,16874,974,307,42,17848,349,230,4
12/11/2020,WELD,11,180,0,1,191,1,17054,985,308,42,18039,350,191,1
12/12/2020,WELD,1,228,0,2,229,2,17282,986,310,42,18268,352,229,2
12/13/2020,WELD,7,188,0,1,195,1,17470,993,311,42,18463,353,195,1
12/14/2020,WELD,2,128,0,4,130,4,17598,995,315,42,18593,357,130,4
12/15/2020,WELD,6,157,1,0,163,1,17755,1001,315,43,18756,358,163,1
12/16/2020,WELD,13,217,0,4,230,4,17972,1014,319,43,18986,362,230,4
12/17/2020,WELD,4,127,1,2,131,3,18099,1018,321,44,19117,365,131,3
12/18/2020,WELD,8,150,0,0,158,0,18249,1026,321,44,19275,365,158,0
12/19/2020,WELD,1,125,0,2,126,2,18374,1027,323,44,19401,367,126,2
12/20/2020,WELD,0,100,0,0,100,0,18474,1027,323,44,19501,367,100,0
12/21/2020,WELD,12,136,0,1,148,1,18610,1039,324,44,19649,368,148,1
12/22/2020,WELD,3,188,0,0,191,0,18798,1042,324,44,19840,368,191,0
12/23/2020,WELD,1,152,0,1,153,1,18950,1043,325,44,19993,369,153,1
12/24/2020,WELD,3,165,0,0,168,0,19115,1046,325,44,20161,369,168,0
12/25/2020,WELD,0,67,0,0,67,0,19182,1046,325,44,20228,369,67,0
12/26/2020,WELD,3,140,0,1,143,1,19322,1049,326,44,20371,370,143,1
12/27/2020,WELD,6,143,0,0,149,0,19465,1055,326,44,20520,370,149,0
12/28/2020,WELD,8,130,0,0,138,0,19595,1063,326,44,20658,370,138,0
12/29/2020,WELD,11,99,0,0,110,0,19694,1074,326,44,20768,370,110,0
12/30/2020,WELD,2,136,0,0,138,0,19830,1076,326,44,20906,370,138,0
12/31/2020,WELD,11,145,1,1,156,2,19975,1087,327,45,21062,372,156,2
01/01/2021,WELD,1,113,0,1,114,1,20088,1088,328,45,21176,373,114,1
01/02/2021,WELD,2,125,0,1,127,1,20213,1090,329,45,21303,374,127,1
01/03/2021,WELD,5,119,0,2,124,2,20332,1095,331,45,21427,376,124,2
01/04/2021,WELD,3,129,0,1,132,1,20461,1098,332,45,21559,377,132,1
01/05/2021,WELD,58,99,0,1,157,1,20560,1156,333,45,21716,378,157,1
01/06/2021,WELD,14,143,0,3,157,3,20703,1170,336,45,21873,381,157,3
01/07/2021,WELD,5,185,1,2,190,3,20888,1175,338,46,22063,384,190,3
01/08/2021,WELD,6,113,0,0,119,0,21001,1181,338,46,22182,384,119,0
01/09/2021,WELD,9,135,0,0,144,0,21136,1190,338,46,22326,384,144,0
01/10/2021,WELD,2,112,0,1,114,1,21248,1192,339,46,22440,385,114,1
01/11/2021,WELD,16,98,1,1,114,2,21346,1208,340,47,22554,387,114,2
01/12/2021,WELD,13,121,0,0,134,0,21467,1221,340,47,22688,387,134,0
01/13/2021,WELD,9,109,0,1,118,1,21576,1230,341,47,22806,388,118,1
01/14/2021,WELD,15,123,0,2,138,2,21699,1245,343,47,22944,390,138,2
01/15/2021,WELD,8,126,0,0,134,0,21825,1253,343,47,23078,390,134,0
01/16/2021,WELD,1,75,0,2,76,2,21900,1254,345,47,23154,392,76,2
01/17/2021,WELD,2,56,0,1,58,1,21956,1256,346,47,23212,393,58,1
01/18/2021,WELD,4,105,0,0,109,0,22061,1260,346,47,23321,393,109,0
01/19/2021,WELD,14,57,0,0,71,0,22118,1274,346,47,23392,393,71,0
01/20/2021,WELD,12,113,0,1,125,1,22231,1286,347,47,23517,394,125,1
01/21/2021,WELD,8,105,0,0,113,0,22336,1294,347,47,23630,394,113,0
01/22/2021,WELD,4,78,0,2,82,2,22414,1298,349,47,23712,396,82,2
01/23/2021,WELD,1,71,0,1,72,1,22485,1299,350,47,23784,397,72,1
01/24/2021,WELD,0,66,0,0,66,0,22551,1299,350,47,23850,397,66,0
01/25/2021,WELD,7,53,0,0,60,0,22604,1306,350,47,23910,397,60,0
01/26/2021,WELD,9,54,0,1,63,1,22658,1315,351,47,23973,398,63,1
01/27/2021,WELD,3,77,0,0,80,0,22735,1318,351,47,24053,398,80,0
01/28/2021,WELD,10,61,0,0,71,0,22796,1328,351,47,24124,398,71,0
01/29/2021,WELD,9,69,0,0,78,0,22865,1337,351,47,24202,398,78,0
01/30/2021,WELD,2,60,0,0,62,0,22925,1339,351,47,24264,398,62,0
01/31/2021,WELD,1,53,0,0,54,0,22978,1340,351,47,24318,398,54,0
02/01/2021,WELD,8,50,0,0,58,0,23028,1348,351,47,24376,398,58,0
02/02/2021,WELD,8,54,0,1,62,1,23082,1356,352,47,24438,399,62,1
02/03/2021,WELD,13,70,0,0,83,0,23152,1369,352,47,24521,399,83,0
02/04/2021,WELD,5,95,0,0,100,0,23247,1374,352,47,24621,399,100,0
02/05/2021,WELD,5,65,0,0,70,0,23312,1379,352,47,24691,399,70,0
02/06/2021,WELD,15,67,0,0,82,0,23379,1394,352,47,24773,399,82,0
02/07/2021,WELD,2,56,0,0,58,0,23435,1396,352,47,24831,399,58,0
02/08/2021,WELD,1,56,0,0,57,0,23491,1397,352,47,24888,399,57,0
02/09/2021,WELD,7,62,0,0,69,0,23553,1404,352,47,24957,399,69,0
02/10/2021,WELD,3,76,0,1,79,1,23629,1407,353,47,25036,400,79,1
02/11/2021,WELD,2,70,0,0,72,0,23699,1409,353,47,25108,400,72,0
02/12/2021,WELD,3,59,0,0,62,0,23758,1412,353,47,25170,400,62,0
02/13/2021,WELD,1,31,0,0,32,0,23789,1413,353,47,25202,400,32,0
02/14/2021,WELD,3,24,0,0,27,0,23813,1416,353,47,25229,400,27,0
02/15/2021,WELD,9,22,0,0,31,0,23835,1425,353,47,25260,400,31,0
02/16/2021,WELD,14,50,0,0,64,0,23885,1439,353,47,25324,400,64,0
02/17/2021,WELD,13,72,0,0,85,0,23957,1452,353,47,25409,400,85,0
02/18/2021,WELD,6,49,0,0,55,0,24006,1458,353,47,25464,400,55,0
02/19/2021,WELD,10,61,0,0,71,0,24067,1468,353,47,25535,400,71,0
02/20/2021,WELD,2,51,0,0,53,0,24118,1470,353,47,25588,400,53,0
02/21/2021,WELD,0,47,0,0,47,0,24165,1470,353,47,25635,400,47,0
02/22/2021,WELD,11,70,0,1,81,1,24235,1481,354,47,25716,401,81,1
02/23/2021,WELD,14,67,0,0,81,0,24302,1495,354,47,25797,401,81,0
02/24/2021,WELD,6,64,0,0,70,0,24366,1501,354,47,25867,401,70,0
02/25/2021,WELD,7,64,0,0,71,0,24430,1508,354,47,25938,401,71,0
02/26/2021,WELD,9,42,0,0,51,0,24472,1517,354,47,25989,401,51,0
02/27/2021,WELD,7,55,0,0,62,0,24527,1524,354,47,26051,401,62,0
02/28/2021,WELD,6,48,0,1,54,1,24575,1530,355,47,26105,402,54,1
03/01/2021,WELD,6,46,0,0,52,0,24621,1536,355,47,26157,402,52,0
03/02/2021,WELD,10,76,0,0,86,0,24697,1546,355,47,26243,402,86,0
03/03/2021,WELD,4,77,0,0,81,0,24774,1550,355,47,26324,402,81,0
03/04/2021,WELD,9,58,0,0,67,0,24832,1559,355,47,26391,402,67,0
03/05/2021,WELD,5,65,0,1,70,1,24897,1564,356,47,26461,403,70,1
03/06/2021,WELD,1,59,0,0,60,0,24956,1565,356,47,26521,403,60,0
03/07/2021,WELD,4,32,0,0,36,0,24988,1569,356,47,26557,403,36,0
03/08/2021,WELD,15,63,0,0,78,0,25051,1584,356,47,26635,403,78,0
03/09/2021,WELD,4,64,0,1,68,1,25115,1588,357,47,26703,404,68,1
03/10/2021,WELD,11,59,0,1,70,1,25174,1599,358,47,26773,405,70,1
03/11/2021,WELD,3,65,0,1,68,1,25239,1602,359,47,26841,406,68,1
03/12/2021,WELD,8,66,0,0,74,0,25305,1610,359,47,26915,406,74,0
03/13/2021,WELD,2,63,0,1,65,1,25368,1612,360,47,26980,407,65,1
03/14/2021,WELD,2,16,0,0,18,0,25384,1614,360,47,26998,407,18,0
03/15/2021,WELD,2,10,0,0,12,0,25394,1616,360,47,27010,407,12,0
03/16/2021,WELD,5,53,0,0,58,0,25447,1621,360,47,27068,407,58,0
03/17/2021,WELD,7,54,0,0,61,0,25501,1628,360,47,27129,407,61,0
03/18/2021,WELD,4,106,0,2,110,2,25607,1632,362,47,27239,409,110,2
03/19/2021,WELD,5,75,0,1,80,1,25682,1637,363,47,27319,410,80,1
03/20/2021,WELD,0,51,0,0,51,0,25733,1637,363,47,27370,410,51,0
03/21/2021,WELD,0,11,0,0,11,0,25744,1637,363,47,27381,410,11,0
03/22/2021,WELD,5,70,0,0,75,0,25814,1642,363,47,27456,410,75,0
03/23/2021,WELD,3,57,0,0,60,0,25871,1645,363,47,27516,410,60,0
03/24/2021,WELD,6,75,0,0,81,0,25946,1651,363,47,27597,410,81,0
03/25/2021,WELD,10,61,0,0,71,0,26007,1661,363,47,27668,410,71,0
03/26/2021,WELD,7,65,0,1,72,1,26072,1668,364,47,27740,411,72,1
03/27/2021,WELD,2,54,0,0,56,0,26126,1670,364,47,27796,411,56,0
03/28/2021,WELD,4,57,0,0,61,0,26183,1674,364,47,27857,411,61,0
03/29/2021,WELD,7,57,1,0,64,1,26240,1681,364,48,27921,412,64,1
03/30/2021,WELD,2,82,0,0,84,0,26322,1683,364,48,28005,412,84,0
03/31/2021,WELD,5,92,0,0,97,0,26414,1688,364,48,28102,412,97,0
04/01/2021,WELD,17,78,0,1,95,1,26492,1705,365,48,28197,413,95,1
04/02/2021,WELD,8,64,0,0,72,0,26556,1713,365,48,28269,413,72,0
04/03/2021,WELD,3,75,0,0,78,0,26631,1716,365,48,28347,413,78,0
04/04/2021,WELD,4,56,0,0,60,0,26687,1720,365,48,28407,413,60,0
04/05/2021,WELD,20,65,0,0,85,0,26752,1740,365,48,28492,413,85,0
04/06/2021,WELD,12,137,0,1,149,1,26889,1752,366,48,28641,414,149,1
04/07/2021,WELD,6,97,0,0,103,0,26986,1758,366,48,28744,414,103,0
04/08/2021,WELD,5,105,0,1,110,1,27091,1763,367,48,28854,415,110,1
04/09/2021,WELD,10,88,0,1,98,1,27179,1773,368,48,28952,416,98,1
04/10/2021,WELD,0,72,0,1,72,1,27251,1773,369,48,29024,417,72,1
04/11/2021,WELD,3,61,0,0,64,0,27312,1776,369,48,29088,417,64,0
04/12/2021,WELD,9,103,0,0,112,0,27415,1785,369,48,29200,417,112,0
04/13/2021,WELD,12,93,0,0,105,0,27508,1797,369,48,29305,417,105,0
04/14/2021,WELD,8,84,0,1,92,1,27592,1805,370,48,29397,418,92,1
04/15/2021,WELD,5,126,0,0,131,0,27718,1810,370,48,29528,418,131,0
04/16/2021,WELD,7,103,0,1,110,1,27821,1817,371,48,29638,419,110,1
04/17/2021,WELD,4,98,0,0,102,0,27919,1821,371,48,29740,419,102,0
04/18/2021,WELD,5,64,0,0,69,0,27983,1826,371,48,29809,419,69,0
04/19/2021,WELD,5,94,0,1,99,1,28077,1831,372,48,29908,420,99,1
04/20/2021,WELD,8,124,0,0,132,0,28201,1839,372,48,30040,420,132,0
04/21/2021,WELD,11,139,0,1,150,1,28340,1850,373,48,30190,421,150,1
04/22/2021,WELD,6,121,0,0,127,0,28461,1856,373,48,30317,421,127,0
04/23/2021,WELD,9,101,0,0,110,0,28562,1865,373,48,30427,421,110,0
04/24/2021,WELD,1,92,0,0,93,0,28654,1866,373,48,30520,421,93,0
04/25/2021,WELD,0,47,0,1,47,1,28701,1866,374,48,30567,422,47,1
04/26/2021,WELD,27,116,1,0,143,1,28817,1893,374,49,30710,423,143,1
04/27/2021,WELD,14,123,0,0,137,0,28940,1907,374,49,30847,423,137,0
04/28/2021,WELD,11,107,0,0,118,0,29047,1918,374,49,30965,423,118,0
04/29/2021,WELD,14,114,0,0,128,0,29161,1932,374,49,31093,423,128,0
04/30/2021,WELD,10,104,0,2,114,2,29265,1942,376,49,31207,425,114,2
05/01/2021,WELD,4,43,0,0,47,0,29308,1946,376,49,31254,425,47,0
05/02/2021,WELD,4,62,0,0,66,0,29370,1950,376,49,31320,425,66,0
05/03/2021,WELD,9,78,0,0,87,0,29448,1959,376,49,31407,425,87,0
05/04/2021,WELD,7,85,0,0,92,0,29533,1966,376,49,31499,425,92,0
05/05/2021,WELD,11,86,0,1,97,1,29619,1977,377,49,31596,426,97,1
05/06/2021,WELD,12,68,0,0,80,0,29687,1989,377,49,31676,426,80,0
05/07/2021,WELD,8,69,0,2,77,2,29756,1997,379,49,31753,428,77,2
05/08/2021,WELD,4,77,0,1,81,1,29833,2001,380,49,31834,429,81,1
05/09/2021,WELD,2,55,0,0,57,0,29888,2003,380,49,31891,429,57,0
05/10/2021,WELD,5,49,0,0,54,0,29937,2008,380,49,31945,429,54,0
05/11/2021,WELD,2,64,0,1,66,1,30001,2010,381,49,32011,430,66,1
05/12/2021,WELD,2,187,0,0,189,0,30188,2012,381,49,32200,430,189,0
05/13/2021,WELD,2,76,0,0,78,0,30264,2014,381,49,32278,430,78,0
05/14/2021,WELD,5,53,0,0,58,0,30317,2019,381,49,32336,430,58,0
05/15/2021,WELD,1,26,0,0,27,0,30343,2020,381,49,32363,430,27,0
05/16/2021,WELD,1,65,0,0,66,0,30408,2021,381,49,32429,430,66,0
05/17/2021,WELD,4,49,0,0,53,0,30457,2025,381,49,32482,430,53,0
05/18/2021,WELD,2,60,0,0,62,0,30517,2027,381,49,32544,430,62,0
05/19/2021,WELD,8,53,0,0,61,0,30570,2035,381,49,32605,430,61,0
05/20/2021,WELD,5,31,1,1,36,2,30601,2040,382,50,32641,432,36,2
05/21/2021,WELD,5,56,0,0,61,0,30657,2045,382,50,32702,432,61,0
05/22/2021,WELD,1,44,0,0,45,0,30701,2046,382,50,32747,432,45,0
05/23/2021,WELD,1,38,0,1,39,1,30739,2047,383,50,32786,433,39,1
05/24/2021,WELD,7,62,0,0,69,0,30801,2054,383,50,32855,433,69,0
05/25/2021,WELD,4,36,0,0,40,0,30837,2058,383,50,32895,433,40,0
05/26/2021,WELD,3,34,0,0,37,0,30871,2061,383,50,32932,433,37,0
05/27/2021,WELD,3,36,0,0,39,0,30907,2064,383,50,32971,433,39,0
05/28/2021,WELD,3,41,0,0,44,0,30948,2067,383,50,33015,433,44,0
05/29/2021,WELD,0,29,0,0,29,0,30977,2067,383,50,33044,433,29,0
05/30/2021,WELD,0,25,0,0,25,0,31002,2067,383,50,33069,433,25,0
05/31/2021,WELD,1,23,0,1,24,1,31025,2068,384,50,33093,434,24,1
06/01/2021,WELD,7,26,0,0,33,0,31051,2075,384,50,33126,434,33,0
06/02/2021,WELD,6,37,0,0,43,0,31088,2081,384,50,33169,434,43,0
06/03/2021,WELD,2,31,0,1,33,1,31119,2083,385,50,33202,435,33,1
06/04/2021,WELD,5,32,0,0,37,0,31151,2088,385,50,33239,435,37,0
06/05/2021,WELD,1,26,0,0,27,0,31177,2089,385,50,33266,435,27,0
06/06/2021,WELD,0,22,0,0,22,0,31199,2089,385,50,33288,435,22,0
06/07/2021,WELD,6,27,0,0,33,0,31226,2095,385,50,33321,435,33,0
06/08/2021,WELD,3,16,0,0,19,0,31242,2098,385,50,33340,435,19,0
06/09/2021,WELD,2,27,0,0,29,0,31269,2100,385,50,33369,435,29,0
06/10/2021,WELD,4,23,0,1,27,1,31292,2104,386,50,33396,436,27,1
06/11/2021,WELD,12,20,0,0,32,0,31312,2116,386,50,33428,436,32,0
06/12/2021,WELD,3,17,0,0,20,0,31329,2119,386,50,33448,436,20,0
06/13/2021,WELD,1,13,0,0,14,0,31342,2120,386,50,33462,436,14,0
06/14/2021,WELD,3,19,0,0,22,0,31361,2123,386,50,33484,436,22,0
06/15/2021,WELD,1,20,0,0,21,0,31381,2124,386,50,33505,436,21,0
06/16/2021,WELD,3,14,0,0,17,0,31395,2127,386,50,33522,436,17,0
06/17/2021,WELD,2,16,0,1,18,1,31411,2129,387,50,33540,437,18,1
06/18/2021,WELD,2,19,0,0,21,0,31430,2131,387,50,33561,437,21,0
06/19/2021,WELD,3,11,0,0,14,0,31441,2134,387,50,33575,437,14,0
06/20/2021,WELD,0,12,0,0,12,0,31453,2134,387,50,33587,437,12,0
06/21/2021,WELD,0,15,0,0,15,0,31468,2134,387,50,33602,437,15,0
06/22/2021,WELD,4,16,0,0,20,0,31484,2138,387,50,33622,437,20,0
06/23/2021,WELD,1,21,0,0,22,0,31505,2139,387,50,33644,437,22,0
06/24/2021,WELD,4,14,0,0,18,0,31519,2143,387,50,33662,437,18,0
06/25/2021,WELD,6,25,0,0,31,0,31544,2149,387,50,33693,437,31,0
06/26/2021,WELD,0,12,0,0,12,0,31556,2149,387,50,33705,437,12,0
06/27/2021,WELD,0,14,0,0,14,0,31570,2149,387,50,33719,437,14,0
06/28/2021,WELD,5,13,0,1,18,1,31583,2154,388,50,33737,438,18,1
06/29/2021,WELD,1,15,0,1,16,1,31598,2155,389,50,33753,439,16,1
06/30/2021,WELD,1,33,0,0,34,0,31631,2156,389,50,33787,439,34,0
07/01/2021,WELD,2,25,0,0,27,0,31656,2158,389,50,33814,439,27,0
07/02/2021,WELD,2,16,0,0,18,0,31672,2160,389,50,33832,439,18,0
07/03/2021,WELD,2,16,0,0,18,0,31688,2162,389,50,33850,439,18,0
07/04/2021,WELD,0,12,0,0,12,0,31700,2162,389,50,33862,439,12,0
07/05/2021,WELD,1,19,0,0,20,0,31719,2163,389,50,33882,439,20,0
07/06/2021,WELD,1,17,0,0,18,0,31736,2164,389,50,33900,439,18,0
07/07/2021,WELD,3,23,0,0,26,0,31759,2167,389,50,33926,439,26,0
07/08/2021,WELD,2,23,0,0,25,0,31782,2169,389,50,33951,439,25,0
07/09/2021,WELD,4,22,0,0,26,0,31804,2173,389,50,33977,439,26,0
07/10/2021,WELD,3,18,0,0,21,0,31822,2176,389,50,33998,439,21,0
07/11/2021,WELD,2,16,1,0,18,1,31838,2178,389,51,34016,440,18,1
07/12/2021,WELD,2,24,0,0,26,0,31862,2180,389,51,34042,440,26,0
07/13/2021,WELD,7,28,0,0,35,0,31890,2187,389,51,34077,440,35,0
07/14/2021,WELD,2,13,0,0,15,0,31903,2189,389,51,34092,440,15,0
07/15/2021,WELD,8,34,0,0,42,0,31937,2197,389,51,34134,440,42,0
07/16/2021,WELD,7,37,0,0,44,0,31974,2204,389,51,34178,440,44,0
07/17/2021,WELD,4,36,0,0,40,0,32010,2208,389,51,34218,440,40,0
07/18/2021,WELD,2,22,0,0,24,0,32032,2210,389,51,34242,440,24,0
07/19/2021,WELD,5,22,0,0,27,0,32054,2215,389,51,34269,440,27,0
07/20/2021,WELD,4,20,0,1,24,1,32074,2219,390,51,34293,441,24,1
07/21/2021,WELD,0,34,0,1,34,1,32108,2219,391,51,34327,442,34,1
07/22/2021,WELD,2,39,0,0,41,0,32147,2221,391,51,34368,442,41,0
07/23/2021,WELD,4,48,0,1,52,1,32195,2225,392,51,34420,443,52,1
07/24/2021,WELD,1,21,0,0,22,0,32216,2226,392,51,34442,443,22,0
07/25/2021,WELD,0,20,0,0,20,0,32236,2226,392,51,34462,443,20,0
07/26/2021,WELD,4,35,0,0,39,0,32271,2230,392,51,34501,443,39,0
07/27/2021,WELD,15,43,0,1,58,1,32314,2245,393,51,34559,444,58,1
07/28/2021,WELD,1,82,0,0,83,0,32396,2246,393,51,34642,444,83,0
07/29/2021,WELD,5,64,0,0,69,0,32460,2251,393,51,34711,444,69,0
07/30/2021,WELD,2,52,0,0,54,0,32512,2253,393,51,34765,444,54,0
07/31/2021,WELD,4,50,0,0,54,0,32562,2257,393,51,34819,444,54,0
08/01/2021,WELD,0,41,0,0,41,0,32603,2257,393,51,34860,444,41,0
08/02/2021,WELD,6,46,0,0,52,0,32649,2263,393,51,34912,444,52,0
08/03/2021,WELD,5,65,0,1,70,1,32714,2268,394,51,34982,445,70,1
08/04/2021,WELD,3,57,0,0,60,0,32771,2271,394,51,35042,445,60,0
08/05/2021,WELD,4,66,0,0,70,0,32837,2275,394,51,35112,445,70,0
08/06/2021,WELD,6,64,0,2,70,2,32901,2281,396,51,35182,447,70,2
08/07/2021,WELD,3,69,0,0,72,0,32970,2284,396,51,35254,447,72,0
08/08/2021,WELD,1,49,0,0,50,0,33019,2285,396,51,35304,447,50,0
08/09/2021,WELD,7,68,0,1,75,1,33087,2292,397,51,35379,448,75,1
08/10/2021,WELD,9,74,0,0,83,0,33161,2301,397,51,35462,448,83,0
08/11/2021,WELD,7,119,0,2,126,2,33280,2308,399,51,35588,450,126,2
08/12/2021,WELD,3,66,0,1,69,1,33346,2311,400,51,35657,451,69,1
08/13/2021,WELD,3,90,0,0,93,0,33436,2314,400,51,35750,451,93,0
08/14/2021,WELD,7,40,0,0,47,0,33476,2321,400,51,35797,451,47,0
08/15/2021,WELD,2,61,0,0,63,0,33537,2323,400,51,35860,451,63,0
08/16/2021,WELD,8,80,0,0,88,0,33617,2331,400,51,35948,451,88,0
08/17/2021,WELD,9,170,0,3,179,3,33787,2340,403,51,36127,454,179,3
08/18/2021,WELD,9,137,0,2,146,2,33924,2349,405,51,36273,456,146,2
08/19/2021,WELD,11,131,0,1,142,1,34055,2360,406,51,36415,457,142,1
08/20/2021,WELD,16,124,0,1,140,1,34179,2376,407,51,36555,458,140,1
08/21/2021,WELD,3,102,0,0,105,0,34281,2379,407,51,36660,458,105,0
08/22/2021,WELD,5,84,0,0,89,0,34365,2384,407,51,36749,458,89,0
08/23/2021,WELD,24,98,0,4,122,4,34463,2408,411,51,36871,462,122,4
08/24/2021,WELD,16,148,0,2,164,2,34611,2424,413,51,37035,464,164,2
08/25/2021,WELD,8,145,0,1,153,1,34756,2432,414,51,37188,465,153,1
08/26/2021,WELD,11,135,0,3,146,3,34891,2443,417,51,37334,468,146,3
08/27/2021,WELD,23,107,0,0,130,0,34998,2466,417,51,37464,468,130,0
08/28/2021,WELD,2,110,0,1,112,1,35108,2468,418,51,37576,469,112,1
08/29/2021,WELD,9,177,0,1,186,1,35285,2477,419,51,37762,470,186,1
08/30/2021,WELD,16,132,0,1,148,1,35417,2493,420,51,37910,471,148,1
08/31/2021,WELD,14,139,0,1,153,1,35556,2507,421,51,38063,472,153,1
09/01/2021,WELD,15,168,0,2,183,2,35724,2522,423,51,38246,474,183,2
09/02/2021,WELD,13,173,0,1,186,1,35897,2535,424,51,38432,475,186,1
09/03/2021,WELD,10,149,0,1,159,1,36046,2545,425,51,38591,476,159,1
09/04/2021,WELD,3,150,0,2,153,2,36196,2548,427,51,38744,478,153,2
09/05/2021,WELD,8,125,1,2,133,3,36321,2556,429,52,38877,481,133,3
09/06/2021,WELD,8,72,0,0,80,0,36393,2564,429,52,38957,481,80,0
09/07/2021,WELD,12,164,0,1,176,1,36557,2576,430,52,39133,482,176,1
09/08/2021,WELD,22,90,0,2,112,2,36647,2598,432,52,39245,484,112,2
09/09/2021,WELD,15,166,0,2,181,2,36813,2613,434,52,39426,486,181,2
09/10/2021,WELD,17,203,0,1,220,1,37016,2630,435,52,39646,487,220,1
09/11/2021,WELD,2,115,0,0,117,0,37131,2632,435,52,39763,487,117,0
09/12/2021,WELD,5,126,0,1,131,1,37257,2637,436,52,39894,488,131,1
09/13/2021,WELD,32,144,0,2,176,2,37401,2669,438,52,40070,490,176,2
09/14/2021,WELD,16,108,0,1,124,1,37509,2685,439,52,40194,491,124,1
09/15/2021,WELD,29,162,0,1,191,1,37671,2714,440,52,40385,492,191,1
09/16/2021,WELD,17,163,0,1,180,1,37834,2731,441,52,40565,493,180,1
09/17/2021,WELD,5,158,0,3,163,3,37992,2736,444,52,40728,496,163,3
09/18/2021,WELD,8,135,0,1,143,1,38127,2744,445,52,40871,497,143,1
09/19/2021,WELD,1,124,0,0,125,0,38251,2745,445,52,40996,497,125,0
09/20/2021,WELD,16,104,0,1,120,1,38355,2761,446,52,41116,498,120,1
09/21/2021,WELD,21,131,0,0,152,0,38486,2782,446,52,41268,498,152,0
09/22/2021,WELD,12,138,0,3,150,3,38624,2794,449,52,41418,501,150,3
09/23/2021,WELD,11,117,0,0,128,0,38741,2805,449,52,41546,501,128,0
09/24/2021,WELD,14,154,0,1,168,1,38895,2819,450,52,41714,502,168,1
09/25/2021,WELD,3,115,0,2,118,2,39010,2822,452,52,41832,504,118,2
09/26/2021,WELD,4,103,0,1,107,1,39113,2826,453,52,41939,505,107,1
09/27/2021,WELD,8,114,0,2,122,2,39227,2834,455,52,42061,507,122,2
09/28/2021,WELD,19,124,0,1,143,1,39351,2853,456,52,42204,508,143,1
09/29/2021,WELD,16,179,0,2,195,2,39530,2869,458,52,42399,510,195,2
09/30/2021,WELD,20,170,0,3,190,3,39700,2889,461,52,42589,513,190,3
10/01/2021,WELD,16,154,0,5,170,5,39854,2905,466,52,42759,518,170,5
10/02/2021,WELD,2,94,0,0,96,0,39948,2907,466,52,42855,518,96,0
10/03/2021,WELD,2,146,0,1,148,1,40094,2909,467,52,43003,519,148,1
10/04/2021,WELD,13,98,0,0,111,0,40192,2922,467,52,43114,519,111,0
10/05/2021,WELD,16,140,0,1,156,1,40332,2938,468,52,43270,520,156,1
10/06/2021,WELD,29,228,0,4,257,4,40560,2967,472,52,43527,524,257,4
10/07/2021,WELD,19,148,0,4,167,4,40708,2986,476,52,43694,528,167,4
10/08/2021,WELD,14,168,0,2,182,2,40876,3000,478,52,43876,530,182,2
10/09/2021,WELD,14,127,0,1,141,1,41003,3014,479,52,44017,531,141,1
10/10/2021,WELD,10,128,0,1,138,1,41131,3024,480,52,44155,532,138,1
10/11/2021,WELD,19,99,1,2,118,3,41230,3043,482,53,44273,535,118,3
10/12/2021,WELD,33,121,1,1,154,2,41351,3076,483,54,44427,537,154,2
10/13/2021,WELD,15,206,0,2,221,2,41557,3091,485,54,44648,539,221,2
10/14/2021,WELD,24,156,0,2,180,2,41713,3115,487,54,44828,541,180,2
10/15/2021,WELD,12,155,0,1,167,1,41868,3127,488,54,44995,542,167,1
10/16/2021,WELD,3,144,0,0,147,0,42012,3130,488,54,45142,542,147,0
10/17/2021,WELD,6,114,0,0,120,0,42126,3136,488,54,45262,542,120,0
10/18/2021,WELD,25,131,0,2,156,2,42257,3161,490,54,45418,544,156,2
10/19/2021,WELD,32,146,1,2,178,3,42403,3193,492,55,45596,547,178,3
10/20/2021,WELD,15,253,0,6,268,6,42656,3208,498,55,45864,553,268,6
10/21/2021,WELD,12,214,0,3,226,3,42870,3220,501,55,46090,556,226,3
10/22/2021,WELD,21,202,1,1,223,2,43072,3241,502,56,46313,558,223,2
10/23/2021,WELD,5,199,0,0,204,0,43271,3246,502,56,46517,558,204,0
10/24/2021,WELD,9,145,0,2,154,2,43416,3255,504,56,46671,560,154,2
10/25/2021,WELD,27,136,0,2,163,2,43552,3282,506,56,46834,562,163,2
10/26/2021,WELD,11,252,0,4,263,4,43804,3293,510,56,47097,566,263,4
10/27/2021,WELD,25,179,0,1,204,1,43983,3318,511,56,47301,567,204,1
10/28/2021,WELD,18,213,1,2,231,3,44196,3336,513,57,47532,570,231,3
10/29/2021,WELD,16,186,0,4,202,4,44382,3352,517,57,47734,574,202,4
10/30/2021,WELD,5,174,0,3,179,3,44556,3357,520,57,47913,577,179,3
10/31/2021,WELD,4,106,0,3,110,3,44662,3361,523,57,48023,580,110,3
11/01/2021,WELD,28,186,1,4,214,5,44848,3389,527,58,48237,585,214,5
11/02/2021,WELD,29,195,0,3,224,3,45043,3418,530,58,48461,588,224,3
11/03/2021,WELD,27,227,1,4,254,5,45270,3445,534,59,48715,593,254,5
11/04/2021,WELD,20,207,0,4,227,4,45477,3465,538,59,48942,597,227,4
11/05/2021,WELD,13,195,1,2,208,3,45672,3478,540,60,49150,600,208,3
11/06/2021,WELD,10,181,0,3,191,3,45853,3488,543,60,49341,603,191,3
11/07/2021,WELD,1,157,0,1,158,1,46010,3489,544,60,49499,604,158,1
11/08/2021,WELD,11,123,0,2,134,2,46133,3500,546,60,49633,606,134,2
11/09/2021,WELD,22,227,0,1,249,1,46360,3522,547,60,49882,607,249,1
11/10/2021,WELD,23,222,0,1,245,1,46582,3545,548,60,50127,608,245,1
11/11/2021,WELD,19,221,1,3,240,4,46803,3564,551,61,50367,612,240,4
11/12/2021,WELD,11,180,0,0,191,0,46983,3575,551,61,50558,612,191,0
11/13/2021,WELD,3,144,0,1,147,1,47127,3578,552,61,50705,613,147,1
11/14/2021,WELD,2,104,0,1,106,1,47231,3580,553,61,50811,614,106,1
11/15/2021,WELD,25,197,2,4,222,6,47428,3605,557,63,51033,620,222,6
11/16/2021,WELD,23,240,1,5,263,6,47668,3628,562,64,51296,626,263,6
11/17/2021,WELD,19,239,0,1,258,1,47907,3647,563,64,51554,627,258,1
11/18/2021,WELD,17,127,0,0,144,0,48034,3664,563,64,51698,627,144,0
11/19/2021,WELD,22,178,0,1,200,1,48212,3686,564,64,51898,628,200,1
11/20/2021,WELD,1,122,0,1,123,1,48334,3687,565,64,52021,629,123,1
11/21/2021,WELD,0,105,0,4,105,4,48439,3687,569,64,52126,633,105,4
11/22/2021,WELD,11,152,1,2,163,3,48591,3698,571,65,52289,636,163,3
11/23/2021,WELD,21,156,0,2,177,2,48747,3719,573,65,52466,638,177,2
11/24/2021,WELD,18,184,0,5,202,5,48931,3737,578,65,52668,643,202,5
11/25/2021,WELD,0,76,0,0,76,0,49007,3737,578,65,52744,643,76,0
11/26/2021,WELD,5,79,0,0,84,0,49086,3742,578,65,52828,643,84,0
11/27/2021,WELD,3,155,0,0,158,0,49241,3745,578,65,52986,643,158,0
11/28/2021,WELD,0,97,0,3,97,3,49338,3745,581,65,53083,646,97,3
11/29/2021,WELD,9,160,0,3,169,3,49498,3754,584,65,53252,649,169,3
11/30/2021,WELD,20,219,0,2,239,2,49717,3774,586,65,53491,651,239,2
12/01/2021,WELD,22,182,0,2,204,2,49899,3796,588,65,53695,653,204,2
12/02/2021,WELD,13,146,1,1,159,2,50045,3809,589,66,53854,655,159,2
12/03/2021,WELD,6,143,1,1,149,2,50188,3815,590,67,54003,657,149,2
12/04/2021,WELD,2,85,0,0,87,0,50273,3817,590,67,54090,657,87,0
12/05/2021,WELD,5,76,0,0,81,0,50349,3822,590,67,54171,657,81,0
12/06/2021,WELD,15,258,1,3,273,4,50607,3837,593,68,54444,661,273,4
12/07/2021,WELD,16,136,0,3,152,3,50743,3853,596,68,54596,664,152,3
12/08/2021,WELD,11,113,0,0,124,0,50856,3864,596,68,54720,664,124,0
12/09/2021,WELD,18,114,0,0,132,0,50970,3882,596,68,54852,664,132,0
12/10/2021,WELD,13,122,0,3,135,3,51092,3895,599,68,54987,667,135,3
12/11/2021,WELD,1,96,0,0,97,0,51188,3896,599,68,55084,667,97,0
12/12/2021,WELD,0,89,0,1,89,1,51277,3896,600,68,55173,668,89,1
12/13/2021,WELD,9,100,0,0,109,0,51377,3905,600,68,55282,668,109,0
12/14/2021,WELD,13,90,0,1,103,1,51467,3918,601,68,55385,669,103,1
12/15/2021,WELD,8,141,0,2,149,2,51608,3926,603,68,55534,671,149,2
12/16/2021,WELD,7,104,0,2,111,2,51712,3933,605,68,55645,673,111,2
12/17/2021,WELD,4,125,0,0,129,0,51837,3937,605,68,55774,673,129,0
12/18/2021,WELD,1,58,0,0,59,0,51895,3938,605,68,55833,673,59,0
12/19/2021,WELD,3,69,1,2,72,3,51964,3941,607,69,55905,676,72,3
12/20/2021,WELD,7,93,0,1,100,1,52057,3948,608,69,56005,677,100,1
12/21/2021,WELD,11,151,0,2,162,2,52208,3959,610,69,56167,679,162,2
12/22/2021,WELD,11,130,0,1,141,1,52338,3970,611,69,56308,680,141,1
12/23/2021,WELD,16,180,0,0,196,0,52518,3986,611,69,56504,680,196,0
12/24/2021,WELD,6,201,0,0,207,0,52719,3992,611,69,56711,680,207,0
12/25/2021,WELD,2,144,0,0,146,0,52863,3994,611,69,56857,680,146,0
12/26/2021,WELD,8,108,0,0,116,0,52971,4002,611,69,56973,680,116,0
12/27/2021,WELD,30,169,0,1,199,1,53140,4032,612,69,57172,681,199,1
12/28/2021,WELD,29,288,1,0,317,1,53428,4061,612,70,57489,682,317,1
12/29/2021,WELD,34,365,2,0,399,2,53793,4095,612,72,57888,684,399,2
12/30/2021,WELD,40,427,0,1,467,1,54220,4135,613,72,58355,685,467,1
12/31/2021,WELD,11,578,0,1,589,1,54798,4146,614,72,58944,686,589,1
01/01/2022,WELD,3,269,0,1,272,1,55067,4149,615,72,59216,687,272,1
01/02/2022,WELD,14,276,0,0,290,0,55343,4163,615,72,59506,687,290,0
01/03/2022,WELD,67,350,0,4,417,4,55693,4230,619,72,59923,691,417,4
01/04/2022,WELD,55,648,0,3,703,3,56341,4285,622,72,60626,694,703,3
01/05/2022,WELD,75,803,1,4,878,5,57144,4360,626,73,61504,699,878,5
01/06/2022,WELD,58,893,0,3,951,3,58037,4418,629,73,62455,702,951,3
01/07/2022,WELD,61,522,0,3,583,3,58559,4479,632,73,63038,705,583,3
01/08/2022,WELD,28,503,0,1,531,1,59062,4507,633,73,63569,706,531,1
01/09/2022,WELD,18,536,0,1,554,1,59598,4525,634,73,64123,707,554,1
01/10/2022,WELD,38,748,0,0,786,0,60346,4563,634,73,64909,707,786,0
01/11/2022,WELD,82,602,0,1,684,1,60948,4645,635,73,65593,708,684,1
01/12/2022,WELD,90,899,0,0,989,0,61847,4735,635,73,66582,708,989,0
01/13/2022,WELD,94,699,0,1,793,1,62546,4829,636,73,67375,709,793,1
01/14/2022,WELD,71,952,1,7,1023,8,63498,4900,643,74,68398,717,1023,8
01/15/2022,WELD,19,452,0,2,471,2,63950,4919,645,74,68869,719,471,2
01/16/2022,WELD,15,532,1,2,547,3,64482,4934,647,75,69416,722,547,3
01/17/2022,WELD,72,721,0,0,793,0,65203,5006,647,75,70209,722,793,0
01/18/2022,WELD,71,652,0,2,723,2,65855,5077,649,75,70932,724,723,2
01/19/2022,WELD,81,813,0,5,894,5,66668,5158,654,75,71826,729,894,5
01/20/2022,WELD,67,685,0,0,752,0,67353,5225,654,75,72578,729,752,0
01/21/2022,WELD,68,893,0,3,961,3,68246,5293,657,75,73539,732,961,3
01/22/2022,WELD,26,519,0,2,545,2,68765,5319,659,75,74084,734,545,2
01/23/2022,WELD,14,567,0,0,581,0,69332,5333,659,75,74665,734,581,0
01/24/2022,WELD,54,484,0,5,538,5,69816,5387,664,75,75203,739,538,5
01/25/2022,WELD,65,403,0,4,468,4,70219,5452,668,75,75671,743,468,4
01/26/2022,WELD,46,648,0,6,694,6,70867,5498,674,75,76365,749,694,6
01/27/2022,WELD,53,573,0,1,626,1,71440,5551,675,75,76991,750,626,1
01/28/2022,WELD,43,423,0,5,466,5,71863,5594,680,75,77457,755,466,5
01/29/2022,WELD,10,357,0,2,367,2,72220,5604,682,75,77824,757,367,2
01/30/2022,WELD,12,290,0,0,302,0,72510,5616,682,75,78126,757,302,0
01/31/2022,WELD,46,205,0,3,251,3,72715,5662,685,75,78377,760,251,3
02/01/2022,WELD,48,220,0,0,268,0,72935,5710,685,75,78645,760,268,0
02/02/2022,WELD,19,352,0,0,371,0,73287,5729,685,75,79016,760,371,0
02/03/2022,WELD,25,153,0,1,178,1,73440,5754,686,75,79194,761,178,1
02/04/2022,WELD,35,229,1,0,264,1,73669,5789,686,76,79458,762,264,1
02/05/2022,WELD,12,142,0,0,154,0,73811,5801,686,76,79612,762,154,0
02/06/2022,WELD,2,95,0,0,97,0,73906,5803,686,76,79709,762,97,0
02/07/2022,WELD,16,123,0,0,139,0,74029,5819,686,76,79848,762,139,0
02/08/2022,WELD,25,151,0,0,176,0,74180,5844,686,76,80024,762,176,0
02/09/2022,WELD,29,145,1,1,174,2,74325,5873,687,77,80198,764,174,2
02/10/2022,WELD,31,157,0,2,188,2,74482,5904,689,77,80386,766,188,2
02/11/2022,WELD,14,103,0,2,117,2,74585,5918,691,77,80503,768,117,2
02/12/2022,WELD,2,76,0,0,78,0,74661,5920,691,77,80581,768,78,0
02/13/2022,WELD,3,47,0,0,50,0,74708,5923,691,77,80631,768,50,0
02/14/2022,WELD,9,52,0,0,61,0,74760,5932,691,77,80692,768,61,0
02/15/2022,WELD,17,74,0,0,91,0,74834,5949,691,77,80783,768,91,0
02/16/2022,WELD,21,81,0,0,102,0,74915,5970,691,77,80885,768,102,0
02/17/2022,WELD,6,55,0,1,61,1,74970,5976,692,77,80946,769,61,1
02/18/2022,WELD,15,54,0,0,69,0,75024,5991,692,77,81015,769,69,0
02/19/2022,WELD,1,41,0,1,42,1,75065,5992,693,77,81057,770,42,1
02/20/2022,WELD,2,24,0,0,26,0,75089,5994,693,77,81083,770,26,0
02/21/2022,WELD,4,32,0,0,36,0,75121,5998,693,77,81119,770,36,0
02/22/2022,WELD,12,48,0,0,60,0,75169,6010,693,77,81179,770,60,0
02/23/2022,WELD,11,50,0,0,61,0,75219,6021,693,77,81240,770,61,0
02/24/2022,WELD,5,34,0,0,39,0,75253,6026,693,77,81279,770,39,0
02/25/2022,WELD,2,55,0,1,57,1,75308,6028,694,77,81336,771,57,1
02/26/2022,WELD,0,19,0,0,19,0,75327,6028,694,77,81355,771,19,0
02/27/2022,WELD,6,18,0,0,24,0,75345,6034,694,77,81379,771,24,0
02/28/2022,WELD,6,15,2,0,21,2,75360,6040,694,79,81400,773,21,2
03/01/2022,WELD,1,37,0,0,38,0,75397,6041,694,79,81438,773,38,0
03/02/2022,WELD,0,28,0,0,28,0,75425,6041,694,79,81466,773,28,0
03/03/2022,WELD,2,24,0,0,26,0,75449,6043,694,79,81492,773,26,0
03/04/2022,WELD,2,15,0,0,17,0,75464,6045,694,79,81509,773,17,0
03/05/2022,WELD,0,7,0,0,7,0,75471,6045,694,79,81516,773,7,0
03/06/2022,WELD,0,9,0,0,9,0,75480,6045,694,79,81525,773,9,0
03/07/2022,WELD,1,7,0,0,8,0,75487,6046,694,79,81533,773,8,0
03/08/2022,WELD,1,22,0,0,23,0,75509,6047,694,79,81556,773,23,0
03/09/2022,WELD,3,11,0,0,14,0,75520,6050,694,79,81570,773,14,0
03/10/2022,WELD,2,7,0,0,9,0,75527,6052,694,79,81579,773,9,0
03/11/2022,WELD,2,3,0,0,5,0,75530,6054,694,79,81584,773,5,0
03/12/2022,WELD,2,4,0,0,6,0,75534,6056,694,79,81590,773,6,0
03/13/2022,WELD,1,5,0,0,6,0,75539,6057,694,79,81596,773,6,0
03/14/2022,WELD,3,16,0,0,19,0,75555,6060,694,79,81615,773,19,0
03/15/2022,WELD,5,13,0,0,18,0,75568,6065,694,79,81633,773,18,0
03/16/2022,WELD,1,14,0,0,15,0,75582,6066,694,79,81648,773,15,0
03/17/2022,WELD,2,27,0,0,29,0,75609,6068,694,79,81677,773,29,0
03/18/2022,WELD,5,13,0,0,18,0,75622,6073,694,79,81695,773,18,0
03/19/2022,WELD,0,7,0,0,7,0,75629,6073,694,79,81702,773,7,0
03/20/2022,WELD,1,4,0,0,5,0,75633,6074,694,79,81707,773,5,0
03/18/2020,YUMA,0,1,0,0,1,0,1,0,0,0,1,0,-81706,-773
03/25/2020,YUMA,0,1,0,0,1,0,2,0,0,0,2,0,1,0
04/18/2020,YUMA,0,1,0,0,1,0,3,0,0,0,3,0,1,0
04/22/2020,YUMA,0,1,0,0,1,0,4,0,0,0,4,0,1,0
04/23/2020,YUMA,0,1,0,0,1,0,5,0,0,0,5,0,1,0
04/27/2020,YUMA,0,1,0,0,1,0,6,0,0,0,6,0,1,0
04/28/2020,YUMA,0,1,0,0,1,0,7,0,0,0,7,0,1,0
04/30/2020,YUMA,0,1,0,0,1,0,8,0,0,0,8,0,1,0
05/02/2020,YUMA,0,1,0,0,1,0,9,0,0,0,9,0,1,0
05/06/2020,YUMA,0,1,0,0,1,0,10,0,0,0,10,0,1,0
05/20/2020,YUMA,0,1,0,0,1,0,11,0,0,0,11,0,1,0
05/22/2020,YUMA,0,3,0,0,3,0,14,0,0,0,14,0,3,0
05/24/2020,YUMA,0,3,0,1,3,1,17,0,1,0,17,1,3,1
05/25/2020,YUMA,0,1,0,0,1,0,18,0,1,0,18,1,1,0
05/27/2020,YUMA,0,1,0,0,1,0,19,0,1,0,19,1,1,0
05/28/2020,YUMA,0,16,0,0,16,0,35,0,1,0,35,1,16,0
05/31/2020,YUMA,0,5,0,0,5,0,40,0,1,0,40,1,5,0
06/03/2020,YUMA,0,2,0,0,2,0,42,0,1,0,42,1,2,0
06/04/2020,YUMA,0,1,0,0,1,0,43,0,1,0,43,1,1,0
06/06/2020,YUMA,0,1,0,0,1,0,44,0,1,0,44,1,1,0
06/07/2020,YUMA,0,2,0,0,2,0,46,0,1,0,46,1,2,0
06/13/2020,YUMA,0,1,0,0,1,0,47,0,1,0,47,1,1,0
06/14/2020,YUMA,0,1,0,0,1,0,48,0,1,0,48,1,1,0
06/20/2020,YUMA,0,1,0,0,1,0,49,0,1,0,49,1,1,0
06/22/2020,YUMA,0,1,0,0,1,0,50,0,1,0,50,1,1,0
06/28/2020,YUMA,0,1,0,0,1,0,51,0,1,0,51,1,1,0
07/03/2020,YUMA,0,1,0,0,1,0,52,0,1,0,52,1,1,0
07/07/2020,YUMA,0,1,0,0,1,0,53,0,1,0,53,1,1,0
07/14/2020,YUMA,0,1,0,0,1,0,54,0,1,0,54,1,1,0
07/18/2020,YUMA,0,1,0,0,1,0,55,0,1,0,55,1,1,0
07/24/2020,YUMA,0,1,0,0,1,0,56,0,1,0,56,1,1,0
07/30/2020,YUMA,0,5,0,0,5,0,61,0,1,0,61,1,5,0
08/04/2020,YUMA,0,1,0,0,1,0,62,0,1,0,62,1,1,0
08/31/2020,YUMA,0,1,0,0,1,0,63,0,1,0,63,1,1,0
09/02/2020,YUMA,0,1,0,0,1,0,64,0,1,0,64,1,1,0
09/04/2020,YUMA,0,2,0,0,2,0,66,0,1,0,66,1,2,0
09/06/2020,YUMA,0,1,0,0,1,0,67,0,1,0,67,1,1,0
09/07/2020,YUMA,0,1,0,0,1,0,68,0,1,0,68,1,1,0
09/08/2020,YUMA,0,1,0,1,1,1,69,0,2,0,69,2,1,1
09/11/2020,YUMA,0,1,0,0,1,0,70,0,2,0,70,2,1,0
09/12/2020,YUMA,0,2,0,0,2,0,72,0,2,0,72,2,2,0
09/14/2020,YUMA,0,3,0,0,3,0,75,0,2,0,75,2,3,0
09/15/2020,YUMA,1,0,0,0,1,0,75,1,2,0,76,2,1,0
09/16/2020,YUMA,1,6,0,0,7,0,81,2,2,0,83,2,7,0
09/19/2020,YUMA,0,3,0,0,3,0,84,2,2,0,86,2,3,0
09/20/2020,YUMA,0,1,0,0,1,0,85,2,2,0,87,2,1,0
09/21/2020,YUMA,0,3,0,0,3,0,88,2,2,0,90,2,3,0
09/22/2020,YUMA,1,11,0,0,12,0,99,3,2,0,102,2,12,0
09/23/2020,YUMA,1,2,0,0,3,0,101,4,2,0,105,2,3,0
09/24/2020,YUMA,1,0,0,0,1,0,101,5,2,0,106,2,1,0
09/25/2020,YUMA,0,9,0,0,9,0,110,5,2,0,115,2,9,0
09/26/2020,YUMA,0,1,0,0,1,0,111,5,2,0,116,2,1,0
09/27/2020,YUMA,0,9,0,0,9,0,120,5,2,0,125,2,9,0
09/28/2020,YUMA,0,2,0,0,2,0,122,5,2,0,127,2,2,0
09/29/2020,YUMA,0,2,0,0,2,0,124,5,2,0,129,2,2,0
09/30/2020,YUMA,0,1,0,0,1,0,125,5,2,0,130,2,1,0
10/01/2020,YUMA,0,4,0,0,4,0,129,5,2,0,134,2,4,0
10/03/2020,YUMA,0,2,0,0,2,0,131,5,2,0,136,2,2,0
10/04/2020,YUMA,0,6,0,0,6,0,137,5,2,0,142,2,6,0
10/05/2020,YUMA,0,3,0,0,3,0,140,5,2,0,145,2,3,0
10/06/2020,YUMA,1,4,0,0,5,0,144,6,2,0,150,2,5,0
10/07/2020,YUMA,0,1,0,0,1,0,145,6,2,0,151,2,1,0
10/08/2020,YUMA,0,5,0,0,5,0,150,6,2,0,156,2,5,0
10/09/2020,YUMA,1,1,0,0,2,0,151,7,2,0,158,2,2,0
10/10/2020,YUMA,0,2,0,0,2,0,153,7,2,0,160,2,2,0
10/11/2020,YUMA,0,2,0,0,2,0,155,7,2,0,162,2,2,0
10/12/2020,YUMA,0,2,0,0,2,0,157,7,2,0,164,2,2,0
10/14/2020,YUMA,0,15,0,0,15,0,172,7,2,0,179,2,15,0
10/15/2020,YUMA,0,3,0,0,3,0,175,7,2,0,182,2,3,0
10/16/2020,YUMA,0,4,0,0,4,0,179,7,2,0,186,2,4,0
10/18/2020,YUMA,0,8,0,0,8,0,187,7,2,0,194,2,8,0
10/19/2020,YUMA,0,1,0,0,1,0,188,7,2,0,195,2,1,0
10/20/2020,YUMA,0,9,0,0,9,0,197,7,2,0,204,2,9,0
10/21/2020,YUMA,0,5,0,0,5,0,202,7,2,0,209,2,5,0
10/22/2020,YUMA,1,1,0,0,2,0,203,8,2,0,211,2,2,0
10/23/2020,YUMA,1,3,0,0,4,0,206,9,2,0,215,2,4,0
10/25/2020,YUMA,0,1,0,0,1,0,207,9,2,0,216,2,1,0
10/26/2020,YUMA,1,5,0,0,6,0,212,10,2,0,222,2,6,0
10/27/2020,YUMA,3,3,0,0,6,0,215,13,2,0,228,2,6,0
10/28/2020,YUMA,0,7,0,0,7,0,222,13,2,0,235,2,7,0
10/29/2020,YUMA,0,2,0,0,2,0,224,13,2,0,237,2,2,0
10/30/2020,YUMA,1,1,0,0,2,0,225,14,2,0,239,2,2,0
11/01/2020,YUMA,0,1,0,0,1,0,226,14,2,0,240,2,1,0
11/02/2020,YUMA,3,4,0,0,7,0,230,17,2,0,247,2,7,0
11/03/2020,YUMA,1,2,0,0,3,0,232,18,2,0,250,2,3,0
11/05/2020,YUMA,3,2,0,0,5,0,234,21,2,0,255,2,5,0
11/06/2020,YUMA,1,2,0,0,3,0,236,22,2,0,258,2,3,0
11/07/2020,YUMA,0,1,0,0,1,0,237,22,2,0,259,2,1,0
11/08/2020,YUMA,0,3,0,0,3,0,240,22,2,0,262,2,3,0
11/09/2020,YUMA,1,1,0,0,2,0,241,23,2,0,264,2,2,0
11/10/2020,YUMA,1,2,0,0,3,0,243,24,2,0,267,2,3,0
11/11/2020,YUMA,2,2,0,0,4,0,245,26,2,0,271,2,4,0
11/12/2020,YUMA,6,4,0,0,10,0,249,32,2,0,281,2,10,0
11/13/2020,YUMA,1,0,0,0,1,0,249,33,2,0,282,2,1,0
11/16/2020,YUMA,3,5,0,1,8,1,254,36,3,0,290,3,8,1
11/17/2020,YUMA,2,7,0,0,9,0,261,38,3,0,299,3,9,0
11/18/2020,YUMA,1,6,0,0,7,0,267,39,3,0,306,3,7,0
11/19/2020,YUMA,5,6,0,1,11,1,273,44,4,0,317,4,11,1
11/20/2020,YUMA,2,3,0,0,5,0,276,46,4,0,322,4,5,0
11/21/2020,YUMA,0,7,0,0,7,0,283,46,4,0,329,4,7,0
11/22/2020,YUMA,0,3,0,0,3,0,286,46,4,0,332,4,3,0
11/23/2020,YUMA,7,9,0,0,16,0,295,53,4,0,348,4,16,0
11/24/2020,YUMA,2,3,0,1,5,1,298,55,5,0,353,5,5,1
11/25/2020,YUMA,2,6,0,0,8,0,304,57,5,0,361,5,8,0
11/26/2020,YUMA,1,0,0,0,1,0,304,58,5,0,362,5,1,0
11/27/2020,YUMA,5,7,0,0,12,0,311,63,5,0,374,5,12,0
11/28/2020,YUMA,0,2,0,0,2,0,313,63,5,0,376,5,2,0
11/29/2020,YUMA,0,6,0,0,6,0,319,63,5,0,382,5,6,0
11/30/2020,YUMA,7,7,0,0,14,0,326,70,5,0,396,5,14,0
12/01/2020,YUMA,6,5,0,0,11,0,331,76,5,0,407,5,11,0
12/02/2020,YUMA,2,4,0,1,6,1,335,78,6,0,413,6,6,1
12/03/2020,YUMA,1,14,0,1,15,1,349,79,7,0,428,7,15,1
12/04/2020,YUMA,10,3,0,0,13,0,352,89,7,0,441,7,13,0
12/05/2020,YUMA,0,2,0,0,2,0,354,89,7,0,443,7,2,0
12/06/2020,YUMA,0,12,0,4,12,4,366,89,11,0,455,11,12,4
12/07/2020,YUMA,3,4,0,0,7,0,370,92,11,0,462,11,7,0
12/08/2020,YUMA,7,7,0,0,14,0,377,99,11,0,476,11,14,0
12/09/2020,YUMA,7,15,0,2,22,2,392,106,13,0,498,13,22,2
12/10/2020,YUMA,2,8,0,0,10,0,400,108,13,0,508,13,10,0
12/11/2020,YUMA,3,4,0,0,7,0,404,111,13,0,515,13,7,0
12/12/2020,YUMA,0,8,0,0,8,0,412,111,13,0,523,13,8,0
12/13/2020,YUMA,0,1,0,0,1,0,413,111,13,0,524,13,1,0
12/14/2020,YUMA,9,9,0,0,18,0,422,120,13,0,542,13,18,0
12/15/2020,YUMA,5,6,0,1,11,1,428,125,14,0,553,14,11,1
12/16/2020,YUMA,5,16,0,1,21,1,444,130,15,0,574,15,21,1
12/17/2020,YUMA,8,5,0,0,13,0,449,138,15,0,587,15,13,0
12/18/2020,YUMA,8,3,0,0,11,0,452,146,15,0,598,15,11,0
12/19/2020,YUMA,1,6,0,1,7,1,458,147,16,0,605,16,7,1
12/20/2020,YUMA,0,2,0,0,2,0,460,147,16,0,607,16,2,0
12/21/2020,YUMA,3,3,0,0,6,0,463,150,16,0,613,16,6,0
12/22/2020,YUMA,5,2,0,0,7,0,465,155,16,0,620,16,7,0
12/23/2020,YUMA,2,3,0,0,5,0,468,157,16,0,625,16,5,0
12/24/2020,YUMA,8,7,0,0,15,0,475,165,16,0,640,16,15,0
12/25/2020,YUMA,1,5,0,0,6,0,480,166,16,0,646,16,6,0
12/26/2020,YUMA,0,3,0,0,3,0,483,166,16,0,649,16,3,0
12/27/2020,YUMA,3,5,0,0,8,0,488,169,16,0,657,16,8,0
12/28/2020,YUMA,4,3,0,0,7,0,491,173,16,0,664,16,7,0
12/29/2020,YUMA,1,1,0,0,2,0,492,174,16,0,666,16,2,0
12/30/2020,YUMA,2,5,0,0,7,0,497,176,16,0,673,16,7,0
12/31/2020,YUMA,4,1,0,0,5,0,498,180,16,0,678,16,5,0
01/01/2021,YUMA,0,3,0,0,3,0,501,180,16,0,681,16,3,0
01/02/2021,YUMA,0,1,0,0,1,0,502,180,16,0,682,16,1,0
01/04/2021,YUMA,3,1,0,0,4,0,503,183,16,0,686,16,4,0
01/05/2021,YUMA,1,4,0,0,5,0,507,184,16,0,691,16,5,0
01/06/2021,YUMA,4,5,0,0,9,0,512,188,16,0,700,16,9,0
01/07/2021,YUMA,3,5,0,0,8,0,517,191,16,0,708,16,8,0
01/08/2021,YUMA,5,2,0,0,7,0,519,196,16,0,715,16,7,0
01/09/2021,YUMA,0,4,0,0,4,0,523,196,16,0,719,16,4,0
01/10/2021,YUMA,0,2,0,0,2,0,525,196,16,0,721,16,2,0
01/11/2021,YUMA,1,1,0,0,2,0,526,197,16,0,723,16,2,0
01/12/2021,YUMA,1,0,0,0,1,0,526,198,16,0,724,16,1,0
01/13/2021,YUMA,1,3,0,1,4,1,529,199,17,0,728,17,4,1
01/14/2021,YUMA,1,5,0,0,6,0,534,200,17,0,734,17,6,0
01/15/2021,YUMA,0,3,0,0,3,0,537,200,17,0,737,17,3,0
01/16/2021,YUMA,0,4,0,0,4,0,541,200,17,0,741,17,4,0
01/18/2021,YUMA,0,3,0,0,3,0,544,200,17,0,744,17,3,0
01/19/2021,YUMA,0,1,0,0,1,0,545,200,17,0,745,17,1,0
01/20/2021,YUMA,1,10,0,0,11,0,555,201,17,0,756,17,11,0
01/21/2021,YUMA,1,2,0,0,3,0,557,202,17,0,759,17,3,0
01/22/2021,YUMA,3,4,0,0,7,0,561,205,17,0,766,17,7,0
01/23/2021,YUMA,0,2,0,0,2,0,563,205,17,0,768,17,2,0
01/24/2021,YUMA,0,1,0,0,1,0,564,205,17,0,769,17,1,0
01/25/2021,YUMA,1,0,0,0,1,0,564,206,17,0,770,17,1,0
01/26/2021,YUMA,1,1,0,0,2,0,565,207,17,0,772,17,2,0
01/27/2021,YUMA,0,1,0,0,1,0,566,207,17,0,773,17,1,0
01/28/2021,YUMA,1,0,0,0,1,0,566,208,17,0,774,17,1,0
01/29/2021,YUMA,0,2,0,0,2,0,568,208,17,0,776,17,2,0
01/30/2021,YUMA,0,3,0,0,3,0,571,208,17,0,779,17,3,0
02/01/2021,YUMA,0,1,0,0,1,0,572,208,17,0,780,17,1,0
02/02/2021,YUMA,3,4,0,1,7,1,576,211,18,0,787,18,7,1
02/03/2021,YUMA,0,1,0,0,1,0,577,211,18,0,788,18,1,0
02/05/2021,YUMA,0,1,0,0,1,0,578,211,18,0,789,18,1,0
02/06/2021,YUMA,0,2,0,0,2,0,580,211,18,0,791,18,2,0
02/07/2021,YUMA,0,2,0,0,2,0,582,211,18,0,793,18,2,0
02/08/2021,YUMA,0,1,0,0,1,0,583,211,18,0,794,18,1,0
02/10/2021,YUMA,1,4,0,0,5,0,587,212,18,0,799,18,5,0
02/11/2021,YUMA,0,1,0,0,1,0,588,212,18,0,800,18,1,0
02/12/2021,YUMA,0,4,0,0,4,0,592,212,18,0,804,18,4,0
02/17/2021,YUMA,0,1,0,0,1,0,593,212,18,0,805,18,1,0
02/20/2021,YUMA,0,1,0,0,1,0,594,212,18,0,806,18,1,0
02/21/2021,YUMA,0,4,0,0,4,0,598,212,18,0,810,18,4,0
02/23/2021,YUMA,1,2,0,0,3,0,600,213,18,0,813,18,3,0
02/24/2021,YUMA,0,1,0,0,1,0,601,213,18,0,814,18,1,0
02/25/2021,YUMA,0,2,0,0,2,0,603,213,18,0,816,18,2,0
02/27/2021,YUMA,0,1,0,0,1,0,604,213,18,0,817,18,1,0
02/28/2021,YUMA,0,1,0,0,1,0,605,213,18,0,818,18,1,0
03/01/2021,YUMA,3,1,0,0,4,0,606,216,18,0,822,18,4,0
03/03/2021,YUMA,0,1,0,0,1,0,607,216,18,0,823,18,1,0
03/04/2021,YUMA,1,3,0,0,4,0,610,217,18,0,827,18,4,0
03/05/2021,YUMA,0,1,0,0,1,0,611,217,18,0,828,18,1,0
03/06/2021,YUMA,0,4,0,0,4,0,615,217,18,0,832,18,4,0
03/08/2021,YUMA,4,1,0,0,5,0,616,221,18,0,837,18,5,0
03/09/2021,YUMA,4,1,0,0,5,0,617,225,18,0,842,18,5,0
03/10/2021,YUMA,1,4,0,0,5,0,621,226,18,0,847,18,5,0
03/11/2021,YUMA,1,4,0,0,5,0,625,227,18,0,852,18,5,0
03/12/2021,YUMA,5,0,0,0,5,0,625,232,18,0,857,18,5,0
03/13/2021,YUMA,0,4,0,0,4,0,629,232,18,0,861,18,4,0
03/15/2021,YUMA,1,2,0,0,3,0,631,233,18,0,864,18,3,0
03/16/2021,YUMA,4,1,0,0,5,0,632,237,18,0,869,18,5,0
03/17/2021,YUMA,1,4,0,0,5,0,636,238,18,0,874,18,5,0
03/18/2021,YUMA,1,5,0,0,6,0,641,239,18,0,880,18,6,0
03/19/2021,YUMA,2,4,0,0,6,0,645,241,18,0,886,18,6,0
03/20/2021,YUMA,0,1,0,0,1,0,646,241,18,0,887,18,1,0
03/22/2021,YUMA,2,3,0,0,5,0,649,243,18,0,892,18,5,0
03/23/2021,YUMA,1,0,0,0,1,0,649,244,18,0,893,18,1,0
03/24/2021,YUMA,0,1,0,0,1,0,650,244,18,0,894,18,1,0
03/25/2021,YUMA,1,1,0,0,2,0,651,245,18,0,896,18,2,0
03/26/2021,YUMA,0,1,0,0,1,0,652,245,18,0,897,18,1,0
03/29/2021,YUMA,0,1,0,0,1,0,653,245,18,0,898,18,1,0
03/30/2021,YUMA,0,1,0,0,1,0,654,245,18,0,899,18,1,0
03/31/2021,YUMA,1,1,0,0,2,0,655,246,18,0,901,18,2,0
04/02/2021,YUMA,0,1,0,0,1,0,656,246,18,0,902,18,1,0
04/06/2021,YUMA,1,0,0,0,1,0,656,247,18,0,903,18,1,0
04/08/2021,YUMA,0,1,0,0,1,0,657,247,18,0,904,18,1,0
04/09/2021,YUMA,0,1,0,0,1,0,658,247,18,0,905,18,1,0
04/14/2021,YUMA,1,0,0,0,1,0,658,248,18,0,906,18,1,0
04/16/2021,YUMA,1,0,0,0,1,0,658,249,18,0,907,18,1,0
04/17/2021,YUMA,0,1,0,0,1,0,659,249,18,0,908,18,1,0
04/19/2021,YUMA,0,1,0,0,1,0,660,249,18,0,909,18,1,0
04/21/2021,YUMA,1,1,0,0,2,0,661,250,18,0,911,18,2,0
04/22/2021,YUMA,0,4,0,0,4,0,665,250,18,0,915,18,4,0
04/23/2021,YUMA,1,1,0,0,2,0,666,251,18,0,917,18,2,0
04/24/2021,YUMA,0,1,0,0,1,0,667,251,18,0,918,18,1,0
04/26/2021,YUMA,1,5,0,0,6,0,672,252,18,0,924,18,6,0
04/27/2021,YUMA,1,0,0,0,1,0,672,253,18,0,925,18,1,0
04/28/2021,YUMA,0,1,0,0,1,0,673,253,18,0,926,18,1,0
04/29/2021,YUMA,0,2,0,0,2,0,675,253,18,0,928,18,2,0
04/30/2021,YUMA,0,1,0,0,1,0,676,253,18,0,929,18,1,0
05/01/2021,YUMA,0,2,0,0,2,0,678,253,18,0,931,18,2,0
05/02/2021,YUMA,0,1,0,0,1,0,679,253,18,0,932,18,1,0
05/05/2021,YUMA,2,0,0,0,2,0,679,255,18,0,934,18,2,0
05/06/2021,YUMA,0,2,0,0,2,0,681,255,18,0,936,18,2,0
05/07/2021,YUMA,2,0,0,0,2,0,681,257,18,0,938,18,2,0
05/10/2021,YUMA,1,3,0,0,4,0,684,258,18,0,942,18,4,0
05/11/2021,YUMA,0,1,0,0,1,0,685,258,18,0,943,18,1,0
05/13/2021,YUMA,0,1,0,0,1,0,686,258,18,0,944,18,1,0
05/17/2021,YUMA,0,4,0,1,4,1,690,258,19,0,948,19,4,1
05/18/2021,YUMA,2,1,0,0,3,0,691,260,19,0,951,19,3,0
05/20/2021,YUMA,0,2,0,0,2,0,693,260,19,0,953,19,2,0
05/21/2021,YUMA,0,1,0,0,1,0,694,260,19,0,954,19,1,0
05/24/2021,YUMA,2,2,0,0,4,0,696,262,19,0,958,19,4,0
05/25/2021,YUMA,0,2,0,0,2,0,698,262,19,0,960,19,2,0
05/26/2021,YUMA,0,1,0,0,1,0,699,262,19,0,961,19,1,0
05/27/2021,YUMA,0,1,0,0,1,0,700,262,19,0,962,19,1,0
05/29/2021,YUMA,0,1,0,0,1,0,701,262,19,0,963,19,1,0
06/01/2021,YUMA,2,0,0,0,2,0,701,264,19,0,965,19,2,0
06/04/2021,YUMA,1,0,0,0,1,0,701,265,19,0,966,19,1,0
06/07/2021,YUMA,0,1,0,0,1,0,702,265,19,0,967,19,1,0
06/10/2021,YUMA,0,2,0,0,2,0,704,265,19,0,969,19,2,0
06/11/2021,YUMA,0,1,0,0,1,0,705,265,19,0,970,19,1,0
06/14/2021,YUMA,0,1,0,0,1,0,706,265,19,0,971,19,1,0
06/21/2021,YUMA,1,0,0,0,1,0,706,266,19,0,972,19,1,0
07/02/2021,YUMA,0,1,0,0,1,0,707,266,19,0,973,19,1,0
07/13/2021,YUMA,0,1,0,1,1,1,708,266,20,0,974,20,1,1
07/15/2021,YUMA,0,1,0,0,1,0,709,266,20,0,975,20,1,0
07/17/2021,YUMA,0,1,0,0,1,0,710,266,20,0,976,20,1,0
07/19/2021,YUMA,0,1,0,0,1,0,711,266,20,0,977,20,1,0
07/20/2021,YUMA,0,1,0,0,1,0,712,266,20,0,978,20,1,0
07/22/2021,YUMA,0,1,0,0,1,0,713,266,20,0,979,20,1,0
07/23/2021,YUMA,1,1,0,0,2,0,714,267,20,0,981,20,2,0
07/26/2021,YUMA,0,1,0,0,1,0,715,267,20,0,982,20,1,0
07/30/2021,YUMA,1,2,0,0,3,0,717,268,20,0,985,20,3,0
08/02/2021,YUMA,0,1,0,0,1,0,718,268,20,0,986,20,1,0
08/07/2021,YUMA,0,1,0,0,1,0,719,268,20,0,987,20,1,0
08/10/2021,YUMA,0,1,0,0,1,0,720,268,20,0,988,20,1,0
08/11/2021,YUMA,1,0,0,0,1,0,720,269,20,0,989,20,1,0
08/12/2021,YUMA,0,2,0,0,2,0,722,269,20,0,991,20,2,0
08/14/2021,YUMA,0,1,0,0,1,0,723,269,20,0,992,20,1,0
08/16/2021,YUMA,2,0,0,0,2,0,723,271,20,0,994,20,2,0
08/17/2021,YUMA,0,2,0,0,2,0,725,271,20,0,996,20,2,0
08/18/2021,YUMA,0,2,0,0,2,0,727,271,20,0,998,20,2,0
08/21/2021,YUMA,0,1,0,0,1,0,728,271,20,0,999,20,1,0
08/22/2021,YUMA,0,1,0,0,1,0,729,271,20,0,1000,20,1,0
08/23/2021,YUMA,1,0,0,0,1,0,729,272,20,0,1001,20,1,0
08/24/2021,YUMA,0,3,0,0,3,0,732,272,20,0,1004,20,3,0
08/26/2021,YUMA,0,5,0,0,5,0,737,272,20,0,1009,20,5,0
08/30/2021,YUMA,1,3,0,0,4,0,740,273,20,0,1013,20,4,0
08/31/2021,YUMA,3,5,0,0,8,0,745,276,20,0,1021,20,8,0
09/02/2021,YUMA,0,2,0,0,2,0,747,276,20,0,1023,20,2,0
09/05/2021,YUMA,1,1,0,0,2,0,748,277,20,0,1025,20,2,0
09/07/2021,YUMA,0,3,0,0,3,0,751,277,20,0,1028,20,3,0
09/08/2021,YUMA,0,3,0,0,3,0,754,277,20,0,1031,20,3,0
09/09/2021,YUMA,3,3,0,0,6,0,757,280,20,0,1037,20,6,0
09/13/2021,YUMA,2,2,0,0,4,0,759,282,20,0,1041,20,4,0
09/14/2021,YUMA,2,1,0,0,3,0,760,284,20,0,1044,20,3,0
09/15/2021,YUMA,0,2,0,0,2,0,762,284,20,0,1046,20,2,0
09/17/2021,YUMA,2,0,0,0,2,0,762,286,20,0,1048,20,2,0
09/18/2021,YUMA,0,1,0,0,1,0,763,286,20,0,1049,20,1,0
09/19/2021,YUMA,0,1,0,0,1,0,764,286,20,0,1050,20,1,0
09/20/2021,YUMA,1,7,0,0,8,0,771,287,20,0,1058,20,8,0
09/21/2021,YUMA,2,3,0,0,5,0,774,289,20,0,1063,20,5,0
09/22/2021,YUMA,2,1,0,0,3,0,775,291,20,0,1066,20,3,0
09/23/2021,YUMA,0,3,0,0,3,0,778,291,20,0,1069,20,3,0
09/24/2021,YUMA,1,0,0,0,1,0,778,292,20,0,1070,20,1,0
09/26/2021,YUMA,0,1,0,0,1,0,779,292,20,0,1071,20,1,0
09/27/2021,YUMA,1,4,0,0,5,0,783,293,20,0,1076,20,5,0
09/28/2021,YUMA,2,1,0,0,3,0,784,295,20,0,1079,20,3,0
09/29/2021,YUMA,1,6,0,0,7,0,790,296,20,0,1086,20,7,0
09/30/2021,YUMA,1,3,0,0,4,0,793,297,20,0,1090,20,4,0
10/01/2021,YUMA,1,2,0,0,3,0,795,298,20,0,1093,20,3,0
10/02/2021,YUMA,0,4,0,0,4,0,799,298,20,0,1097,20,4,0
10/03/2021,YUMA,0,3,0,0,3,0,802,298,20,0,1100,20,3,0
10/04/2021,YUMA,4,5,0,0,9,0,807,302,20,0,1109,20,9,0
10/05/2021,YUMA,3,11,0,0,14,0,818,305,20,0,1123,20,14,0
10/06/2021,YUMA,1,3,0,0,4,0,821,306,20,0,1127,20,4,0
10/07/2021,YUMA,0,8,0,0,8,0,829,306,20,0,1135,20,8,0
10/08/2021,YUMA,0,5,0,0,5,0,834,306,20,0,1140,20,5,0
10/09/2021,YUMA,0,3,0,0,3,0,837,306,20,0,1143,20,3,0
10/10/2021,YUMA,0,4,0,0,4,0,841,306,20,0,1147,20,4,0
10/11/2021,YUMA,2,11,0,0,13,0,852,308,20,0,1160,20,13,0
10/12/2021,YUMA,4,6,0,0,10,0,858,312,20,0,1170,20,10,0
10/13/2021,YUMA,1,4,0,0,5,0,862,313,20,0,1175,20,5,0
10/14/2021,YUMA,0,13,0,0,13,0,875,313,20,0,1188,20,13,0
10/15/2021,YUMA,0,11,0,0,11,0,886,313,20,0,1199,20,11,0
10/16/2021,YUMA,0,2,0,0,2,0,888,313,20,0,1201,20,2,0
10/17/2021,YUMA,0,1,0,0,1,0,889,313,20,0,1202,20,1,0
10/18/2021,YUMA,1,7,0,0,8,0,896,314,20,0,1210,20,8,0
10/19/2021,YUMA,4,7,0,0,11,0,903,318,20,0,1221,20,11,0
10/20/2021,YUMA,1,5,0,0,6,0,908,319,20,0,1227,20,6,0
10/22/2021,YUMA,0,7,0,0,7,0,915,319,20,0,1234,20,7,0
10/23/2021,YUMA,0,1,0,0,1,0,916,319,20,0,1235,20,1,0
10/25/2021,YUMA,1,5,0,0,6,0,921,320,20,0,1241,20,6,0
10/26/2021,YUMA,2,5,0,0,7,0,926,322,20,0,1248,20,7,0
10/27/2021,YUMA,2,5,0,0,7,0,931,324,20,0,1255,20,7,0
10/28/2021,YUMA,0,7,0,0,7,0,938,324,20,0,1262,20,7,0
10/29/2021,YUMA,2,2,0,0,4,0,940,326,20,0,1266,20,4,0
10/30/2021,YUMA,0,3,0,0,3,0,943,326,20,0,1269,20,3,0
11/01/2021,YUMA,0,5,0,0,5,0,948,326,20,0,1274,20,5,0
11/02/2021,YUMA,0,8,0,0,8,0,956,326,20,0,1282,20,8,0
11/03/2021,YUMA,3,7,0,0,10,0,963,329,20,0,1292,20,10,0
11/04/2021,YUMA,3,3,0,0,6,0,966,332,20,0,1298,20,6,0
11/05/2021,YUMA,0,3,0,0,3,0,969,332,20,0,1301,20,3,0
11/07/2021,YUMA,0,5,0,0,5,0,974,332,20,0,1306,20,5,0
11/08/2021,YUMA,2,6,0,0,8,0,980,334,20,0,1314,20,8,0
11/09/2021,YUMA,0,6,0,0,6,0,986,334,20,0,1320,20,6,0
11/10/2021,YUMA,1,5,0,0,6,0,991,335,20,0,1326,20,6,0
11/11/2021,YUMA,0,2,0,0,2,0,993,335,20,0,1328,20,2,0
11/12/2021,YUMA,1,2,0,0,3,0,995,336,20,0,1331,20,3,0
11/13/2021,YUMA,0,1,0,0,1,0,996,336,20,0,1332,20,1,0
11/14/2021,YUMA,0,3,0,1,3,1,999,336,21,0,1335,21,3,1
11/15/2021,YUMA,5,6,0,0,11,0,1005,341,21,0,1346,21,11,0
11/16/2021,YUMA,0,5,0,0,5,0,1010,341,21,0,1351,21,5,0
11/17/2021,YUMA,1,3,0,0,4,0,1013,342,21,0,1355,21,4,0
11/18/2021,YUMA,0,2,0,0,2,0,1015,342,21,0,1357,21,2,0
11/19/2021,YUMA,0,2,0,0,2,0,1017,342,21,0,1359,21,2,0
11/22/2021,YUMA,0,5,0,0,5,0,1022,342,21,0,1364,21,5,0
11/23/2021,YUMA,0,1,0,0,1,0,1023,342,21,0,1365,21,1,0
11/24/2021,YUMA,1,3,0,0,4,0,1026,343,21,0,1369,21,4,0
11/26/2021,YUMA,0,2,0,0,2,0,1028,343,21,0,1371,21,2,0
11/29/2021,YUMA,1,3,0,0,4,0,1031,344,21,0,1375,21,4,0
11/30/2021,YUMA,3,0,0,0,3,0,1031,347,21,0,1378,21,3,0
12/01/2021,YUMA,2,1,0,0,3,0,1032,349,21,0,1381,21,3,0
12/02/2021,YUMA,2,7,0,1,9,1,1039,351,22,0,1390,22,9,1
12/03/2021,YUMA,4,3,0,0,7,0,1042,355,22,0,1397,22,7,0
12/04/2021,YUMA,0,3,0,0,3,0,1045,355,22,0,1400,22,3,0
12/06/2021,YUMA,1,7,0,0,8,0,1052,356,22,0,1408,22,8,0
12/07/2021,YUMA,0,2,0,0,2,0,1054,356,22,0,1410,22,2,0
12/08/2021,YUMA,0,1,0,0,1,0,1055,356,22,0,1411,22,1,0
12/09/2021,YUMA,0,1,0,0,1,0,1056,356,22,0,1412,22,1,0
12/10/2021,YUMA,0,10,0,0,10,0,1066,356,22,0,1422,22,10,0
12/11/2021,YUMA,0,3,0,0,3,0,1069,356,22,0,1425,22,3,0
12/12/2021,YUMA,0,1,0,1,1,1,1070,356,23,0,1426,23,1,1
12/13/2021,YUMA,3,3,0,0,6,0,1073,359,23,0,1432,23,6,0
12/14/2021,YUMA,0,7,0,0,7,0,1080,359,23,0,1439,23,7,0
12/15/2021,YUMA,0,1,0,0,1,0,1081,359,23,0,1440,23,1,0
12/16/2021,YUMA,2,2,0,0,4,0,1083,361,23,0,1444,23,4,0
12/17/2021,YUMA,0,5,0,0,5,0,1088,361,23,0,1449,23,5,0
12/18/2021,YUMA,0,1,0,0,1,0,1089,361,23,0,1450,23,1,0
12/19/2021,YUMA,0,2,0,0,2,0,1091,361,23,0,1452,23,2,0
12/20/2021,YUMA,1,2,0,0,3,0,1093,362,23,0,1455,23,3,0
12/21/2021,YUMA,1,4,0,1,5,1,1097,363,24,0,1460,24,5,1
12/23/2021,YUMA,0,1,0,0,1,0,1098,363,24,0,1461,24,1,0
12/24/2021,YUMA,0,1,0,0,1,0,1099,363,24,0,1462,24,1,0
12/25/2021,YUMA,0,4,0,0,4,0,1103,363,24,0,1466,24,4,0
12/26/2021,YUMA,0,1,0,0,1,0,1104,363,24,0,1467,24,1,0
12/27/2021,YUMA,6,0,0,0,6,0,1104,369,24,0,1473,24,6,0
12/28/2021,YUMA,2,5,0,0,7,0,1109,371,24,0,1480,24,7,0
12/30/2021,YUMA,2,3,0,0,5,0,1112,373,24,0,1485,24,5,0
12/31/2021,YUMA,0,7,0,0,7,0,1119,373,24,0,1492,24,7,0
01/01/2022,YUMA,0,2,0,0,2,0,1121,373,24,0,1494,24,2,0
01/02/2022,YUMA,0,5,0,0,5,0,1126,373,24,0,1499,24,5,0
01/03/2022,YUMA,6,7,0,0,13,0,1133,379,24,0,1512,24,13,0
01/04/2022,YUMA,1,2,0,0,3,0,1135,380,24,0,1515,24,3,0
01/05/2022,YUMA,1,3,0,0,4,0,1138,381,24,0,1519,24,4,0
01/06/2022,YUMA,2,11,0,0,13,0,1149,383,24,0,1532,24,13,0
01/07/2022,YUMA,1,8,0,0,9,0,1157,384,24,0,1541,24,9,0
01/08/2022,YUMA,0,3,0,0,3,0,1160,384,24,0,1544,24,3,0
01/09/2022,YUMA,0,4,0,0,4,0,1164,384,24,0,1548,24,4,0
01/10/2022,YUMA,7,3,0,0,10,0,1167,391,24,0,1558,24,10,0
01/11/2022,YUMA,3,4,0,0,7,0,1171,394,24,0,1565,24,7,0
01/12/2022,YUMA,6,6,0,0,12,0,1177,400,24,0,1577,24,12,0
01/13/2022,YUMA,3,4,0,0,7,0,1181,403,24,0,1584,24,7,0
01/14/2022,YUMA,4,11,0,0,15,0,1192,407,24,0,1599,24,15,0
01/15/2022,YUMA,0,3,0,0,3,0,1195,407,24,0,1602,24,3,0
01/16/2022,YUMA,0,1,0,0,1,0,1196,407,24,0,1603,24,1,0
01/17/2022,YUMA,8,6,0,0,14,0,1202,415,24,0,1617,24,14,0
01/18/2022,YUMA,1,5,0,0,6,0,1207,416,24,0,1623,24,6,0
01/19/2022,YUMA,4,7,0,0,11,0,1214,420,24,0,1634,24,11,0
01/20/2022,YUMA,7,6,0,0,13,0,1220,427,24,0,1647,24,13,0
01/21/2022,YUMA,1,5,0,0,6,0,1225,428,24,0,1653,24,6,0
01/22/2022,YUMA,0,4,0,0,4,0,1229,428,24,0,1657,24,4,0
01/23/2022,YUMA,0,16,0,0,16,0,1245,428,24,0,1673,24,16,0
01/24/2022,YUMA,6,13,0,0,19,0,1258,434,24,0,1692,24,19,0
01/25/2022,YUMA,2,7,0,0,9,0,1265,436,24,0,1701,24,9,0
01/26/2022,YUMA,5,15,0,0,20,0,1280,441,24,0,1721,24,20,0
01/27/2022,YUMA,6,3,0,0,9,0,1283,447,24,0,1730,24,9,0
01/28/2022,YUMA,3,9,0,0,12,0,1292,450,24,0,1742,24,12,0
01/29/2022,YUMA,0,17,0,0,17,0,1309,450,24,0,1759,24,17,0
01/30/2022,YUMA,0,12,0,0,12,0,1321,450,24,0,1771,24,12,0
01/31/2022,YUMA,4,19,0,0,23,0,1340,454,24,0,1794,24,23,0
02/01/2022,YUMA,0,7,0,0,7,0,1347,454,24,0,1801,24,7,0
02/02/2022,YUMA,0,4,0,0,4,0,1351,454,24,0,1805,24,4,0
02/03/2022,YUMA,2,7,0,0,9,0,1358,456,24,0,1814,24,9,0
02/04/2022,YUMA,0,6,0,0,6,0,1364,456,24,0,1820,24,6,0
02/05/2022,YUMA,0,3,0,0,3,0,1367,456,24,0,1823,24,3,0
02/06/2022,YUMA,0,5,0,0,5,0,1372,456,24,0,1828,24,5,0
02/07/2022,YUMA,1,6,0,0,7,0,1378,457,24,0,1835,24,7,0
02/08/2022,YUMA,0,2,0,0,2,0,1380,457,24,0,1837,24,2,0
02/09/2022,YUMA,0,2,0,0,2,0,1382,457,24,0,1839,24,2,0
02/10/2022,YUMA,0,1,0,0,1,0,1383,457,24,0,1840,24,1,0
02/11/2022,YUMA,0,4,0,0,4,0,1387,457,24,0,1844,24,4,0
02/12/2022,YUMA,0,1,0,0,1,0,1388,457,24,0,1845,24,1,0
02/13/2022,YUMA,0,1,0,0,1,0,1389,457,24,0,1846,24,1,0
02/14/2022,YUMA,0,1,0,0,1,0,1390,457,24,0,1847,24,1,0
02/15/2022,YUMA,0,1,0,0,1,0,1391,457,24,0,1848,24,1,0
02/16/2022,YUMA,0,1,0,0,1,0,1392,457,24,0,1849,24,1,0
02/17/2022,YUMA,0,2,0,0,2,0,1394,457,24,0,1851,24,2,0
02/22/2022,YUMA,0,1,0,0,1,0,1395,457,24,0,1852,24,1,0
02/25/2022,YUMA,0,1,0,0,1,0,1396,457,24,0,1853,24,1,0
02/26/2022,YUMA,0,1,0,0,1,0,1397,457,24,0,1854,24,1,0
03/04/2022,YUMA,0,1,0,0,1,0,1398,457,24,0,1855,24,1,0
