ReportedDate,countyassigned,NumProbable,NumConfirmed,NumProbDead,NumConfDead,TotalCases,TotalDead,CumConfirmed,CumProbable,CumConfDead,CumProbDead,TotalCumCases,TotalCumDead,DailyChangeCases,DailyChangeDead
03/01/2020,ADAMS,0,1,0,0,1,0,1,0,0,0,1,0,,
03/02/2020,,0,0,0,0,0,0,1,0,0,0,1,0,0,0
03/03/2020,,0,0,0,0,0,0,1,0,0,0,1,0,0,0
03/04/2020,,0,0,0,0,0,0,1,0,0,0,1,0,0,0
03/05/2020,UNALLOCATED,0,7,0,0,7,0,8,0,0,0,8,0,7,0
03/06/2020,ADAMS,1,0,0,0,1,0,8,1,0,0,9,0,1,0
03/07/2020,ARAPAHOE,2,0,0,0,2,0,8,3,0,0,11,0,2,0
03/08/2020,ARAPAHOE,1,0,0,0,1,0,8,4,0,0,12,0,1,0
03/09/2020,LARIMER,2,4,0,0,6,0,12,6,0,0,18,0,6,0
03/10/2020,JEFFERSON,0,6,0,0,6,0,18,6,0,0,24,0,6,0
03/11/2020,JEFFERSON,1,17,0,0,18,0,35,7,0,0,42,0,18,0
03/12/2020,JEFFERSON,2,9,0,0,11,0,44,9,0,0,53,0,11,0
03/13/2020,WELD,2,25,0,2,27,2,69,11,2,0,80,2,27,2
03/14/2020,WELD,4,28,0,1,32,1,97,15,3,0,112,3,32,1
03/15/2020,WELD,1,34,0,1,35,1,131,16,4,0,147,4,35,1
03/16/2020,JEFFERSON,1,33,0,0,34,0,164,17,4,0,181,4,34,0
03/17/2020,WELD,4,26,0,0,30,0,190,21,4,0,211,4,30,0
03/18/2020,YUMA,13,56,0,5,69,5,246,34,9,0,280,9,69,5
03/19/2020,WELD,12,71,0,2,83,2,317,46,11,0,363,11,83,2
03/20/2020,WELD,16,107,1,2,123,3,424,62,13,1,486,14,123,3
03/21/2020,WELD,10,109,0,12,119,12,533,72,25,1,605,26,119,12
03/22/2020,WELD,12,113,0,8,125,8,646,84,33,1,730,34,125,8
03/23/2020,WELD,26,171,0,15,197,15,817,110,48,1,927,49,197,15
03/24/2020,WELD,16,161,1,15,177,16,978,126,63,2,1104,65,177,16
03/25/2020,YUMA,24,289,0,19,313,19,1267,150,82,2,1417,84,313,19
03/26/2020,WELD,22,274,1,26,296,27,1541,172,108,3,1713,111,296,27
03/27/2020,WELD,38,292,1,36,330,37,1833,210,144,4,2043,148,330,37
03/28/2020,WELD,15,228,0,23,243,23,2061,225,167,4,2286,171,243,23
03/29/2020,WELD,25,310,0,23,335,23,2371,250,190,4,2621,194,335,23
03/30/2020,WELD,35,297,1,35,332,36,2668,285,225,5,2953,230,332,36
03/31/2020,WELD,27,357,2,41,384,43,3025,312,266,7,3337,273,384,43
04/01/2020,WELD,38,366,3,40,404,43,3391,350,306,10,3741,316,404,43
04/02/2020,WELD,42,408,1,47,450,48,3799,392,353,11,4191,364,450,48
04/03/2020,WELD,35,355,0,36,390,36,4154,427,389,11,4581,400,390,36
04/04/2020,WELD,36,352,1,38,388,39,4506,463,427,12,4969,439,388,39
04/05/2020,WELD,23,201,1,31,224,32,4707,486,458,13,5193,471,224,32
04/06/2020,WELD,38,232,1,27,270,28,4939,524,485,14,5463,499,270,28
04/07/2020,WELD,33,230,2,26,263,28,5169,557,511,16,5726,527,263,28
04/08/2020,WELD,46,506,0,71,552,71,5675,603,582,16,6278,598,552,71
04/09/2020,WELD,32,337,1,38,369,39,6012,635,620,17,6647,637,369,39
04/10/2020,WELD,23,415,1,48,438,49,6427,658,668,18,7085,686,438,49
04/11/2020,WELD,32,405,9,43,437,52,6832,690,711,27,7522,738,437,52
04/12/2020,WELD,26,358,5,40,384,45,7190,716,751,32,7906,783,384,45
04/13/2020,WELD,26,266,3,36,292,39,7456,742,787,35,8198,822,292,39
04/14/2020,WELD,30,286,4,37,316,41,7742,772,824,39,8514,863,316,41
04/15/2020,WELD,27,394,1,69,421,70,8136,799,893,40,8935,933,421,70
04/16/2020,WELD,24,328,1,40,352,41,8464,823,933,41,9287,974,352,41
04/17/2020,WELD,34,388,0,51,422,51,8852,857,984,41,9709,1025,422,51
04/18/2020,YUMA,17,254,0,28,271,28,9106,874,1012,41,9980,1053,271,28
04/19/2020,WELD,32,284,7,45,316,52,9390,906,1057,48,10296,1105,316,52
04/20/2020,WELD,45,256,6,33,301,39,9646,951,1090,54,10597,1144,301,39
04/21/2020,WELD,103,361,22,43,464,65,10007,1054,1133,76,11061,1209,464,65
04/22/2020,YUMA,59,345,9,45,404,54,10352,1113,1178,85,11465,1263,404,54
04/23/2020,YUMA,160,810,82,72,970,154,11162,1273,1250,167,12435,1417,970,154
04/24/2020,WELD,128,584,9,31,712,40,11746,1401,1281,176,13147,1457,712,40
04/25/2020,WELD,48,445,1,38,493,39,12191,1449,1319,177,13640,1496,493,39
04/26/2020,WELD,46,392,7,39,438,46,12583,1495,1358,184,14078,1542,438,46
04/27/2020,YUMA,70,431,13,31,501,44,13014,1565,1389,197,14579,1586,501,44
04/28/2020,YUMA,44,393,9,29,437,38,13407,1609,1418,206,15016,1624,437,38
04/29/2020,WELD,40,816,12,37,856,49,14223,1649,1455,218,15872,1673,856,49
04/30/2020,YUMA,47,418,1,36,465,37,14641,1696,1491,219,16337,1710,465,37
05/01/2020,WELD,32,440,3,36,472,39,15081,1728,1527,222,16809,1749,472,39
05/02/2020,YUMA,17,399,5,29,416,34,15480,1745,1556,227,17225,1783,416,34
05/03/2020,WELD,28,222,2,9,250,11,15702,1773,1565,229,17475,1794,250,11
05/04/2020,WELD,33,342,5,38,375,43,16044,1806,1603,234,17850,1837,375,43
05/05/2020,WELD,59,341,4,23,400,27,16385,1865,1626,238,18250,1864,400,27
05/06/2020,YUMA,25,431,6,18,456,24,16816,1890,1644,244,18706,1888,456,24
05/07/2020,WELD,30,435,3,28,465,31,17251,1920,1672,247,19171,1919,465,31
05/08/2020,WELD,13,545,2,42,558,44,17796,1933,1714,249,19729,1963,558,44
05/09/2020,WELD,13,348,1,21,361,22,18144,1946,1735,250,20090,1985,361,22
05/10/2020,WELD,10,215,1,14,225,15,18359,1956,1749,251,20315,2000,225,15
05/11/2020,WELD,33,219,8,12,252,20,18578,1989,1761,259,20567,2020,252,20
05/12/2020,WELD,53,249,30,16,302,46,18827,2042,1777,289,20869,2066,302,46
05/13/2020,WELD,21,429,3,31,450,34,19256,2063,1808,292,21319,2100,450,34
05/14/2020,WELD,52,376,21,15,428,36,19632,2115,1823,313,21747,2136,428,36
05/15/2020,WELD,38,401,19,14,439,33,20033,2153,1837,332,22186,2169,439,33
05/16/2020,WELD,35,305,18,19,340,37,20338,2188,1856,350,22526,2206,340,37
05/17/2020,WELD,12,215,0,18,227,18,20553,2200,1874,350,22753,2224,227,18
05/18/2020,WELD,19,260,5,16,279,21,20813,2219,1890,355,23032,2245,279,21
05/19/2020,WELD,22,269,14,23,291,37,21082,2241,1913,369,23323,2282,291,37
05/20/2020,YUMA,27,354,0,30,381,30,21436,2268,1943,369,23704,2312,381,30
05/21/2020,WELD,36,276,1,25,312,26,21712,2304,1968,370,24016,2338,312,26
05/22/2020,YUMA,27,444,2,22,471,24,22156,2331,1990,372,24487,2362,471,24
05/23/2020,WELD,14,217,1,14,231,15,22373,2345,2004,373,24718,2377,231,15
05/24/2020,YUMA,11,261,0,19,272,19,22634,2356,2023,373,24990,2396,272,19
05/25/2020,YUMA,12,301,0,19,313,19,22935,2368,2042,373,25303,2415,313,19
05/26/2020,WELD,37,170,18,10,207,28,23105,2405,2052,391,25510,2443,207,28
05/27/2020,YUMA,35,253,6,10,288,16,23358,2440,2062,397,25798,2459,288,16
05/28/2020,YUMA,30,319,2,17,349,19,23677,2470,2079,399,26147,2478,349,19
05/29/2020,WELD,16,480,1,13,496,14,24157,2486,2092,400,26643,2492,496,14
05/30/2020,WELD,8,302,0,13,310,13,24459,2494,2105,400,26953,2505,310,13
05/31/2020,YUMA,11,143,0,4,154,4,24602,2505,2109,400,27107,2509,154,4
06/01/2020,WELD,19,201,4,13,220,17,24803,2524,2122,404,27327,2526,220,17
06/02/2020,WELD,16,233,2,9,249,11,25036,2540,2131,406,27576,2537,249,11
06/03/2020,YUMA,15,293,5,7,308,12,25329,2555,2138,411,27884,2549,308,12
06/04/2020,YUMA,16,267,4,15,283,19,25596,2571,2153,415,28167,2568,283,19
06/05/2020,WELD,13,229,0,6,242,6,25825,2584,2159,415,28409,2574,242,6
06/06/2020,YUMA,14,154,0,10,168,10,25979,2598,2169,415,28577,2584,168,10
06/07/2020,YUMA,2,132,0,3,134,3,26111,2600,2172,415,28711,2587,134,3
06/08/2020,WELD,19,165,3,4,184,7,26276,2619,2176,418,28895,2594,184,7
06/09/2020,WELD,21,113,4,7,134,11,26389,2640,2183,422,29029,2605,134,11
06/10/2020,WELD,9,120,0,4,129,4,26509,2649,2187,422,29158,2609,129,4
06/11/2020,WELD,6,234,0,10,240,10,26743,2655,2197,422,29398,2619,240,10
06/12/2020,WELD,15,223,0,14,238,14,26966,2670,2211,422,29636,2633,238,14
06/13/2020,YUMA,9,116,0,9,125,9,27082,2679,2220,422,29761,2642,125,9
06/14/2020,YUMA,2,134,0,7,136,7,27216,2681,2227,422,29897,2649,136,7
06/15/2020,WELD,15,129,1,6,144,7,27345,2696,2233,423,30041,2656,144,7
06/16/2020,WELD,28,225,3,19,253,22,27570,2724,2252,426,30294,2678,253,22
06/17/2020,WELD,21,234,3,5,255,8,27804,2745,2257,429,30549,2686,255,8
06/18/2020,WELD,38,312,1,12,350,13,28116,2783,2269,430,30899,2699,350,13
06/19/2020,WELD,12,169,0,5,181,5,28285,2795,2274,430,31080,2704,181,5
06/20/2020,YUMA,3,203,1,4,206,5,28488,2798,2278,431,31286,2709,206,5
06/21/2020,WELD,1,142,0,2,143,2,28630,2799,2280,431,31429,2711,143,2
06/22/2020,YUMA,26,176,2,7,202,9,28806,2825,2287,433,31631,2720,202,9
06/23/2020,WELD,31,226,0,3,257,3,29032,2856,2290,433,31888,2723,257,3
06/24/2020,WELD,12,249,0,3,261,3,29281,2868,2293,433,32149,2726,261,3
06/25/2020,WELD,42,288,2,4,330,6,29569,2910,2297,435,32479,2732,330,6
06/26/2020,WELD,24,264,3,6,288,9,29833,2934,2303,438,32767,2741,288,9
06/27/2020,WELD,11,285,1,4,296,5,30118,2945,2307,439,33063,2746,296,5
06/28/2020,YUMA,2,168,0,8,170,8,30286,2947,2315,439,33233,2754,170,8
06/29/2020,WELD,15,204,1,6,219,7,30490,2962,2321,440,33452,2761,219,7
06/30/2020,WELD,6,284,0,7,290,7,30774,2968,2328,440,33742,2768,290,7
07/01/2020,WELD,31,369,8,8,400,16,31143,2999,2336,448,34142,2784,400,16
07/02/2020,WELD,20,348,1,6,368,7,31491,3019,2342,449,34510,2791,368,7
07/03/2020,YUMA,9,287,0,5,296,5,31778,3028,2347,449,34806,2796,296,5
07/04/2020,WELD,8,220,0,2,228,2,31998,3036,2349,449,35034,2798,228,2
07/05/2020,WELD,5,181,0,2,186,2,32179,3041,2351,449,35220,2800,186,2
07/06/2020,WELD,32,360,0,8,392,8,32539,3073,2359,449,35612,2808,392,8
07/07/2020,YUMA,20,337,0,6,357,6,32876,3093,2365,449,35969,2814,357,6
07/08/2020,WELD,13,400,1,9,413,10,33276,3106,2374,450,36382,2824,413,10
07/09/2020,WELD,11,623,0,7,634,7,33899,3117,2381,450,37016,2831,634,7
07/10/2020,WELD,20,432,0,6,452,6,34331,3137,2387,450,37468,2837,452,6
07/11/2020,WELD,12,366,0,10,378,10,34697,3149,2397,450,37846,2847,378,10
07/12/2020,WELD,7,365,0,3,372,3,35062,3156,2400,450,38218,2850,372,3
07/13/2020,WELD,25,401,3,3,426,6,35463,3181,2403,453,38644,2856,426,6
07/14/2020,YUMA,17,398,1,13,415,14,35861,3198,2416,454,39059,2870,415,14
07/15/2020,WELD,12,588,1,12,600,13,36449,3210,2428,455,39659,2883,600,13
07/16/2020,WELD,15,573,0,4,588,4,37022,3225,2432,455,40247,2887,588,4
07/17/2020,WELD,28,504,0,16,532,16,37526,3253,2448,455,40779,2903,532,16
07/18/2020,YUMA,5,364,0,9,369,9,37890,3258,2457,455,41148,2912,369,9
07/19/2020,WELD,8,424,0,5,432,5,38314,3266,2462,455,41580,2917,432,5
07/20/2020,WELD,14,549,1,5,563,6,38863,3280,2467,456,42143,2923,563,6
07/21/2020,WELD,24,601,2,11,625,13,39464,3304,2478,458,42768,2936,625,13
07/22/2020,WELD,22,588,0,14,610,14,40052,3326,2492,458,43378,2950,610,14
07/23/2020,WELD,30,694,0,9,724,9,40746,3356,2501,458,44102,2959,724,9
07/24/2020,YUMA,28,776,0,15,804,15,41522,3384,2516,458,44906,2974,804,15
07/25/2020,WELD,19,565,0,9,584,9,42087,3403,2525,458,45490,2983,584,9
07/26/2020,WELD,5,195,0,3,200,3,42282,3408,2528,458,45690,2986,200,3
07/27/2020,WELD,47,835,1,2,882,3,43117,3455,2530,459,46572,2989,882,3
07/28/2020,WELD,31,466,1,5,497,6,43583,3486,2535,460,47069,2995,497,6
07/29/2020,WELD,26,443,0,5,469,5,44026,3512,2540,460,47538,3000,469,5
07/30/2020,YUMA,27,571,0,15,598,15,44597,3539,2555,460,48136,3015,598,15
07/31/2020,WELD,20,537,4,4,557,8,45134,3559,2559,464,48693,3023,557,8
08/01/2020,WELD,16,419,0,1,435,1,45553,3575,2560,464,49128,3024,435,1
08/02/2020,WELD,2,248,0,0,250,0,45801,3577,2560,464,49378,3024,250,0
08/03/2020,WELD,27,504,0,1,531,1,46305,3604,2561,464,49909,3025,531,1
08/04/2020,YUMA,39,509,0,1,548,1,46814,3643,2562,464,50457,3026,548,1
08/05/2020,WELD,31,383,0,1,414,1,47197,3674,2563,464,50871,3027,414,1
08/06/2020,WELD,30,417,0,3,447,3,47614,3704,2566,464,51318,3030,447,3
08/07/2020,WELD,31,427,0,4,458,4,48041,3735,2570,464,51776,3034,458,4
08/08/2020,WELD,15,291,0,4,306,4,48332,3750,2574,464,52082,3038,306,4
08/09/2020,WELD,18,280,0,3,298,3,48612,3768,2577,464,52380,3041,298,3
08/10/2020,WELD,30,264,2,2,294,4,48876,3798,2579,466,52674,3045,294,4
08/11/2020,WELD,25,219,0,2,244,2,49095,3823,2581,466,52918,3047,244,2
08/12/2020,WELD,40,421,0,3,461,3,49516,3863,2584,466,53379,3050,461,3
08/13/2020,WELD,31,374,0,1,405,1,49890,3894,2585,466,53784,3051,405,1
08/14/2020,WELD,19,263,0,3,282,3,50153,3913,2588,466,54066,3054,282,3
08/15/2020,WELD,12,345,0,1,357,1,50498,3925,2589,466,54423,3055,357,1
08/16/2020,WELD,8,168,0,0,176,0,50666,3933,2589,466,54599,3055,176,0
08/17/2020,WELD,39,231,0,1,270,1,50897,3972,2590,466,54869,3056,270,1
08/18/2020,WELD,40,278,0,2,318,2,51175,4012,2592,466,55187,3058,318,2
08/19/2020,WELD,38,340,0,5,378,5,51515,4050,2597,466,55565,3063,378,5
08/20/2020,WELD,24,368,0,6,392,6,51883,4074,2603,466,55957,3069,392,6
08/21/2020,WELD,22,288,1,1,310,2,52171,4096,2604,467,56267,3071,310,2
08/22/2020,WELD,15,257,0,3,272,3,52428,4111,2607,467,56539,3074,272,3
08/23/2020,WELD,9,190,0,1,199,1,52618,4120,2608,467,56738,3075,199,1
08/24/2020,WELD,37,279,1,1,316,2,52897,4157,2609,468,57054,3077,316,2
08/25/2020,WELD,37,214,0,3,251,3,53111,4194,2612,468,57305,3080,251,3
08/26/2020,WELD,17,349,0,9,366,9,53460,4211,2621,468,57671,3089,366,9
08/27/2020,WELD,31,403,0,8,434,8,53863,4242,2629,468,58105,3097,434,8
08/28/2020,WELD,34,283,2,6,317,8,54146,4276,2635,470,58422,3105,317,8
08/29/2020,WELD,11,214,1,3,225,4,54360,4287,2638,471,58647,3109,225,4
08/30/2020,WELD,13,177,0,2,190,2,54537,4300,2640,471,58837,3111,190,2
08/31/2020,YUMA,68,300,0,6,368,6,54837,4368,2646,471,59205,3117,368,6
09/01/2020,WELD,33,201,0,4,234,4,55038,4401,2650,471,59439,3121,234,4
09/02/2020,YUMA,40,273,2,3,313,5,55311,4441,2653,473,59752,3126,313,5
09/03/2020,WELD,37,358,1,4,395,5,55669,4478,2657,474,60147,3131,395,5
09/04/2020,YUMA,27,299,0,7,326,7,55968,4505,2664,474,60473,3138,326,7
09/05/2020,WELD,16,265,0,1,281,1,56233,4521,2665,474,60754,3139,281,1
09/06/2020,YUMA,19,228,1,1,247,2,56461,4540,2666,475,61001,3141,247,2
09/07/2020,YUMA,17,176,1,2,193,3,56637,4557,2668,476,61194,3144,193,3
09/08/2020,YUMA,44,271,1,3,315,4,56908,4601,2671,477,61509,3148,315,4
09/09/2020,WELD,62,200,0,5,262,5,57108,4663,2676,477,61771,3153,262,5
09/10/2020,WELD,57,309,0,4,366,4,57417,4720,2680,477,62137,3157,366,4
09/11/2020,YUMA,44,367,0,9,411,9,57784,4764,2689,477,62548,3166,411,9
09/12/2020,YUMA,30,430,1,1,460,2,58214,4794,2690,478,63008,3168,460,2
09/13/2020,WELD,30,372,0,1,402,1,58586,4824,2691,478,63410,3169,402,1
09/14/2020,YUMA,93,352,0,1,445,1,58938,4917,2692,478,63855,3170,445,1
09/15/2020,YUMA,77,416,1,7,493,8,59354,4994,2699,479,64348,3178,493,8
09/16/2020,YUMA,71,435,0,3,506,3,59789,5065,2702,479,64854,3181,506,3
09/17/2020,WELD,44,581,0,1,625,1,60370,5109,2703,479,65479,3182,625,1
09/18/2020,WELD,52,603,0,4,655,4,60973,5161,2707,479,66134,3186,655,4
09/19/2020,YUMA,29,475,2,3,504,5,61448,5190,2710,481,66638,3191,504,5
09/20/2020,YUMA,9,537,0,1,546,1,61985,5199,2711,481,67184,3192,546,1
09/21/2020,YUMA,66,588,0,4,654,4,62573,5265,2715,481,67838,3196,654,4
09/22/2020,YUMA,49,572,0,3,621,3,63145,5314,2718,481,68459,3199,621,3
09/23/2020,YUMA,68,584,1,7,652,8,63729,5382,2725,482,69111,3207,652,8
09/24/2020,YUMA,66,644,1,4,710,5,64373,5448,2729,483,69821,3212,710,5
09/25/2020,YUMA,41,596,0,6,637,6,64969,5489,2735,483,70458,3218,637,6
09/26/2020,YUMA,34,574,0,4,608,4,65543,5523,2739,483,71066,3222,608,4
09/27/2020,YUMA,35,439,0,2,474,2,65982,5558,2741,483,71540,3224,474,2
09/28/2020,YUMA,72,481,0,5,553,5,66463,5630,2746,483,72093,3229,553,5
09/29/2020,YUMA,36,492,1,5,528,6,66955,5666,2751,484,72621,3235,528,6
09/30/2020,YUMA,45,668,1,9,713,10,67623,5711,2760,485,73334,3245,713,10
10/01/2020,YUMA,58,678,0,3,736,3,68301,5769,2763,485,74070,3248,736,3
10/02/2020,WELD,47,634,0,4,681,4,68935,5816,2767,485,74751,3252,681,4
10/03/2020,YUMA,45,524,0,2,569,2,69459,5861,2769,485,75320,3254,569,2
10/04/2020,YUMA,9,523,0,5,532,5,69982,5870,2774,485,75852,3259,532,5
10/05/2020,YUMA,49,579,0,8,628,8,70561,5919,2782,485,76480,3267,628,8
10/06/2020,YUMA,93,716,0,6,809,6,71277,6012,2788,485,77289,3273,809,6
10/07/2020,YUMA,107,819,0,6,926,6,72096,6119,2794,485,78215,3279,926,6
10/08/2020,YUMA,68,789,3,8,857,11,72885,6187,2802,488,79072,3290,857,11
10/09/2020,YUMA,48,1001,1,8,1049,9,73886,6235,2810,489,80121,3299,1049,9
10/10/2020,YUMA,37,872,0,2,909,2,74758,6272,2812,489,81030,3301,909,2
10/11/2020,YUMA,58,576,1,3,634,4,75334,6330,2815,490,81664,3305,634,4
10/12/2020,YUMA,101,1095,0,4,1196,4,76429,6431,2819,490,82860,3309,1196,4
10/13/2020,WELD,95,708,1,3,803,4,77137,6526,2822,491,83663,3313,803,4
10/14/2020,YUMA,89,1172,1,1,1261,2,78309,6615,2823,492,84924,3315,1261,2
10/15/2020,YUMA,110,1186,1,8,1296,9,79495,6725,2831,493,86220,3324,1296,9
10/16/2020,YUMA,177,1043,4,5,1220,9,80538,6902,2836,497,87440,3333,1220,9
10/17/2020,WELD,35,1018,1,12,1053,13,81556,6937,2848,498,88493,3346,1053,13
10/18/2020,YUMA,86,1123,0,13,1209,13,82679,7023,2861,498,89702,3359,1209,13
10/19/2020,YUMA,90,1026,0,11,1116,11,83705,7113,2872,498,90818,3370,1116,11
10/20/2020,YUMA,96,1041,1,17,1137,18,84746,7209,2889,499,91955,3388,1137,18
10/21/2020,YUMA,92,1479,1,15,1571,16,86225,7301,2904,500,93526,3404,1571,16
10/22/2020,YUMA,86,1505,1,25,1591,26,87730,7387,2929,501,95117,3430,1591,26
10/23/2020,YUMA,91,1733,3,19,1824,22,89463,7478,2948,504,96941,3452,1824,22
10/24/2020,WELD,50,1678,3,10,1728,13,91141,7528,2958,507,98669,3465,1728,13
10/25/2020,YUMA,113,2237,1,26,2350,27,93378,7641,2984,508,101019,3492,2350,27
10/26/2020,YUMA,135,1364,1,16,1499,17,94742,7776,3000,509,102518,3509,1499,17
10/27/2020,YUMA,138,1269,2,24,1407,26,96011,7914,3024,511,103925,3535,1407,26
10/28/2020,YUMA,136,1755,1,26,1891,27,97766,8050,3050,512,105816,3562,1891,27
10/29/2020,YUMA,185,2444,4,25,2629,29,100210,8235,3075,516,108445,3591,2629,29
10/30/2020,YUMA,90,2888,0,33,2978,33,103098,8325,3108,516,111423,3624,2978,33
10/31/2020,WELD,83,2710,0,31,2793,31,105808,8408,3139,516,114216,3655,2793,31
11/01/2020,YUMA,70,2453,1,21,2523,22,108261,8478,3160,517,116739,3677,2523,22
11/02/2020,YUMA,119,2646,2,32,2765,34,110907,8597,3192,519,119504,3711,2765,34
11/03/2020,YUMA,131,2975,2,24,3106,26,113882,8728,3216,521,122610,3737,3106,26
11/04/2020,WELD,130,3568,1,44,3698,45,117450,8858,3260,522,126308,3782,3698,45
11/05/2020,YUMA,168,3782,2,30,3950,32,121232,9026,3290,524,130258,3814,3950,32
11/06/2020,YUMA,166,3841,0,28,4007,28,125073,9192,3318,524,134265,3842,4007,28
11/07/2020,YUMA,67,3435,0,24,3502,24,128508,9259,3342,524,137767,3866,3502,24
11/08/2020,YUMA,54,3950,0,30,4004,30,132458,9313,3372,524,141771,3896,4004,30
11/09/2020,YUMA,142,3781,3,37,3923,40,136239,9455,3409,527,145694,3936,3923,40
11/10/2020,YUMA,154,3920,0,56,4074,56,140159,9609,3465,527,149768,3992,4074,56
11/11/2020,YUMA,259,5417,10,40,5676,50,145576,9868,3505,537,155444,4042,5676,50
11/12/2020,YUMA,276,6667,1,48,6943,49,152243,10144,3553,538,162387,4091,6943,49
11/13/2020,YUMA,206,5192,3,54,5398,57,157435,10350,3607,541,167785,4148,5398,57
11/14/2020,WELD,66,4399,0,39,4465,39,161834,10416,3646,541,172250,4187,4465,39
11/15/2020,WELD,90,4038,0,30,4128,30,165872,10506,3676,541,176378,4217,4128,30
11/16/2020,YUMA,256,4464,5,58,4720,63,170336,10762,3734,546,181098,4280,4720,63
11/17/2020,YUMA,213,5058,6,46,5271,52,175394,10975,3780,552,186369,4332,5271,52
11/18/2020,YUMA,226,6184,5,53,6410,58,181578,11201,3833,557,192779,4390,6410,58
11/19/2020,YUMA,163,6096,2,70,6259,72,187674,11364,3903,559,199038,4462,6259,72
11/20/2020,YUMA,299,5960,2,66,6259,68,193634,11663,3969,561,205297,4530,6259,68
11/21/2020,YUMA,63,4338,1,50,4401,51,197972,11726,4019,562,209698,4581,4401,51
11/22/2020,YUMA,135,4352,1,41,4487,42,202324,11861,4060,563,214185,4623,4487,42
11/23/2020,YUMA,325,3695,4,60,4020,64,206019,12186,4120,567,218205,4687,4020,64
11/24/2020,YUMA,157,3963,3,55,4120,58,209982,12343,4175,570,222325,4745,4120,58
11/25/2020,YUMA,130,6237,6,61,6367,67,216219,12473,4236,576,228692,4812,6367,67
11/26/2020,YUMA,103,4523,3,78,4626,81,220742,12576,4314,579,233318,4893,4626,81
11/27/2020,YUMA,138,4786,9,84,4924,93,225528,12714,4398,588,238242,4986,4924,93
11/28/2020,YUMA,54,4060,0,51,4114,51,229588,12768,4449,588,242356,5037,4114,51
11/29/2020,YUMA,85,4523,1,63,4608,64,234111,12853,4512,589,246964,5101,4608,64
11/30/2020,YUMA,330,4753,8,70,5083,78,238864,13183,4582,597,252047,5179,5083,78
12/01/2020,YUMA,183,4152,6,64,4335,70,243016,13366,4646,603,256382,5249,4335,70
12/02/2020,YUMA,172,6262,4,77,6434,81,249278,13538,4723,607,262816,5330,6434,81
12/03/2020,YUMA,161,5770,7,78,5931,85,255048,13699,4801,614,268747,5415,5931,85
12/04/2020,YUMA,284,4534,5,48,4818,53,259582,13983,4849,619,273565,5468,4818,53
12/05/2020,YUMA,131,3562,0,51,3693,51,263144,14114,4900,619,277258,5519,3693,51
12/06/2020,YUMA,100,4186,1,63,4286,64,267330,14214,4963,620,281544,5583,4286,64
12/07/2020,YUMA,174,3912,9,42,4086,51,271242,14388,5005,629,285630,5634,4086,51
12/08/2020,YUMA,255,3486,1,62,3741,63,274728,14643,5067,630,289371,5697,3741,63
12/09/2020,YUMA,223,4594,13,61,4817,74,279322,14866,5128,643,294188,5771,4817,74
12/10/2020,YUMA,215,3988,7,54,4203,61,283310,15081,5182,650,298391,5832,4203,61
12/11/2020,YUMA,167,3871,9,42,4038,51,287181,15248,5224,659,302429,5883,4038,51
12/12/2020,YUMA,78,2705,2,37,2783,39,289886,15326,5261,661,305212,5922,2783,39
12/13/2020,YUMA,71,2933,0,34,3004,34,292819,15397,5295,661,308216,5956,3004,34
12/14/2020,YUMA,220,1805,9,47,2025,56,294624,15617,5342,670,310241,6012,2025,56
12/15/2020,YUMA,203,2774,4,35,2977,39,297398,15820,5377,674,313218,6051,2977,39
12/16/2020,YUMA,188,3447,9,35,3635,44,300845,16008,5412,683,316853,6095,3635,44
12/17/2020,YUMA,164,3136,5,39,3300,44,303981,16172,5451,688,320153,6139,3300,44
12/18/2020,YUMA,161,2206,5,30,2367,35,306187,16333,5481,693,322520,6174,2367,35
12/19/2020,YUMA,98,2193,0,26,2291,26,308380,16431,5507,693,324811,6200,2291,26
12/20/2020,YUMA,65,1961,0,9,2026,9,310341,16496,5516,693,326837,6209,2026,9
12/21/2020,YUMA,259,1911,8,27,2170,35,312252,16755,5543,701,329007,6244,2170,35
12/22/2020,YUMA,171,2418,5,25,2589,30,314670,16926,5568,706,331596,6274,2589,30
12/23/2020,YUMA,171,2400,2,21,2571,23,317070,17097,5589,708,334167,6297,2571,23
12/24/2020,YUMA,149,2641,1,32,2790,33,319711,17246,5621,709,336957,6330,2790,33
12/25/2020,YUMA,51,1248,0,22,1299,22,320959,17297,5643,709,338256,6352,1299,22
12/26/2020,YUMA,88,1344,1,27,1432,28,322303,17385,5670,710,339688,6380,1432,28
12/27/2020,YUMA,113,1655,0,20,1768,20,323958,17498,5690,710,341456,6400,1768,20
12/28/2020,YUMA,242,1216,12,18,1458,30,325174,17740,5708,722,342914,6430,1458,30
12/29/2020,YUMA,170,1939,2,14,2109,16,327113,17910,5722,724,345023,6446,2109,16
12/30/2020,YUMA,202,2662,3,17,2864,20,329775,18112,5739,727,347887,6466,2864,20
12/31/2020,YUMA,219,2606,4,27,2825,31,332381,18331,5766,731,350712,6497,2825,31
01/01/2021,YUMA,56,1855,0,21,1911,21,334236,18387,5787,731,352623,6518,1911,21
01/02/2021,YUMA,96,1826,0,19,1922,19,336062,18483,5806,731,354545,6537,1922,19
01/03/2021,PUEBLO,116,1951,1,14,2067,15,338013,18599,5820,732,356612,6552,2067,15
01/04/2021,YUMA,220,1453,7,21,1673,28,339466,18819,5841,739,358285,6580,1673,28
01/05/2021,YUMA,263,1953,1,9,2216,10,341419,19082,5850,740,360501,6590,2216,10
01/06/2021,YUMA,259,3216,2,26,3475,28,344635,19341,5876,742,363976,6618,3475,28
01/07/2021,YUMA,178,3033,1,26,3211,27,347668,19519,5902,743,367187,6645,3211,27
01/08/2021,YUMA,188,2766,0,25,2954,25,350434,19707,5927,743,370141,6670,2954,25
01/09/2021,YUMA,179,2040,0,19,2219,19,352474,19886,5946,743,372360,6689,2219,19
01/10/2021,YUMA,59,1615,0,16,1674,16,354089,19945,5962,743,374034,6705,1674,16
01/11/2021,YUMA,224,1410,7,19,1634,26,355499,20169,5981,750,375668,6731,1634,26
01/12/2021,YUMA,235,2198,4,18,2433,22,357697,20404,5999,754,378101,6753,2433,22
01/13/2021,YUMA,291,2091,2,27,2382,29,359788,20695,6026,756,380483,6782,2382,29
01/14/2021,YUMA,162,1983,0,21,2145,21,361771,20857,6047,756,382628,6803,2145,21
01/15/2021,YUMA,194,1899,2,20,2093,22,363670,21051,6067,758,384721,6825,2093,22
01/16/2021,YUMA,89,1477,1,15,1566,16,365147,21140,6082,759,386287,6841,1566,16
01/17/2021,WELD,66,901,0,14,967,14,366048,21206,6096,759,387254,6855,967,14
01/18/2021,YUMA,145,1552,0,15,1697,15,367600,21351,6111,759,388951,6870,1697,15
01/19/2021,YUMA,211,1244,6,14,1455,20,368844,21562,6125,765,390406,6890,1455,20
01/20/2021,YUMA,223,1851,2,19,2074,21,370695,21785,6144,767,392480,6911,2074,21
01/21/2021,YUMA,158,1669,0,11,1827,11,372364,21943,6155,767,394307,6922,1827,11
01/22/2021,YUMA,138,1800,2,15,1938,17,374164,22081,6170,769,396245,6939,1938,17
01/23/2021,YUMA,95,1277,0,12,1372,12,375441,22176,6182,769,397617,6951,1372,12
01/24/2021,YUMA,91,1131,0,3,1222,3,376572,22267,6185,769,398839,6954,1222,3
01/25/2021,YUMA,158,853,2,18,1011,20,377425,22425,6203,771,399850,6974,1011,20
01/26/2021,YUMA,136,1365,0,11,1501,11,378790,22561,6214,771,401351,6985,1501,11
01/27/2021,YUMA,124,1451,1,13,1575,14,380241,22685,6227,772,402926,6999,1575,14
01/28/2021,YUMA,156,1517,2,6,1673,8,381758,22841,6233,774,404599,7007,1673,8
01/29/2021,YUMA,162,1394,0,6,1556,6,383152,23003,6239,774,406155,7013,1556,6
01/30/2021,YUMA,95,1115,0,16,1210,16,384267,23098,6255,774,407365,7029,1210,16
01/31/2021,LARIMER,66,848,0,1,914,1,385115,23164,6256,774,408279,7030,914,1
02/01/2021,YUMA,196,736,1,5,932,6,385851,23360,6261,775,409211,7036,932,6
02/02/2021,YUMA,220,1212,0,9,1432,9,387063,23580,6270,775,410643,7045,1432,9
02/03/2021,YUMA,171,1410,0,19,1581,19,388473,23751,6289,775,412224,7064,1581,19
02/04/2021,PUEBLO,189,1733,4,12,1922,16,390206,23940,6301,779,414146,7080,1922,16
02/05/2021,YUMA,171,1198,1,5,1369,6,391404,24111,6306,780,415515,7086,1369,6
02/06/2021,YUMA,111,990,0,8,1101,8,392394,24222,6314,780,416616,7094,1101,8
02/07/2021,YUMA,122,732,0,4,854,4,393126,24344,6318,780,417470,7098,854,4
02/08/2021,YUMA,136,701,2,5,837,7,393827,24480,6323,782,418307,7105,837,7
02/09/2021,PUEBLO,145,1055,0,5,1200,5,394882,24625,6328,782,419507,7110,1200,5
02/10/2021,YUMA,95,1448,3,10,1543,13,396330,24720,6338,785,421050,7123,1543,13
02/11/2021,YUMA,144,1308,1,2,1452,3,397638,24864,6340,786,422502,7126,1452,3
02/12/2021,YUMA,110,1048,1,4,1158,5,398686,24974,6344,787,423660,7131,1158,5
02/13/2021,PROWERS,70,777,0,5,847,5,399463,25044,6349,787,424507,7136,847,5
02/14/2021,PITKIN,84,550,0,2,634,2,400013,25128,6351,787,425141,7138,634,2
02/15/2021,PUEBLO,123,501,0,2,624,2,400514,25251,6353,787,425765,7140,624,2
02/16/2021,PUEBLO,165,951,4,3,1116,7,401465,25416,6356,791,426881,7147,1116,7
02/17/2021,YUMA,146,1124,2,6,1270,8,402589,25562,6362,793,428151,7155,1270,8
02/18/2021,PUEBLO,114,1147,1,12,1261,13,403736,25676,6374,794,429412,7168,1261,13
02/19/2021,PUEBLO,147,948,0,4,1095,4,404684,25823,6378,794,430507,7172,1095,4
02/20/2021,PUEBLO,74,863,0,6,937,6,405547,25897,6384,794,431444,7178,937,6
02/21/2021,YUMA,57,654,1,1,711,2,406201,25954,6385,795,432155,7180,711,2
02/22/2021,JEFFERSON,179,876,3,2,1055,5,407077,26133,6387,798,433210,7185,1055,5
02/23/2021,YUMA,160,1166,1,6,1326,7,408243,26293,6393,799,434536,7192,1326,7
02/24/2021,YUMA,147,1193,0,3,1340,3,409436,26440,6396,799,435876,7195,1340,3
02/25/2021,YUMA,141,1186,0,10,1327,10,410622,26581,6406,799,437203,7205,1327,10
02/26/2021,PITKIN,159,943,0,4,1102,4,411565,26740,6410,799,438305,7209,1102,4
02/27/2021,YUMA,75,834,0,2,909,2,412399,26815,6412,799,439214,7211,909,2
02/28/2021,YUMA,62,640,0,5,702,5,413039,26877,6417,799,439916,7216,702,5
03/01/2021,YUMA,182,691,2,2,873,4,413730,27059,6419,801,440789,7220,873,4
03/02/2021,PUEBLO,184,997,0,3,1181,3,414727,27243,6422,801,441970,7223,1181,3
03/03/2021,YUMA,121,1184,2,6,1305,8,415911,27364,6428,803,443275,7231,1305,8
03/04/2021,YUMA,123,1078,1,7,1201,8,416989,27487,6435,804,444476,7239,1201,8
03/05/2021,YUMA,90,921,0,3,1011,3,417910,27577,6438,804,445487,7242,1011,3
03/06/2021,YUMA,63,834,0,4,897,4,418744,27640,6442,804,446384,7246,897,4
03/07/2021,PITKIN,69,583,0,3,652,3,419327,27709,6445,804,447036,7249,652,3
03/08/2021,YUMA,199,620,1,2,819,3,419947,27908,6447,805,447855,7252,819,3
03/09/2021,YUMA,114,924,0,8,1038,8,420871,28022,6455,805,448893,7260,1038,8
03/10/2021,YUMA,146,1095,1,9,1241,10,421966,28168,6464,806,450134,7270,1241,10
03/11/2021,JEFFERSON,141,1115,0,4,1256,4,423081,28309,6468,806,451390,7274,1256,4
03/12/2021,YUMA,116,1156,2,3,1272,5,424237,28425,6471,808,452662,7279,1272,5
03/13/2021,YUMA,51,1054,0,5,1105,5,425291,28476,6476,808,453767,7284,1105,5
03/14/2021,PITKIN,28,327,0,3,355,3,425618,28504,6479,808,454122,7287,355,3
03/15/2021,YUMA,91,233,2,1,324,3,425851,28595,6480,810,454446,7290,324,3
03/16/2021,YUMA,142,657,0,2,799,2,426508,28737,6482,810,455245,7292,799,2
03/17/2021,YUMA,129,1229,1,4,1358,5,427737,28866,6486,811,456603,7297,1358,5
03/18/2021,YUMA,125,1629,0,10,1754,10,429366,28991,6496,811,458357,7307,1754,10
03/19/2021,YUMA,147,1145,0,5,1292,5,430511,29138,6501,811,459649,7312,1292,5
03/20/2021,YUMA,89,809,0,1,898,1,431320,29227,6502,811,460547,7313,898,1
03/21/2021,PITKIN,64,208,0,0,272,0,431528,29291,6502,811,460819,7313,272,0
03/22/2021,YUMA,168,1123,0,4,1291,4,432651,29459,6506,811,462110,7317,1291,4
03/23/2021,YUMA,143,1054,0,2,1197,2,433705,29602,6508,811,463307,7319,1197,2
03/24/2021,YUMA,156,1131,3,4,1287,7,434836,29758,6512,814,464594,7326,1287,7
03/25/2021,YUMA,139,1235,1,4,1374,5,436071,29897,6516,815,465968,7331,1374,5
03/26/2021,YUMA,121,1153,0,2,1274,2,437224,30018,6518,815,467242,7333,1274,2
03/27/2021,PUEBLO,89,980,0,5,1069,5,438204,30107,6523,815,468311,7338,1069,5
03/28/2021,PUEBLO,94,743,0,1,837,1,438947,30201,6524,815,469148,7339,837,1
03/29/2021,YUMA,177,977,2,5,1154,7,439924,30378,6529,817,470302,7346,1154,7
03/30/2021,YUMA,169,1213,4,4,1382,8,441137,30547,6533,821,471684,7354,1382,8
03/31/2021,YUMA,202,1472,3,8,1674,11,442609,30749,6541,824,473358,7365,1674,11
04/01/2021,PUEBLO,171,1526,1,9,1697,10,444135,30920,6550,825,475055,7375,1697,10
04/02/2021,YUMA,135,1424,0,6,1559,6,445559,31055,6556,825,476614,7381,1559,6
04/03/2021,PUEBLO,120,1356,0,5,1476,5,446915,31175,6561,825,478090,7386,1476,5
04/04/2021,PROWERS,72,907,0,4,979,4,447822,31247,6565,825,479069,7390,979,4
04/05/2021,PROWERS,169,863,1,5,1032,6,448685,31416,6570,826,480101,7396,1032,6
04/06/2021,YUMA,202,1816,0,8,2018,8,450501,31618,6578,826,482119,7404,2018,8
04/07/2021,PUEBLO,179,1683,0,5,1862,5,452184,31797,6583,826,483981,7409,1862,5
04/08/2021,YUMA,178,1713,2,8,1891,10,453897,31975,6591,828,485872,7419,1891,10
04/09/2021,YUMA,181,1488,0,9,1669,9,455385,32156,6600,828,487541,7428,1669,9
04/10/2021,PUEBLO,96,1282,0,3,1378,3,456667,32252,6603,828,488919,7431,1378,3
04/11/2021,PUEBLO,89,903,0,4,992,4,457570,32341,6607,828,489911,7435,992,4
04/12/2021,PUEBLO,187,1501,0,7,1688,7,459071,32528,6614,828,491599,7442,1688,7
04/13/2021,PUEBLO,211,1632,0,12,1843,12,460703,32739,6626,828,493442,7454,1843,12
04/14/2021,YUMA,161,1512,2,14,1673,16,462215,32900,6640,830,495115,7470,1673,16
04/15/2021,PROWERS,151,1911,0,6,2062,6,464126,33051,6646,830,497177,7476,2062,6
04/16/2021,YUMA,152,1420,2,7,1572,9,465546,33203,6653,832,498749,7485,1572,9
04/17/2021,YUMA,93,1333,0,7,1426,7,466879,33296,6660,832,500175,7492,1426,7
04/18/2021,PUEBLO,80,831,0,3,911,3,467710,33376,6663,832,501086,7495,911,3
04/19/2021,YUMA,215,1543,3,11,1758,14,469253,33591,6674,835,502844,7509,1758,14
04/20/2021,PUEBLO,153,1558,0,6,1711,6,470811,33744,6680,835,504555,7515,1711,6
04/21/2021,YUMA,189,2208,5,8,2397,13,473019,33933,6688,840,506952,7528,2397,13
04/22/2021,YUMA,176,1742,1,16,1918,17,474761,34109,6704,841,508870,7545,1918,17
04/23/2021,YUMA,179,1707,2,13,1886,15,476468,34288,6717,843,510756,7560,1886,15
04/24/2021,YUMA,102,1622,0,8,1724,8,478090,34390,6725,843,512480,7568,1724,8
04/25/2021,PUEBLO,63,934,0,9,997,9,479024,34453,6734,843,513477,7577,997,9
04/26/2021,YUMA,216,1312,1,5,1528,6,480336,34669,6739,844,515005,7583,1528,6
04/27/2021,YUMA,205,1630,1,8,1835,9,481966,34874,6747,845,516840,7592,1835,9
04/28/2021,YUMA,216,1958,2,8,2174,10,483924,35090,6755,847,519014,7602,2174,10
04/29/2021,YUMA,167,1674,1,6,1841,7,485598,35257,6761,848,520855,7609,1841,7
04/30/2021,YUMA,194,1710,2,12,1904,14,487308,35451,6773,850,522759,7623,1904,14
05/01/2021,YUMA,107,1058,0,5,1165,5,488366,35558,6778,850,523924,7628,1165,5
05/02/2021,YUMA,77,893,0,2,970,2,489259,35635,6780,850,524894,7630,970,2
05/03/2021,PUEBLO,265,1173,1,11,1438,12,490432,35900,6791,851,526332,7642,1438,12
05/04/2021,PUEBLO,168,1362,0,12,1530,12,491794,36068,6803,851,527862,7654,1530,12
05/05/2021,YUMA,132,1320,4,12,1452,16,493114,36200,6815,855,529314,7670,1452,16
05/06/2021,YUMA,150,1248,0,3,1398,3,494362,36350,6818,855,530712,7673,1398,3
05/07/2021,YUMA,121,1319,0,9,1440,9,495681,36471,6827,855,532152,7682,1440,9
05/08/2021,PROWERS,65,1041,0,10,1106,10,496722,36536,6837,855,533258,7692,1106,10
05/09/2021,PARK,26,833,0,8,859,8,497555,36562,6845,855,534117,7700,859,8
05/10/2021,YUMA,144,776,0,13,920,13,498331,36706,6858,855,535037,7713,920,13
05/11/2021,YUMA,117,1153,2,12,1270,14,499484,36823,6870,857,536307,7727,1270,14
05/12/2021,PUEBLO,105,1949,1,15,2054,16,501433,36928,6885,858,538361,7743,2054,16
05/13/2021,YUMA,87,1091,0,11,1178,11,502524,37015,6896,858,539539,7754,1178,11
05/14/2021,PUEBLO,96,872,1,7,968,8,503396,37111,6903,859,540507,7762,968,8
05/15/2021,PUEBLO,44,594,0,2,638,2,503990,37155,6905,859,541145,7764,638,2
05/16/2021,PROWERS,53,742,0,7,795,7,504732,37208,6912,859,541940,7771,795,7
05/17/2021,YUMA,94,573,1,8,667,9,505305,37302,6920,860,542607,7780,667,9
05/18/2021,YUMA,94,947,2,10,1041,12,506252,37396,6930,862,543648,7792,1041,12
05/19/2021,PROWERS,123,780,0,3,903,3,507032,37519,6933,862,544551,7795,903,3
05/20/2021,YUMA,125,661,2,6,786,8,507693,37644,6939,864,545337,7803,786,8
05/21/2021,YUMA,96,743,0,10,839,10,508436,37740,6949,864,546176,7813,839,10
05/22/2021,PITKIN,22,581,0,4,603,4,509017,37762,6953,864,546779,7817,603,4
05/23/2021,PHILLIPS,42,360,0,8,402,8,509377,37804,6961,864,547181,7825,402,8
05/24/2021,YUMA,108,1295,0,10,1403,10,510672,37912,6971,864,548584,7835,1403,10
05/25/2021,YUMA,86,654,1,7,740,8,511326,37998,6978,865,549324,7843,740,8
05/26/2021,YUMA,87,699,1,7,786,8,512025,38085,6985,866,550110,7851,786,8
05/27/2021,YUMA,74,640,0,3,714,3,512665,38159,6988,866,550824,7854,714,3
05/28/2021,PUEBLO,52,542,3,5,594,8,513207,38211,6993,869,551418,7862,594,8
05/29/2021,YUMA,15,462,0,6,477,6,513669,38226,6999,869,551895,7868,477,6
05/30/2021,PUEBLO,8,270,0,4,278,4,513939,38234,7003,869,552173,7872,278,4
05/31/2021,PUEBLO,35,284,1,7,319,8,514223,38269,7010,870,552492,7880,319,8
06/01/2021,YUMA,78,325,0,9,403,9,514548,38347,7019,870,552895,7889,403,9
06/02/2021,PROWERS,112,572,1,7,684,8,515120,38459,7026,871,553579,7897,684,8
06/03/2021,PARK,73,568,2,13,641,15,515688,38532,7039,873,554220,7912,641,15
06/04/2021,YUMA,72,519,1,1,591,2,516207,38604,7040,874,554811,7914,591,2
06/05/2021,PARK,16,355,0,6,371,6,516562,38620,7046,874,555182,7920,371,6
06/06/2021,PUEBLO,22,251,0,5,273,5,516813,38642,7051,874,555455,7925,273,5
06/07/2021,YUMA,117,363,2,9,480,11,517176,38759,7060,876,555935,7936,480,11
06/08/2021,PROWERS,90,359,0,6,449,6,517535,38849,7066,876,556384,7942,449,6
06/09/2021,PITKIN,53,453,0,5,506,5,517988,38902,7071,876,556890,7947,506,5
06/10/2021,YUMA,39,386,1,2,425,3,518374,38941,7073,877,557315,7950,425,3
06/11/2021,YUMA,125,383,1,4,508,5,518757,39066,7077,878,557823,7955,508,5
06/12/2021,OTERO,71,325,1,3,396,4,519082,39137,7080,879,558219,7959,396,4
06/13/2021,BOULDER,25,169,1,0,194,1,519251,39162,7080,880,558413,7960,194,1
06/14/2021,YUMA,49,293,1,4,342,5,519544,39211,7084,881,558755,7965,342,5
06/15/2021,PUEBLO,41,316,1,6,357,7,519860,39252,7090,882,559112,7972,357,7
06/16/2021,PROWERS,46,334,0,5,380,5,520194,39298,7095,882,559492,7977,380,5
06/17/2021,PROWERS,55,297,1,8,352,9,520491,39353,7103,883,559844,7986,352,9
06/18/2021,PUEBLO,58,294,1,5,352,6,520785,39411,7108,884,560196,7992,352,6
06/19/2021,OTERO,28,229,0,2,257,2,521014,39439,7110,884,560453,7994,257,2
06/20/2021,OTERO,24,200,0,1,224,1,521214,39463,7111,884,560677,7995,224,1
06/21/2021,YUMA,61,287,2,3,348,5,521501,39524,7114,886,561025,8000,348,5
06/22/2021,PUEBLO,72,303,2,0,375,2,521804,39596,7114,888,561400,8002,375,2
06/23/2021,PUEBLO,51,472,0,1,523,1,522276,39647,7115,888,561923,8003,523,1
06/24/2021,PITKIN,89,281,1,5,370,6,522557,39736,7120,889,562293,8009,370,6
06/25/2021,PUEBLO,73,335,1,4,408,5,522892,39809,7124,890,562701,8014,408,5
06/26/2021,OURAY,23,237,0,5,260,5,523129,39832,7129,890,562961,8019,260,5
06/27/2021,OURAY,14,227,0,2,241,2,523356,39846,7131,890,563202,8021,241,2
06/28/2021,PITKIN,77,265,2,7,342,9,523621,39923,7138,892,563544,8030,342,9
06/29/2021,PITKIN,68,395,0,7,463,7,524016,39991,7145,892,564007,8037,463,7
06/30/2021,PUEBLO,89,428,0,5,517,5,524444,40080,7150,892,564524,8042,517,5
07/01/2021,PUEBLO,76,418,0,7,494,7,524862,40156,7157,892,565018,8049,494,7
07/02/2021,YUMA,44,370,1,5,414,6,525232,40200,7162,893,565432,8055,414,6
07/03/2021,OTERO,24,296,0,1,320,1,525528,40224,7163,893,565752,8056,320,1
07/04/2021,MONTROSE,24,205,0,1,229,1,525733,40248,7164,893,565981,8057,229,1
07/05/2021,MORGAN,45,217,1,7,262,8,525950,40293,7171,894,566243,8065,262,8
07/06/2021,PITKIN,51,330,0,4,381,4,526280,40344,7175,894,566624,8069,381,4
07/07/2021,PITKIN,62,434,0,3,496,3,526714,40406,7178,894,567120,8072,496,3
07/08/2021,PROWERS,57,426,1,6,483,7,527140,40463,7184,895,567603,8079,483,7
07/09/2021,WELD,61,428,0,8,489,8,527568,40524,7192,895,568092,8087,489,8
07/10/2021,PUEBLO,30,346,0,1,376,1,527914,40554,7193,895,568468,8088,376,1
07/11/2021,PITKIN,20,246,2,3,266,5,528160,40574,7196,897,568734,8093,266,5
07/12/2021,PUEBLO,66,452,0,7,518,7,528612,40640,7203,897,569252,8100,518,7
07/13/2021,YUMA,74,429,0,6,503,6,529041,40714,7209,897,569755,8106,503,6
07/14/2021,PITKIN,62,407,0,4,469,4,529448,40776,7213,897,570224,8110,469,4
07/15/2021,YUMA,93,463,1,4,556,5,529911,40869,7217,898,570780,8115,556,5
07/16/2021,PITKIN,126,435,4,1,561,5,530346,40995,7218,902,571341,8120,561,5
07/17/2021,YUMA,54,360,0,4,414,4,530706,41049,7222,902,571755,8124,414,4
07/18/2021,PITKIN,31,403,0,5,434,5,531109,41080,7227,902,572189,8129,434,5
07/19/2021,YUMA,87,436,0,7,523,7,531545,41167,7234,902,572712,8136,523,7
07/20/2021,YUMA,72,538,1,8,610,9,532083,41239,7242,903,573322,8145,610,9
07/21/2021,PUEBLO,86,681,0,7,767,7,532764,41325,7249,903,574089,8152,767,7
07/22/2021,YUMA,129,561,1,3,690,4,533325,41454,7252,904,574779,8156,690,4
07/23/2021,YUMA,95,667,0,8,762,8,533992,41549,7260,904,575541,8164,762,8
07/24/2021,PUEBLO,45,522,1,4,567,5,534514,41594,7264,905,576108,8169,567,5
07/25/2021,PUEBLO,44,429,0,3,473,3,534943,41638,7267,905,576581,8172,473,3
07/26/2021,YUMA,121,636,1,2,757,3,535579,41759,7269,906,577338,8175,757,3
07/27/2021,PROWERS,134,672,0,10,806,10,536251,41893,7279,906,578144,8185,806,10
07/28/2021,PROWERS,115,1048,1,5,1163,6,537299,42008,7284,907,579307,8191,1163,6
07/29/2021,PROWERS,95,913,0,6,1008,6,538212,42103,7290,907,580315,8197,1008,6
07/30/2021,YUMA,112,871,0,8,983,8,539083,42215,7298,907,581298,8205,983,8
07/31/2021,PITKIN,76,767,0,10,843,10,539850,42291,7308,907,582141,8215,843,10
08/01/2021,PITKIN,51,581,0,4,632,4,540431,42342,7312,907,582773,8219,632,4
08/02/2021,YUMA,112,681,0,6,793,6,541112,42454,7318,907,583566,8225,793,6
08/03/2021,PUEBLO,147,1067,2,11,1214,13,542179,42601,7329,909,584780,8238,1214,13
08/04/2021,PUEBLO,132,994,0,4,1126,4,543173,42733,7333,909,585906,8242,1126,4
08/05/2021,PUEBLO,141,1031,2,9,1172,11,544204,42874,7342,911,587078,8253,1172,11
08/06/2021,PUEBLO,133,995,0,11,1128,11,545199,43007,7353,911,588206,8264,1128,11
08/07/2021,YUMA,72,832,0,9,904,9,546031,43079,7362,911,589110,8273,904,9
08/08/2021,PUEBLO,44,619,0,6,663,6,546650,43123,7368,911,589773,8279,663,6
08/09/2021,PITKIN,131,691,0,9,822,9,547341,43254,7377,911,590595,8288,822,9
08/10/2021,YUMA,141,1181,0,14,1322,14,548522,43395,7391,911,591917,8302,1322,14
08/11/2021,YUMA,174,1499,3,12,1673,15,550021,43569,7403,914,593590,8317,1673,15
08/12/2021,YUMA,122,1016,2,12,1138,14,551037,43691,7415,916,594728,8331,1138,14
08/13/2021,PUEBLO,112,1280,2,13,1392,15,552317,43803,7428,918,596120,8346,1392,15
08/14/2021,YUMA,114,781,0,8,895,8,553098,43917,7436,918,597015,8354,895,8
08/15/2021,PUEBLO,61,644,0,7,705,7,553742,43978,7443,918,597720,8361,705,7
08/16/2021,YUMA,176,947,0,15,1123,15,554689,44154,7458,918,598843,8376,1123,15
08/17/2021,YUMA,178,2025,0,12,2203,12,556714,44332,7470,918,601046,8388,2203,12
08/18/2021,YUMA,173,1510,0,13,1683,13,558224,44505,7483,918,602729,8401,1683,13
08/19/2021,PUEBLO,195,1612,2,11,1807,13,559836,44700,7494,920,604536,8414,1807,13
08/20/2021,PROWERS,188,1600,1,10,1788,11,561436,44888,7504,921,606324,8425,1788,11
08/21/2021,YUMA,124,1288,0,10,1412,10,562724,45012,7514,921,607736,8435,1412,10
08/22/2021,YUMA,73,962,0,6,1035,6,563686,45085,7520,921,608771,8441,1035,6
08/23/2021,YUMA,263,1081,0,9,1344,9,564767,45348,7529,921,610115,8450,1344,9
08/24/2021,YUMA,211,1764,0,9,1975,9,566531,45559,7538,921,612090,8459,1975,9
08/25/2021,PROWERS,198,1965,2,17,2163,19,568496,45757,7555,923,614253,8478,2163,19
08/26/2021,YUMA,177,1854,1,8,2031,9,570350,45934,7563,924,616284,8487,2031,9
08/27/2021,PUEBLO,194,1551,1,15,1745,16,571901,46128,7578,925,618029,8503,1745,16
08/28/2021,PUEBLO,72,936,1,4,1008,5,572837,46200,7582,926,619037,8508,1008,5
08/29/2021,PROWERS,112,1302,1,18,1414,19,574139,46312,7600,927,620451,8527,1414,19
08/30/2021,YUMA,217,1885,1,22,2102,23,576024,46529,7622,928,622553,8550,2102,23
08/31/2021,YUMA,301,1775,1,13,2076,14,577799,46830,7635,929,624629,8564,2076,14
09/01/2021,PROWERS,306,1919,1,11,2225,12,579718,47136,7646,930,626854,8576,2225,12
09/02/2021,YUMA,265,1954,4,24,2219,28,581672,47401,7670,934,629073,8604,2219,28
09/03/2021,PUEBLO,216,1871,0,17,2087,17,583543,47617,7687,934,631160,8621,2087,17
09/04/2021,PUEBLO,117,1569,0,13,1686,13,585112,47734,7700,934,632846,8634,1686,13
09/05/2021,YUMA,90,1402,2,15,1492,17,586514,47824,7715,936,634338,8651,1492,17
09/06/2021,PROWERS,129,968,0,13,1097,13,587482,47953,7728,936,635435,8664,1097,13
09/07/2021,YUMA,261,1363,1,17,1624,18,588845,48214,7745,937,637059,8682,1624,18
09/08/2021,YUMA,290,1780,2,13,2070,15,590625,48504,7758,939,639129,8697,2070,15
09/09/2021,YUMA,251,2115,2,14,2366,16,592740,48755,7772,941,641495,8713,2366,16
09/10/2021,PUEBLO,240,2260,0,19,2500,19,595000,48995,7791,941,643995,8732,2500,19
09/11/2021,PUEBLO,88,1712,0,14,1800,14,596712,49083,7805,941,645795,8746,1800,14
09/12/2021,PUEBLO,93,1316,1,6,1409,7,598028,49176,7811,942,647204,8753,1409,7
09/13/2021,YUMA,279,1511,2,17,1790,19,599539,49455,7828,944,648994,8772,1790,19
09/14/2021,YUMA,232,1857,3,21,2089,24,601396,49687,7849,947,651083,8796,2089,24
09/15/2021,YUMA,247,1959,1,14,2206,15,603355,49934,7863,948,653289,8811,2206,15
09/16/2021,PUEBLO,259,2058,4,25,2317,29,605413,50193,7888,952,655606,8840,2317,29
09/17/2021,YUMA,221,1867,1,19,2088,20,607280,50414,7907,953,657694,8860,2088,20
09/18/2021,YUMA,98,1718,0,8,1816,8,608998,50512,7915,953,659510,8868,1816,8
09/19/2021,YUMA,84,1207,0,14,1291,14,610205,50596,7929,953,660801,8882,1291,14
09/20/2021,YUMA,289,1380,1,19,1669,20,611585,50885,7948,954,662470,8902,1669,20
09/21/2021,YUMA,290,1530,1,21,1820,22,613115,51175,7969,955,664290,8924,1820,22
09/22/2021,YUMA,193,1936,3,18,2129,21,615051,51368,7987,958,666419,8945,2129,21
09/23/2021,YUMA,189,1896,0,22,2085,22,616947,51557,8009,958,668504,8967,2085,22
09/24/2021,YUMA,165,1884,1,23,2049,24,618831,51722,8032,959,670553,8991,2049,24
09/25/2021,PUEBLO,110,1338,0,14,1448,14,620169,51832,8046,959,672001,9005,1448,14
09/26/2021,YUMA,125,1103,1,12,1228,13,621272,51957,8058,960,673229,9018,1228,13
09/27/2021,YUMA,317,1518,2,12,1835,14,622790,52274,8070,962,675064,9032,1835,14
09/28/2021,YUMA,348,1554,3,16,1902,19,624344,52622,8086,965,676966,9051,1902,19
09/29/2021,YUMA,248,2232,2,21,2480,23,626576,52870,8107,967,679446,9074,2480,23
09/30/2021,YUMA,271,2108,1,20,2379,21,628684,53141,8127,968,681825,9095,2379,21
10/01/2021,YUMA,194,2008,1,27,2202,28,630692,53335,8154,969,684027,9123,2202,28
10/02/2021,YUMA,98,1683,1,16,1781,17,632375,53433,8170,970,685808,9140,1781,17
10/03/2021,YUMA,82,1294,0,21,1376,21,633669,53515,8191,970,687184,9161,1376,21
10/04/2021,YUMA,336,1559,3,24,1895,27,635228,53851,8215,973,689079,9188,1895,27
10/05/2021,YUMA,315,1716,7,19,2031,26,636944,54166,8234,980,691110,9214,2031,26
10/06/2021,YUMA,348,2600,3,28,2948,31,639544,54514,8262,983,694058,9245,2948,31
10/07/2021,YUMA,306,2607,2,18,2913,20,642151,54820,8280,985,696971,9265,2913,20
10/08/2021,YUMA,245,2330,5,22,2575,27,644481,55065,8302,990,699546,9292,2575,27
10/09/2021,YUMA,138,1692,0,23,1830,23,646173,55203,8325,990,701376,9315,1830,23
10/10/2021,YUMA,109,1518,1,16,1627,17,647691,55312,8341,991,703003,9332,1627,17
10/11/2021,YUMA,330,1271,4,22,1601,26,648962,55642,8363,995,704604,9358,1601,26
10/12/2021,YUMA,306,1724,5,18,2030,23,650686,55948,8381,1000,706634,9381,2030,23
10/13/2021,YUMA,279,2601,5,19,2880,24,653287,56227,8400,1005,709514,9405,2880,24
10/14/2021,YUMA,293,2215,1,29,2508,30,655502,56520,8429,1006,712022,9435,2508,30
10/15/2021,YUMA,262,1937,3,17,2199,20,657439,56782,8446,1009,714221,9455,2199,20
10/16/2021,YUMA,113,1621,0,27,1734,27,659060,56895,8473,1009,715955,9482,1734,27
10/17/2021,YUMA,86,1388,0,28,1474,28,660448,56981,8501,1009,717429,9510,1474,28
10/18/2021,YUMA,397,1499,3,21,1896,24,661947,57378,8522,1012,719325,9534,1896,24
10/19/2021,YUMA,420,1866,8,26,2286,34,663813,57798,8548,1020,721611,9568,2286,34
10/20/2021,YUMA,346,2915,0,35,3261,35,666728,58144,8583,1020,724872,9603,3261,35
10/21/2021,PUEBLO,335,2517,1,34,2852,35,669245,58479,8617,1021,727724,9638,2852,35
10/22/2021,YUMA,286,2567,7,35,2853,42,671812,58765,8652,1028,730577,9680,2853,42
10/23/2021,YUMA,186,1985,1,27,2171,28,673797,58951,8679,1029,732748,9708,2171,28
10/24/2021,PUEBLO,185,1797,1,26,1982,27,675594,59136,8705,1030,734730,9735,1982,27
10/25/2021,YUMA,505,1702,6,29,2207,35,677296,59641,8734,1036,736937,9770,2207,35
10/26/2021,YUMA,407,3026,5,34,3433,39,680322,60048,8768,1041,740370,9809,3433,39
10/27/2021,YUMA,419,3183,3,38,3602,41,683505,60467,8806,1044,743972,9850,3602,41
10/28/2021,YUMA,421,3123,5,29,3544,34,686628,60888,8835,1049,747516,9884,3544,34
10/29/2021,YUMA,331,2564,2,42,2895,44,689192,61219,8877,1051,750411,9928,2895,44
10/30/2021,YUMA,186,2428,2,22,2614,24,691620,61405,8899,1053,753025,9952,2614,24
10/31/2021,PUEBLO,129,1611,1,20,1740,21,693231,61534,8919,1054,754765,9973,1740,21
11/01/2021,YUMA,515,1893,7,34,2408,41,695124,62049,8953,1061,757173,10014,2408,41
11/02/2021,YUMA,509,2595,1,31,3104,32,697719,62558,8984,1062,760277,10046,3104,32
11/03/2021,YUMA,419,3539,7,40,3958,47,701258,62977,9024,1069,764235,10093,3958,47
11/04/2021,YUMA,408,3228,4,36,3636,40,704486,63385,9060,1073,767871,10133,3636,40
11/05/2021,YUMA,383,2953,8,34,3336,42,707439,63768,9094,1081,771207,10175,3336,42
11/06/2021,PUEBLO,161,2809,0,30,2970,30,710248,63929,9124,1081,774177,10205,2970,30
11/07/2021,YUMA,141,1997,1,19,2138,20,712245,64070,9143,1082,776315,10225,2138,20
11/08/2021,YUMA,490,1812,4,32,2302,36,714057,64560,9175,1086,778617,10261,2302,36
11/09/2021,YUMA,547,3853,4,36,4400,40,717910,65107,9211,1090,783017,10301,4400,40
11/10/2021,YUMA,450,3407,5,43,3857,48,721317,65557,9254,1095,786874,10349,3857,48
11/11/2021,YUMA,374,3350,3,43,3724,46,724667,65931,9297,1098,790598,10395,3724,46
11/12/2021,YUMA,358,2905,2,32,3263,34,727572,66289,9329,1100,793861,10429,3263,34
11/13/2021,YUMA,158,2767,1,24,2925,25,730339,66447,9353,1101,796786,10454,2925,25
11/14/2021,YUMA,158,1718,2,20,1876,22,732057,66605,9373,1103,798662,10476,1876,22
11/15/2021,YUMA,467,2433,15,45,2900,60,734490,67072,9418,1118,801562,10536,2900,60
11/16/2021,YUMA,476,3635,10,42,4111,52,738125,67548,9460,1128,805673,10588,4111,52
11/17/2021,YUMA,338,3688,4,43,4026,47,741813,67886,9503,1132,809699,10635,4026,47
11/18/2021,YUMA,351,2978,10,21,3329,31,744791,68237,9524,1142,813028,10666,3329,31
11/19/2021,YUMA,280,2686,2,32,2966,34,747477,68517,9556,1144,815994,10700,2966,34
11/20/2021,PUEBLO,112,2235,0,18,2347,18,749712,68629,9574,1144,818341,10718,2347,18
11/21/2021,PUEBLO,96,1613,0,22,1709,22,751325,68725,9596,1144,820050,10740,1709,22
11/22/2021,YUMA,380,2213,8,29,2593,37,753538,69105,9625,1152,822643,10777,2593,37
11/23/2021,YUMA,409,2671,6,39,3080,45,756209,69514,9664,1158,825723,10822,3080,45
11/24/2021,YUMA,266,2682,7,39,2948,46,758891,69780,9703,1165,828671,10868,2948,46
11/25/2021,PUEBLO,66,1240,0,13,1306,13,760131,69846,9716,1165,829977,10881,1306,13
11/26/2021,YUMA,168,1404,6,43,1572,49,761535,70014,9759,1171,831549,10930,1572,49
11/27/2021,PUEBLO,143,2277,0,32,2420,32,763812,70157,9791,1171,833969,10962,2420,32
11/28/2021,PUEBLO,149,1312,1,24,1461,25,765124,70306,9815,1172,835430,10987,1461,25
11/29/2021,YUMA,379,2180,5,29,2559,34,767304,70685,9844,1177,837989,11021,2559,34
11/30/2021,YUMA,386,3275,10,29,3661,39,770579,71071,9873,1187,841650,11060,3661,39
12/01/2021,YUMA,353,2913,1,26,3266,27,773492,71424,9899,1188,844916,11087,3266,27
12/02/2021,YUMA,297,2661,6,27,2958,33,776153,71721,9926,1194,847874,11120,2958,33
12/03/2021,YUMA,230,2230,9,34,2460,43,778383,71951,9960,1203,850334,11163,2460,43
12/04/2021,EL PASO,123,1446,1,11,1569,12,779829,72074,9971,1204,851903,11175,1569,12
12/05/2021,PUEBLO,58,1071,0,18,1129,18,780900,72132,9989,1204,853032,11193,1129,18
12/06/2021,YUMA,329,2587,16,36,2916,52,783487,72461,10025,1220,855948,11245,2916,52
12/07/2021,YUMA,254,2164,3,36,2418,39,785651,72715,10061,1223,858366,11284,2418,39
12/08/2021,YUMA,202,2327,1,29,2529,30,787978,72917,10090,1224,860895,11314,2529,30
12/09/2021,YUMA,238,1826,18,26,2064,44,789804,73155,10116,1242,862959,11358,2064,44
12/10/2021,YUMA,202,1718,2,23,1920,25,791522,73357,10139,1244,864879,11383,1920,25
12/11/2021,YUMA,69,1257,0,17,1326,17,792779,73426,10156,1244,866205,11400,1326,17
12/12/2021,YUMA,55,818,0,13,873,13,793597,73481,10169,1244,867078,11413,873,13
12/13/2021,YUMA,206,1355,1,20,1561,21,794952,73687,10189,1245,868639,11434,1561,21
12/14/2021,YUMA,273,1512,11,20,1785,31,796464,73960,10209,1256,870424,11465,1785,31
12/15/2021,YUMA,232,2159,4,21,2391,25,798623,74192,10230,1260,872815,11490,2391,25
12/16/2021,YUMA,189,1713,2,23,1902,25,800336,74381,10253,1262,874717,11515,1902,25
12/17/2021,YUMA,178,2085,2,22,2263,24,802421,74559,10275,1264,876980,11539,2263,24
12/18/2021,YUMA,111,1767,0,15,1878,15,804188,74670,10290,1264,878858,11554,1878,15
12/19/2021,YUMA,135,1377,12,15,1512,27,805565,74805,10305,1276,880370,11581,1512,27
12/20/2021,YUMA,330,1921,6,22,2251,28,807486,75135,10327,1282,882621,11609,2251,28
12/21/2021,YUMA,363,3989,1,29,4352,30,811475,75498,10356,1283,886973,11639,4352,30
12/22/2021,WELD,356,3905,5,18,4261,23,815380,75854,10374,1288,891234,11662,4261,23
12/23/2021,YUMA,533,5308,4,19,5841,23,820688,76387,10393,1292,897075,11685,5841,23
12/24/2021,YUMA,327,5684,0,11,6011,11,826372,76714,10404,1292,903086,11696,6011,11
12/25/2021,YUMA,176,4136,0,9,4312,9,830508,76890,10413,1292,907398,11705,4312,9
12/26/2021,YUMA,329,2810,0,15,3139,15,833318,77219,10428,1292,910537,11720,3139,15
12/27/2021,YUMA,758,4262,6,20,5020,26,837580,77977,10448,1298,915557,11746,5020,26
12/28/2021,YUMA,1091,6685,4,19,7776,23,844265,79068,10467,1302,923333,11769,7776,23
12/29/2021,WELD,936,10015,7,31,10951,38,854280,80004,10498,1309,934284,11807,10951,38
12/30/2021,YUMA,915,9798,8,13,10713,21,864078,80919,10511,1317,944997,11828,10713,21
12/31/2021,YUMA,549,11415,8,22,11964,30,875493,81468,10533,1325,956961,11858,11964,30
01/01/2022,YUMA,303,5821,0,23,6124,23,881314,81771,10556,1325,963085,11881,6124,23
01/02/2022,YUMA,528,6788,0,10,7316,10,888102,82299,10566,1325,970401,11891,7316,10
01/03/2022,YUMA,1307,6749,8,29,8056,37,894851,83606,10595,1333,978457,11928,8056,37
01/04/2022,YUMA,1708,12180,3,32,13888,35,907031,85314,10627,1336,992345,11963,13888,35
01/05/2022,YUMA,1645,16515,12,51,18160,63,923546,86959,10678,1348,1010505,12026,18160,63
01/06/2022,YUMA,1212,18532,7,49,19744,56,942078,88171,10727,1355,1030249,12082,19744,56
01/07/2022,YUMA,1231,10976,4,44,12207,48,953054,89402,10771,1359,1042456,12130,12207,48
01/08/2022,YUMA,674,10558,2,31,11232,33,963612,90076,10802,1361,1053688,12163,11232,33
01/09/2022,YUMA,522,7980,1,27,8502,28,971592,90598,10829,1362,1062190,12191,8502,28
01/10/2022,YUMA,1405,13560,12,36,14965,48,985152,92003,10865,1374,1077155,12239,14965,48
01/11/2022,YUMA,1516,10932,1,35,12448,36,996084,93519,10900,1375,1089603,12275,12448,36
01/12/2022,YUMA,1481,13364,10,27,14845,37,1009448,95000,10927,1385,1104448,12312,14845,37
01/13/2022,YUMA,1319,13216,2,40,14535,42,1022664,96319,10967,1387,1118983,12354,14535,42
01/14/2022,YUMA,1273,14460,9,48,15733,57,1037124,97592,11015,1396,1134716,12411,15733,57
01/15/2022,YUMA,510,8673,1,28,9183,29,1045797,98102,11043,1397,1143899,12440,9183,29
01/16/2022,YUMA,394,6750,3,21,7144,24,1052547,98496,11064,1400,1151043,12464,7144,24
01/17/2022,YUMA,956,9644,0,28,10600,28,1062191,99452,11092,1400,1161643,12492,10600,28
01/18/2022,YUMA,1362,9658,5,28,11020,33,1071849,100814,11120,1405,1172663,12525,11020,33
01/19/2022,YUMA,1255,12925,3,33,14180,36,1084774,102069,11153,1408,1186843,12561,14180,36
01/20/2022,YUMA,1141,10839,5,31,11980,36,1095613,103210,11184,1413,1198823,12597,11980,36
01/21/2022,WELD,1273,10380,4,19,11653,23,1105993,104483,11203,1417,1210476,12620,11653,23
01/22/2022,YUMA,517,7950,0,23,8467,23,1113943,105000,11226,1417,1218943,12643,8467,23
01/23/2022,YUMA,341,7647,2,12,7988,14,1121590,105341,11238,1419,1226931,12657,7988,14
01/24/2022,YUMA,1337,6567,14,23,7904,37,1128157,106678,11261,1433,1234835,12694,7904,37
01/25/2022,YUMA,1027,7426,4,26,8453,30,1135583,107705,11287,1437,1243288,12724,8453,30
01/26/2022,LARIMER,972,9235,11,25,10207,36,1144818,108677,11312,1448,1253495,12760,10207,36
01/27/2022,MESA,910,7363,3,17,8273,20,1152181,109587,11329,1451,1261768,12780,8273,20
01/28/2022,PUEBLO,665,5734,3,19,6399,22,1157915,110252,11348,1454,1268167,12802,6399,22
01/29/2022,YUMA,271,4432,1,13,4703,14,1162347,110523,11361,1455,1272870,12816,4703,14
01/30/2022,YUMA,200,3636,2,8,3836,10,1165983,110723,11369,1457,1276706,12826,3836,10
01/31/2022,YUMA,710,2963,5,17,3673,22,1168946,111433,11386,1462,1280379,12848,3673,22
02/01/2022,YUMA,641,4180,2,9,4821,11,1173126,112074,11395,1464,1285200,12859,4821,11
02/02/2022,YUMA,467,4708,0,18,5175,18,1177834,112541,11413,1464,1290375,12877,5175,18
02/03/2022,YUMA,418,2297,2,9,2715,11,1180131,112959,11422,1466,1293090,12888,2715,11
02/04/2022,YUMA,519,2924,6,11,3443,17,1183055,113478,11433,1472,1296533,12905,3443,17
02/05/2022,YUMA,198,2549,14,8,2747,22,1185604,113676,11441,1486,1299280,12927,2747,22
02/06/2022,YUMA,83,1683,0,4,1766,4,1187287,113759,11445,1486,1301046,12931,1766,4
02/07/2022,YUMA,402,1771,1,10,2173,11,1189058,114161,11455,1487,1303219,12942,2173,11
02/08/2022,YUMA,574,2525,1,3,3099,4,1191583,114735,11458,1488,1306318,12946,3099,4
02/09/2022,YUMA,320,2255,13,11,2575,24,1193838,115055,11469,1501,1308893,12970,2575,24
02/10/2022,YUMA,283,1896,6,5,2179,11,1195734,115338,11474,1507,1311072,12981,2179,11
02/11/2022,YUMA,358,1687,0,8,2045,8,1197421,115696,11482,1507,1313117,12989,2045,8
02/12/2022,YUMA,77,1041,0,7,1118,7,1198462,115773,11489,1507,1314235,12996,1118,7
02/13/2022,YUMA,59,630,1,2,689,3,1199092,115832,11491,1508,1314924,12999,689,3
02/14/2022,YUMA,268,767,3,2,1035,5,1199859,116100,11493,1511,1315959,13004,1035,5
02/15/2022,YUMA,262,1584,5,3,1846,8,1201443,116362,11496,1516,1317805,13012,1846,8
02/16/2022,YUMA,188,1243,3,4,1431,7,1202686,116550,11500,1519,1319236,13019,1431,7
02/17/2022,YUMA,141,1105,0,5,1246,5,1203791,116691,11505,1519,1320482,13024,1246,5
02/18/2022,PUEBLO,179,847,0,1,1026,1,1204638,116870,11506,1519,1321508,13025,1026,1
02/19/2022,RIO BLANCO,48,688,0,4,736,4,1205326,116918,11510,1519,1322244,13029,736,4
02/20/2022,PUEBLO,18,444,0,3,462,3,1205770,116936,11513,1519,1322706,13032,462,3
02/21/2022,PUEBLO,97,505,1,3,602,4,1206275,117033,11516,1520,1323308,13036,602,4
02/22/2022,YUMA,140,806,11,4,946,15,1207081,117173,11520,1531,1324254,13051,946,15
02/23/2022,WELD,84,756,0,1,840,1,1207837,117257,11521,1531,1325094,13052,840,1
02/24/2022,PUEBLO,130,597,0,2,727,2,1208434,117387,11523,1531,1325821,13054,727,2
02/25/2022,YUMA,103,746,0,2,849,2,1209180,117490,11525,1531,1326670,13056,849,2
02/26/2022,YUMA,22,492,0,2,514,2,1209672,117512,11527,1531,1327184,13058,514,2
02/27/2022,PUEBLO,30,301,0,1,331,1,1209973,117542,11528,1531,1327515,13059,331,1
02/28/2022,PUEBLO,129,369,6,2,498,8,1210342,117671,11530,1537,1328013,13067,498,8
03/01/2022,WELD,85,574,2,0,659,2,1210916,117756,11530,1539,1328672,13069,659,2
03/02/2022,WELD,88,555,2,3,643,5,1211471,117844,11533,1541,1329315,13074,643,5
03/03/2022,WELD,82,491,1,0,573,1,1211962,117926,11533,1542,1329888,13075,573,1
03/04/2022,YUMA,33,346,2,0,379,2,1212308,117959,11533,1544,1330267,13077,379,2
03/05/2022,WELD,13,141,0,1,154,1,1212449,117972,11534,1544,1330421,13078,154,1
03/06/2022,WELD,18,74,0,0,92,0,1212523,117990,11534,1544,1330513,13078,92,0
03/07/2022,WELD,77,111,0,1,188,1,1212634,118067,11535,1544,1330701,13079,188,1
03/08/2022,WELD,117,312,4,2,429,6,1212946,118184,11537,1548,1331130,13085,429,6
03/09/2022,WELD,45,133,1,0,178,1,1213079,118229,11537,1549,1331308,13086,178,1
03/10/2022,WELD,94,188,0,2,282,2,1213267,118323,11539,1549,1331590,13088,282,2
03/11/2022,WELD,49,108,0,0,157,0,1213375,118372,11539,1549,1331747,13088,157,0
03/12/2022,WELD,4,99,1,0,103,1,1213474,118376,11539,1550,1331850,13089,103,1
03/13/2022,WELD,4,72,0,0,76,0,1213546,118380,11539,1550,1331926,13089,76,0
03/14/2022,WELD,92,295,3,0,387,3,1213841,118472,11539,1553,1332313,13092,387,3
03/15/2022,WELD,85,346,2,1,431,3,1214187,118557,11540,1555,1332744,13095,431,3
03/16/2022,WELD,83,295,2,1,378,3,1214482,118640,11541,1557,1333122,13098,378,3
03/17/2022,WELD,88,312,0,0,400,0,1214794,118728,11541,1557,1333522,13098,400,0
03/18/2022,WELD,97,322,1,1,419,2,1215116,118825,11542,1558,1333941,13100,419,2
03/19/2022,WELD,20,123,0,0,143,0,1215239,118845,11542,1558,1334084,13100,143,0
03/20/2022,WELD,16,94,0,0,110,0,1215333,118861,11542,1558,1334194,13100,110,0
03/21/2022,,0,0,0,0,0,0,1215333,118861,11542,1558,1334194,13100,0,0
03/22/2022,,0,0,0,0,0,0,1215333,118861,11542,1558,1334194,13100,0,0
03/23/2022,,0,0,0,0,0,0,1215333,118861,11542,1558,1334194,13100,0,0
03/24/2022,,0,0,0,0,0,0,1215333,118861,11542,1558,1334194,13100,0,0
03/25/2022,,0,0,0,0,0,0,1215333,118861,11542,1558,1334194,13100,0,0
03/26/2022,,0,0,0,0,0,0,1215333,118861,11542,1558,1334194,13100,0,0
03/27/2022,,0,0,0,0,0,0,1215333,118861,11542,1558,1334194,13100,0,0
03/28/2022,,0,0,0,0,0,0,1215333,118861,11542,1558,1334194,13100,0,0
03/29/2022,,0,0,0,0,0,0,1215333,118861,11542,1558,1334194,13100,0,0
03/30/2022,,0,0,0,0,0,0,1215333,118861,11542,1558,1334194,13100,0,0
03/31/2022,,0,0,0,0,0,0,1215333,118861,11542,1558,1334194,13100,0,0
