ReportedDate,NumProbable,NumConfirmed,NumProbDead,NumConfDead,TotalCases,TotalDead,CumConfirmed,CumProbable,CumConfDead,CumProbDead,TotalCumCases,TotalCumDead,DailyChangeCases,DailyChangeDead
03/01/2020,0,1,0,0,1,0,1,0,0,0,1,0,,
03/02/2020,0,0,0,0,0,0,1,0,0,0,1,0,0,0
03/03/2020,0,0,0,0,0,0,1,0,0,0,1,0,0,0
03/04/2020,0,0,0,0,0,0,1,0,0,0,1,0,0,0
03/05/2020,0,7,0,0,7,0,8,0,0,0,8,0,7,0
03/06/2020,1,0,0,0,1,0,8,1,0,0,9,0,1,0
03/07/2020,2,0,0,0,2,0,8,3,0,0,11,0,2,0
03/08/2020,1,0,0,0,1,0,8,4,0,0,12,0,1,0
03/09/2020,2,4,0,0,6,0,12,6,0,0,18,0,6,0
03/10/2020,0,6,0,0,6,0,18,6,0,0,24,0,6,0
03/11/2020,1,17,0,0,18,0,35,7,0,0,42,0,18,0
03/12/2020,2,9,0,0,11,0,44,9,0,0,53,0,11,0
03/13/2020,2,25,0,2,27,2,69,11,2,0,80,2,27,2
03/14/2020,4,28,0,1,32,1,97,15,3,0,112,3,32,1
03/15/2020,1,34,0,1,35,1,131,16,4,0,147,4,35,1
03/16/2020,1,33,0,0,34,0,164,17,4,0,181,4,34,0
03/17/2020,4,26,0,0,30,0,190,21,4,0,211,4,30,0
03/18/2020,13,56,0,4,69,4,246,34,8,0,280,8,69,4
03/19/2020,12,71,0,2,83,2,317,46,10,0,363,10,83,2
03/20/2020,16,107,0,2,123,2,424,62,12,0,486,12,123,2
03/21/2020,10,109,0,10,119,10,533,72,22,0,605,22,119,10
03/22/2020,12,113,0,6,125,6,646,84,28,0,730,28,125,6
03/23/2020,26,171,0,10,197,10,817,110,38,0,927,38,197,10
03/24/2020,16,161,1,9,177,10,978,126,47,1,1104,48,177,10
03/25/2020,24,289,0,16,313,16,1267,150,63,1,1417,64,313,16
03/26/2020,22,274,1,21,296,22,1541,172,84,2,1713,86,296,22
03/27/2020,38,292,1,26,330,27,1833,210,110,3,2043,113,330,27
03/28/2020,15,228,0,21,243,21,2061,225,131,3,2286,134,243,21
03/29/2020,25,310,0,18,335,18,2371,250,149,3,2621,152,335,18
03/30/2020,35,297,1,27,332,28,2668,285,176,4,2953,180,332,28
03/31/2020,27,357,2,26,384,28,3025,312,202,6,3337,208,384,28
04/01/2020,38,366,1,31,404,32,3391,350,233,7,3741,240,404,32
04/02/2020,42,408,1,34,450,35,3799,392,267,8,4191,275,450,35
04/03/2020,35,355,0,28,390,28,4154,427,295,8,4581,303,390,28
04/04/2020,36,352,1,28,388,29,4506,463,323,9,4969,332,388,29
04/05/2020,23,201,1,24,224,25,4707,486,347,10,5193,357,224,25
04/06/2020,38,232,1,16,270,17,4939,524,363,11,5463,374,270,17
04/07/2020,33,230,1,20,263,21,5169,557,383,12,5726,395,263,21
04/08/2020,46,506,0,52,552,52,5675,603,435,12,6278,447,552,52
04/09/2020,32,337,0,27,369,27,6012,635,462,12,6647,474,369,27
04/10/2020,23,415,1,32,438,33,6427,658,494,13,7085,507,438,33
04/11/2020,32,405,5,34,437,39,6832,690,528,18,7522,546,437,39
04/12/2020,26,358,2,25,384,27,7190,716,553,20,7906,573,384,27
04/13/2020,26,266,2,23,292,25,7456,742,576,22,8198,598,292,25
04/14/2020,30,286,2,28,316,30,7742,772,604,24,8514,628,316,30
04/15/2020,27,394,1,37,421,38,8136,799,641,25,8935,666,421,38
04/16/2020,24,328,1,28,352,29,8464,823,669,26,9287,695,352,29
04/17/2020,34,388,0,28,422,28,8852,857,697,26,9709,723,422,28
04/18/2020,17,254,0,12,271,12,9106,874,709,26,9980,735,271,12
04/19/2020,32,284,3,23,316,26,9390,906,732,29,10296,761,316,26
04/20/2020,45,256,2,18,301,20,9646,951,750,31,10597,781,301,20
04/21/2020,103,361,8,22,464,30,10007,1054,772,39,11061,811,464,30
04/22/2020,59,345,7,24,404,31,10352,1113,796,46,11465,842,404,31
04/23/2020,160,810,72,47,970,119,11162,1273,843,118,12435,961,970,119
04/24/2020,128,584,4,20,712,24,11746,1401,863,122,13147,985,712,24
04/25/2020,48,445,0,19,493,19,12191,1449,882,122,13640,1004,493,19
04/26/2020,46,392,4,12,438,16,12583,1495,894,126,14078,1020,438,16
04/27/2020,70,431,7,13,501,20,13014,1565,907,133,14579,1040,501,20
04/28/2020,44,393,5,14,437,19,13407,1609,921,138,15016,1059,437,19
04/29/2020,40,816,8,20,856,28,14223,1649,941,146,15872,1087,856,28
04/30/2020,47,418,1,17,465,18,14641,1696,958,147,16337,1105,465,18
05/01/2020,32,440,2,19,472,21,15081,1728,977,149,16809,1126,472,21
05/02/2020,17,399,5,10,416,15,15480,1745,987,154,17225,1141,416,15
05/03/2020,28,223,1,5,251,6,15703,1773,992,155,17476,1147,251,6
05/04/2020,33,342,1,19,375,20,16045,1806,1011,156,17851,1167,375,20
05/05/2020,58,342,1,12,400,13,16387,1864,1023,157,18251,1180,400,13
05/06/2020,25,431,3,14,456,17,16818,1889,1037,160,18707,1197,456,17
05/07/2020,30,435,1,19,465,20,17253,1919,1056,161,19172,1217,465,20
05/08/2020,13,545,0,12,558,12,17798,1932,1068,161,19730,1229,558,12
05/09/2020,13,348,1,8,361,9,18146,1945,1076,162,20091,1238,361,9
05/10/2020,10,215,1,8,225,9,18361,1955,1084,163,20316,1247,225,9
05/11/2020,33,219,6,9,252,15,18580,1988,1093,169,20568,1262,252,15
05/12/2020,53,249,27,9,302,36,18829,2041,1102,196,20870,1298,302,36
05/13/2020,21,429,3,13,450,16,19258,2062,1115,199,21320,1314,450,16
05/14/2020,52,376,20,8,428,28,19634,2114,1123,219,21748,1342,428,28
05/15/2020,38,401,19,8,439,27,20035,2152,1131,238,22187,1369,439,27
05/16/2020,35,305,18,8,340,26,20340,2187,1139,256,22527,1395,340,26
05/17/2020,12,215,0,11,227,11,20555,2199,1150,256,22754,1406,227,11
05/18/2020,19,260,5,8,279,13,20815,2218,1158,261,23033,1419,279,13
05/19/2020,22,269,12,13,291,25,21084,2240,1171,273,23324,1444,291,25
05/20/2020,27,354,0,17,381,17,21438,2267,1188,273,23705,1461,381,17
05/21/2020,36,277,1,12,313,13,21715,2303,1200,274,24018,1474,313,13
05/22/2020,27,444,0,8,471,8,22159,2330,1208,274,24489,1482,471,8
05/23/2020,14,217,1,5,231,6,22376,2344,1213,275,24720,1488,231,6
05/24/2020,11,261,0,9,272,9,22637,2355,1222,275,24992,1497,272,9
05/25/2020,12,301,0,10,313,10,22938,2367,1232,275,25305,1507,313,10
05/26/2020,37,170,18,6,207,24,23108,2404,1238,293,25512,1531,207,24
05/27/2020,35,253,6,7,288,13,23361,2439,1245,299,25800,1544,288,13
05/28/2020,30,319,2,9,349,11,23680,2469,1254,301,26149,1555,349,11
05/29/2020,16,480,1,5,496,6,24160,2485,1259,302,26645,1561,496,6
05/30/2020,8,303,0,7,311,7,24463,2493,1266,302,26956,1568,311,7
05/31/2020,11,143,0,1,154,1,24606,2504,1267,302,27110,1569,154,1
06/01/2020,19,201,4,10,220,14,24807,2523,1277,306,27330,1583,220,14
06/02/2020,16,233,2,3,249,5,25040,2539,1280,308,27579,1588,249,5
06/03/2020,15,293,5,3,308,8,25333,2554,1283,313,27887,1596,308,8
06/04/2020,16,267,4,5,283,9,25600,2570,1288,317,28170,1605,283,9
06/05/2020,13,229,0,4,242,4,25829,2583,1292,317,28412,1609,242,4
06/06/2020,14,154,0,6,168,6,25983,2597,1298,317,28580,1615,168,6
06/07/2020,2,132,0,2,134,2,26115,2599,1300,317,28714,1617,134,2
06/08/2020,19,165,3,2,184,5,26280,2618,1302,320,28898,1622,184,5
06/09/2020,21,113,0,2,134,2,26393,2639,1304,320,29032,1624,134,2
06/10/2020,9,120,0,1,129,1,26513,2648,1305,320,29161,1625,129,1
06/11/2020,6,234,0,6,240,6,26747,2654,1311,320,29401,1631,240,6
06/12/2020,15,223,0,5,238,5,26970,2669,1316,320,29639,1636,238,5
06/13/2020,9,116,0,1,125,1,27086,2678,1317,320,29764,1637,125,1
06/14/2020,2,134,0,1,136,1,27220,2680,1318,320,29900,1638,136,1
06/15/2020,15,129,1,4,144,5,27349,2695,1322,321,30044,1643,144,5
06/16/2020,28,225,2,10,253,12,27574,2723,1332,323,30297,1655,253,12
06/17/2020,21,234,2,3,255,5,27808,2744,1335,325,30552,1660,255,5
06/18/2020,37,313,1,5,350,6,28121,2781,1340,326,30902,1666,350,6
06/19/2020,12,169,0,2,181,2,28290,2793,1342,326,31083,1668,181,2
06/20/2020,3,203,1,2,206,3,28493,2796,1344,327,31289,1671,206,3
06/21/2020,1,142,0,2,143,2,28635,2797,1346,327,31432,1673,143,2
06/22/2020,26,176,2,3,202,5,28811,2823,1349,329,31634,1678,202,5
06/23/2020,31,226,0,1,257,1,29037,2854,1350,329,31891,1679,257,1
06/24/2020,13,249,0,2,262,2,29286,2867,1352,329,32153,1681,262,2
06/25/2020,42,288,1,2,330,3,29574,2909,1354,330,32483,1684,330,3
06/26/2020,24,264,2,3,288,5,29838,2933,1357,332,32771,1689,288,5
06/27/2020,13,285,0,3,298,3,30123,2946,1360,332,33069,1692,298,3
06/28/2020,2,168,0,4,170,4,30291,2948,1364,332,33239,1696,170,4
06/29/2020,15,204,1,5,219,6,30495,2963,1369,333,33458,1702,219,6
06/30/2020,8,285,0,5,293,5,30780,2971,1374,333,33751,1707,293,5
07/01/2020,31,369,5,5,400,10,31149,3002,1379,338,34151,1717,400,10
07/02/2020,20,348,1,3,368,4,31497,3022,1382,339,34519,1721,368,4
07/03/2020,9,287,0,4,296,4,31784,3031,1386,339,34815,1725,296,4
07/04/2020,8,220,0,2,228,2,32004,3039,1388,339,35043,1727,228,2
07/05/2020,5,181,0,1,186,1,32185,3044,1389,339,35229,1728,186,1
07/06/2020,32,360,0,4,392,4,32545,3076,1393,339,35621,1732,392,4
07/07/2020,20,337,0,4,357,4,32882,3096,1397,339,35978,1736,357,4
07/08/2020,14,400,1,5,414,6,33282,3110,1402,340,36392,1742,414,6
07/09/2020,11,623,0,6,634,6,33905,3121,1408,340,37026,1748,634,6
07/10/2020,21,432,0,4,453,4,34337,3142,1412,340,37479,1752,453,4
07/11/2020,12,366,0,7,378,7,34703,3154,1419,340,37857,1759,378,7
07/12/2020,7,365,0,2,372,2,35068,3161,1421,340,38229,1761,372,2
07/13/2020,25,401,3,2,426,5,35469,3186,1423,343,38655,1766,426,5
07/14/2020,18,398,1,10,416,11,35867,3204,1433,344,39071,1777,416,11
07/15/2020,12,588,1,4,600,5,36455,3216,1437,345,39671,1782,600,5
07/16/2020,15,573,0,2,588,2,37028,3231,1439,345,40259,1784,588,2
07/17/2020,28,504,0,5,532,5,37532,3259,1444,345,40791,1789,532,5
07/18/2020,5,364,0,4,369,4,37896,3264,1448,345,41160,1793,369,4
07/19/2020,8,424,0,4,432,4,38320,3272,1452,345,41592,1797,432,4
07/20/2020,14,549,1,5,563,6,38869,3286,1457,346,42155,1803,563,6
07/21/2020,24,601,2,4,625,6,39470,3310,1461,348,42780,1809,625,6
07/22/2020,22,588,0,9,610,9,40058,3332,1470,348,43390,1818,610,9
07/23/2020,30,694,0,4,724,4,40752,3362,1474,348,44114,1822,724,4
07/24/2020,28,776,0,7,804,7,41528,3390,1481,348,44918,1829,804,7
07/25/2020,19,565,0,6,584,6,42093,3409,1487,348,45502,1835,584,6
07/26/2020,5,195,0,2,200,2,42288,3414,1489,348,45702,1837,200,2
07/27/2020,47,835,1,1,882,2,43123,3461,1490,349,46584,1839,882,2
07/28/2020,31,466,1,3,497,4,43589,3492,1493,350,47081,1843,497,4
07/29/2020,26,443,0,4,469,4,44032,3518,1497,350,47550,1847,469,4
07/30/2020,27,571,0,7,598,7,44603,3545,1504,350,48148,1854,598,7
07/31/2020,20,537,4,2,557,6,45140,3565,1506,354,48705,1860,557,6
08/01/2020,16,419,0,1,435,1,45559,3581,1507,354,49140,1861,435,1
08/02/2020,2,248,0,0,250,0,45807,3583,1507,354,49390,1861,250,0
08/03/2020,27,504,0,1,531,1,46311,3610,1508,354,49921,1862,531,1
08/04/2020,39,509,0,1,548,1,46820,3649,1509,354,50469,1863,548,1
08/05/2020,31,383,0,1,414,1,47203,3680,1510,354,50883,1864,414,1
08/06/2020,30,417,0,3,447,3,47620,3710,1513,354,51330,1867,447,3
08/07/2020,31,427,0,4,458,4,48047,3741,1517,354,51788,1871,458,4
08/08/2020,15,291,0,4,306,4,48338,3756,1521,354,52094,1875,306,4
08/09/2020,18,280,0,3,298,3,48618,3774,1524,354,52392,1878,298,3
08/10/2020,30,264,2,2,294,4,48882,3804,1526,356,52686,1882,294,4
08/11/2020,25,219,0,2,244,2,49101,3829,1528,356,52930,1884,244,2
08/12/2020,40,421,0,3,461,3,49522,3869,1531,356,53391,1887,461,3
08/13/2020,31,374,0,1,405,1,49896,3900,1532,356,53796,1888,405,1
08/14/2020,19,263,0,3,282,3,50159,3919,1535,356,54078,1891,282,3
08/15/2020,12,345,0,1,357,1,50504,3931,1536,356,54435,1892,357,1
08/16/2020,8,168,0,0,176,0,50672,3939,1536,356,54611,1892,176,0
08/17/2020,39,231,0,1,270,1,50903,3978,1537,356,54881,1893,270,1
08/18/2020,40,278,0,2,318,2,51181,4018,1539,356,55199,1895,318,2
08/19/2020,38,340,0,5,378,5,51521,4056,1544,356,55577,1900,378,5
08/20/2020,24,368,0,6,392,6,51889,4080,1550,356,55969,1906,392,6
08/21/2020,22,288,1,1,310,2,52177,4102,1551,357,56279,1908,310,2
08/22/2020,15,257,0,3,272,3,52434,4117,1554,357,56551,1911,272,3
08/23/2020,9,190,0,1,199,1,52624,4126,1555,357,56750,1912,199,1
08/24/2020,37,279,1,1,316,2,52903,4163,1556,358,57066,1914,316,2
08/25/2020,37,214,0,3,251,3,53117,4200,1559,358,57317,1917,251,3
08/26/2020,17,349,0,9,366,9,53466,4217,1568,358,57683,1926,366,9
08/27/2020,31,403,0,8,434,8,53869,4248,1576,358,58117,1934,434,8
08/28/2020,34,283,2,6,317,8,54152,4282,1582,360,58434,1942,317,8
08/29/2020,11,214,1,3,225,4,54366,4293,1585,361,58659,1946,225,4
08/30/2020,13,177,0,2,190,2,54543,4306,1587,361,58849,1948,190,2
08/31/2020,68,300,0,6,368,6,54843,4374,1593,361,59217,1954,368,6
09/01/2020,33,201,0,4,234,4,55044,4407,1597,361,59451,1958,234,4
09/02/2020,40,273,2,3,313,5,55317,4447,1600,363,59764,1963,313,5
09/03/2020,37,358,1,4,395,5,55675,4484,1604,364,60159,1968,395,5
09/04/2020,27,299,0,7,326,7,55974,4511,1611,364,60485,1975,326,7
09/05/2020,16,265,0,1,281,1,56239,4527,1612,364,60766,1976,281,1
09/06/2020,19,228,1,1,247,2,56467,4546,1613,365,61013,1978,247,2
09/07/2020,17,176,1,2,193,3,56643,4563,1615,366,61206,1981,193,3
09/08/2020,44,271,1,3,315,4,56914,4607,1618,367,61521,1985,315,4
09/09/2020,62,200,0,5,262,5,57114,4669,1623,367,61783,1990,262,5
09/10/2020,57,309,0,4,366,4,57423,4726,1627,367,62149,1994,366,4
09/11/2020,44,367,0,9,411,9,57790,4770,1636,367,62560,2003,411,9
09/12/2020,30,430,1,1,460,2,58220,4800,1637,368,63020,2005,460,2
09/13/2020,30,372,0,1,402,1,58592,4830,1638,368,63422,2006,402,1
09/14/2020,93,352,0,1,445,1,58944,4923,1639,368,63867,2007,445,1
09/15/2020,77,416,1,7,493,8,59360,5000,1646,369,64360,2015,493,8
09/16/2020,71,435,0,3,506,3,59795,5071,1649,369,64866,2018,506,3
09/17/2020,44,581,0,1,625,1,60376,5115,1650,369,65491,2019,625,1
09/18/2020,52,603,0,4,655,4,60979,5167,1654,369,66146,2023,655,4
09/19/2020,29,475,2,3,504,5,61454,5196,1657,371,66650,2028,504,5
09/20/2020,9,537,0,1,546,1,61991,5205,1658,371,67196,2029,546,1
09/21/2020,66,588,0,4,654,4,62579,5271,1662,371,67850,2033,654,4
09/22/2020,49,572,0,3,621,3,63151,5320,1665,371,68471,2036,621,3
09/23/2020,68,584,1,7,652,8,63735,5388,1672,372,69123,2044,652,8
09/24/2020,66,644,1,4,710,5,64379,5454,1676,373,69833,2049,710,5
09/25/2020,42,596,0,6,638,6,64975,5496,1682,373,70471,2055,638,6
09/26/2020,34,574,0,4,608,4,65549,5530,1686,373,71079,2059,608,4
09/27/2020,35,440,0,2,475,2,65989,5565,1688,373,71554,2061,475,2
09/28/2020,72,482,0,5,554,5,66471,5637,1693,373,72108,2066,554,5
09/29/2020,38,492,1,5,530,6,66963,5675,1698,374,72638,2072,530,6
09/30/2020,48,668,1,9,716,10,67631,5723,1707,375,73354,2082,716,10
10/01/2020,58,678,0,3,736,3,68309,5781,1710,375,74090,2085,736,3
10/02/2020,47,634,0,4,681,4,68943,5828,1714,375,74771,2089,681,4
10/03/2020,45,524,0,2,569,2,69467,5873,1716,375,75340,2091,569,2
10/04/2020,9,523,0,5,532,5,69990,5882,1721,375,75872,2096,532,5
10/05/2020,49,579,0,8,628,8,70569,5931,1729,375,76500,2104,628,8
10/06/2020,93,716,0,6,809,6,71285,6024,1735,375,77309,2110,809,6
10/07/2020,107,819,0,6,926,6,72104,6131,1741,375,78235,2116,926,6
10/08/2020,68,789,3,8,857,11,72893,6199,1749,378,79092,2127,857,11
10/09/2020,48,1001,1,8,1049,9,73894,6247,1757,379,80141,2136,1049,9
10/10/2020,37,872,0,2,909,2,74766,6284,1759,379,81050,2138,909,2
10/11/2020,58,576,1,3,634,4,75342,6342,1762,380,81684,2142,634,4
10/12/2020,101,1095,0,4,1196,4,76437,6443,1766,380,82880,2146,1196,4
10/13/2020,95,708,1,3,803,4,77145,6538,1769,381,83683,2150,803,4
10/14/2020,89,1172,1,1,1261,2,78317,6627,1770,382,84944,2152,1261,2
10/15/2020,110,1186,1,8,1296,9,79503,6737,1778,383,86240,2161,1296,9
10/16/2020,177,1043,4,5,1220,9,80546,6914,1783,387,87460,2170,1220,9
10/17/2020,35,1018,1,12,1053,13,81564,6949,1795,388,88513,2183,1053,13
10/18/2020,86,1123,0,13,1209,13,82687,7035,1808,388,89722,2196,1209,13
10/19/2020,90,1026,0,11,1116,11,83713,7125,1819,388,90838,2207,1116,11
10/20/2020,96,1041,1,17,1137,18,84754,7221,1836,389,91975,2225,1137,18
10/21/2020,92,1479,1,15,1571,16,86233,7313,1851,390,93546,2241,1571,16
10/22/2020,86,1505,1,25,1591,26,87738,7399,1876,391,95137,2267,1591,26
10/23/2020,91,1733,3,19,1824,22,89471,7490,1895,394,96961,2289,1824,22
10/24/2020,50,1678,3,10,1728,13,91149,7540,1905,397,98689,2302,1728,13
10/25/2020,113,2237,1,26,2350,27,93386,7653,1931,398,101039,2329,2350,27
10/26/2020,135,1364,1,16,1499,17,94750,7788,1947,399,102538,2346,1499,17
10/27/2020,138,1270,2,24,1408,26,96020,7926,1971,401,103946,2372,1408,26
10/28/2020,136,1755,1,26,1891,27,97775,8062,1997,402,105837,2399,1891,27
10/29/2020,185,2444,4,25,2629,29,100219,8247,2022,406,108466,2428,2629,29
10/30/2020,90,2888,0,33,2978,33,103107,8337,2055,406,111444,2461,2978,33
10/31/2020,83,2710,0,31,2793,31,105817,8420,2086,406,114237,2492,2793,31
11/01/2020,70,2453,1,21,2523,22,108270,8490,2107,407,116760,2514,2523,22
11/02/2020,119,2646,2,32,2765,34,110916,8609,2139,409,119525,2548,2765,34
11/03/2020,131,2975,2,24,3106,26,113891,8740,2163,411,122631,2574,3106,26
11/04/2020,130,3568,1,44,3698,45,117459,8870,2207,412,126329,2619,3698,45
11/05/2020,168,3782,2,30,3950,32,121241,9038,2237,414,130279,2651,3950,32
11/06/2020,166,3841,0,28,4007,28,125082,9204,2265,414,134286,2679,4007,28
11/07/2020,67,3435,0,24,3502,24,128517,9271,2289,414,137788,2703,3502,24
11/08/2020,54,3950,0,30,4004,30,132467,9325,2319,414,141792,2733,4004,30
11/09/2020,142,3781,3,37,3923,40,136248,9467,2356,417,145715,2773,3923,40
11/10/2020,154,3920,0,56,4074,56,140168,9621,2412,417,149789,2829,4074,56
11/11/2020,259,5417,10,40,5676,50,145585,9880,2452,427,155465,2879,5676,50
11/12/2020,276,6667,1,48,6943,49,152252,10156,2500,428,162408,2928,6943,49
11/13/2020,206,5192,3,54,5398,57,157444,10362,2554,431,167806,2985,5398,57
11/14/2020,66,4399,0,39,4465,39,161843,10428,2593,431,172271,3024,4465,39
11/15/2020,90,4037,0,30,4127,30,165880,10518,2623,431,176398,3054,4127,30
11/16/2020,256,4464,5,58,4720,63,170344,10774,2681,436,181118,3117,4720,63
11/17/2020,213,5058,6,46,5271,52,175402,10987,2727,442,186389,3169,5271,52
11/18/2020,226,6185,5,53,6411,58,181587,11213,2780,447,192800,3227,6411,58
11/19/2020,163,6096,2,70,6259,72,187683,11376,2850,449,199059,3299,6259,72
11/20/2020,299,5960,2,66,6259,68,193643,11675,2916,451,205318,3367,6259,68
11/21/2020,63,4339,1,50,4402,51,197982,11738,2966,452,209720,3418,4402,51
11/22/2020,135,4352,1,41,4487,42,202334,11873,3007,453,214207,3460,4487,42
11/23/2020,325,3695,4,60,4020,64,206029,12198,3067,457,218227,3524,4020,64
11/24/2020,157,3962,3,55,4119,58,209991,12355,3122,460,222346,3582,4119,58
11/25/2020,130,6239,6,61,6369,67,216230,12485,3183,466,228715,3649,6369,67
11/26/2020,103,4523,3,78,4626,81,220753,12588,3261,469,233341,3730,4626,81
11/27/2020,138,4786,9,84,4924,93,225539,12726,3345,478,238265,3823,4924,93
11/28/2020,54,4060,0,51,4114,51,229599,12780,3396,478,242379,3874,4114,51
11/29/2020,85,4523,1,63,4608,64,234122,12865,3459,479,246987,3938,4608,64
11/30/2020,330,4753,8,70,5083,78,238875,13195,3529,487,252070,4016,5083,78
12/01/2020,183,4152,6,64,4335,70,243027,13378,3593,493,256405,4086,4335,70
12/02/2020,172,6262,4,77,6434,81,249289,13550,3670,497,262839,4167,6434,81
12/03/2020,161,5770,7,78,5931,85,255059,13711,3748,504,268770,4252,5931,85
12/04/2020,284,4534,5,48,4818,53,259593,13995,3796,509,273588,4305,4818,53
12/05/2020,131,3562,0,51,3693,51,263155,14126,3847,509,277281,4356,3693,51
12/06/2020,100,4186,1,63,4286,64,267341,14226,3910,510,281567,4420,4286,64
12/07/2020,174,3912,9,42,4086,51,271253,14400,3952,519,285653,4471,4086,51
12/08/2020,255,3486,1,62,3741,63,274739,14655,4014,520,289394,4534,3741,63
12/09/2020,223,4594,13,60,4817,73,279333,14878,4074,533,294211,4607,4817,73
12/10/2020,215,3989,7,54,4204,61,283322,15093,4128,540,298415,4668,4204,61
12/11/2020,167,3871,9,42,4038,51,287193,15260,4170,549,302453,4719,4038,51
12/12/2020,78,2705,2,37,2783,39,289898,15338,4207,551,305236,4758,2783,39
12/13/2020,71,2933,0,34,3004,34,292831,15409,4241,551,308240,4792,3004,34
12/14/2020,220,1806,9,47,2026,56,294637,15629,4288,560,310266,4848,2026,56
12/15/2020,202,2775,4,35,2977,39,297412,15831,4323,564,313243,4887,2977,39
12/16/2020,188,3447,9,35,3635,44,300859,16019,4358,573,316878,4931,3635,44
12/17/2020,164,3136,5,39,3300,44,303995,16183,4397,578,320178,4975,3300,44
12/18/2020,161,2206,5,30,2367,35,306201,16344,4427,583,322545,5010,2367,35
12/19/2020,98,2193,0,26,2291,26,308394,16442,4453,583,324836,5036,2291,26
12/20/2020,65,1961,0,9,2026,9,310355,16507,4462,583,326862,5045,2026,9
12/21/2020,259,1911,8,27,2170,35,312266,16766,4489,591,329032,5080,2170,35
12/22/2020,171,2418,5,25,2589,30,314684,16937,4514,596,331621,5110,2589,30
12/23/2020,171,2400,2,21,2571,23,317084,17108,4535,598,334192,5133,2571,23
12/24/2020,149,2641,1,32,2790,33,319725,17257,4567,599,336982,5166,2790,33
12/25/2020,51,1248,0,22,1299,22,320973,17308,4589,599,338281,5188,1299,22
12/26/2020,88,1344,1,27,1432,28,322317,17396,4616,600,339713,5216,1432,28
12/27/2020,113,1655,0,20,1768,20,323972,17509,4636,600,341481,5236,1768,20
12/28/2020,242,1216,12,18,1458,30,325188,17751,4654,612,342939,5266,1458,30
12/29/2020,170,1939,2,14,2109,16,327127,17921,4668,614,345048,5282,2109,16
12/30/2020,202,2662,3,17,2864,20,329789,18123,4685,617,347912,5302,2864,20
12/31/2020,219,2606,4,27,2825,31,332395,18342,4712,621,350737,5333,2825,31
01/01/2021,56,1855,0,21,1911,21,334250,18398,4733,621,352648,5354,1911,21
01/02/2021,96,1826,0,19,1922,19,336076,18494,4752,621,354570,5373,1922,19
01/03/2021,116,1951,1,14,2067,15,338027,18610,4766,622,356637,5388,2067,15
01/04/2021,220,1453,7,21,1673,28,339480,18830,4787,629,358310,5416,1673,28
01/05/2021,263,1953,1,9,2216,10,341433,19093,4796,630,360526,5426,2216,10
01/06/2021,259,3216,2,26,3475,28,344649,19352,4822,632,364001,5454,3475,28
01/07/2021,178,3033,1,26,3211,27,347682,19530,4848,633,367212,5481,3211,27
01/08/2021,188,2766,0,25,2954,25,350448,19718,4873,633,370166,5506,2954,25
01/09/2021,179,2040,0,19,2219,19,352488,19897,4892,633,372385,5525,2219,19
01/10/2021,59,1615,0,16,1674,16,354103,19956,4908,633,374059,5541,1674,16
01/11/2021,224,1410,7,19,1634,26,355513,20180,4927,640,375693,5567,1634,26
01/12/2021,235,2198,4,18,2433,22,357711,20415,4945,644,378126,5589,2433,22
01/13/2021,291,2091,1,27,2382,28,359802,20706,4972,645,380508,5617,2382,28
01/14/2021,162,1984,0,21,2146,21,361786,20868,4993,645,382654,5638,2146,21
01/15/2021,194,1899,2,20,2093,22,363685,21062,5013,647,384747,5660,2093,22
01/16/2021,89,1477,1,15,1566,16,365162,21151,5028,648,386313,5676,1566,16
01/17/2021,66,901,0,14,967,14,366063,21217,5042,648,387280,5690,967,14
01/18/2021,145,1552,0,15,1697,15,367615,21362,5057,648,388977,5705,1697,15
01/19/2021,211,1244,6,14,1455,20,368859,21573,5071,654,390432,5725,1455,20
01/20/2021,223,1851,2,19,2074,21,370710,21796,5090,656,392506,5746,2074,21
01/21/2021,158,1669,0,11,1827,11,372379,21954,5101,656,394333,5757,1827,11
01/22/2021,138,1800,2,15,1938,17,374179,22092,5116,658,396271,5774,1938,17
01/23/2021,95,1277,0,12,1372,12,375456,22187,5128,658,397643,5786,1372,12
01/24/2021,91,1131,0,3,1222,3,376587,22278,5131,658,398865,5789,1222,3
01/25/2021,158,853,2,18,1011,20,377440,22436,5149,660,399876,5809,1011,20
01/26/2021,136,1365,0,11,1501,11,378805,22572,5160,660,401377,5820,1501,11
01/27/2021,124,1451,1,13,1575,14,380256,22696,5173,661,402952,5834,1575,14
01/28/2021,156,1518,2,6,1674,8,381774,22852,5179,663,404626,5842,1674,8
01/29/2021,162,1395,0,6,1557,6,383169,23014,5185,663,406183,5848,1557,6
01/30/2021,95,1115,0,16,1210,16,384284,23109,5201,663,407393,5864,1210,16
01/31/2021,66,848,0,1,914,1,385132,23175,5202,663,408307,5865,914,1
02/01/2021,196,736,1,5,932,6,385868,23371,5207,664,409239,5871,932,6
02/02/2021,220,1212,0,9,1432,9,387080,23591,5216,664,410671,5880,1432,9
02/03/2021,171,1411,0,19,1582,19,388491,23762,5235,664,412253,5899,1582,19
02/04/2021,189,1733,4,12,1922,16,390224,23951,5247,668,414175,5915,1922,16
02/05/2021,171,1198,1,5,1369,6,391422,24122,5252,669,415544,5921,1369,6
02/06/2021,111,990,0,8,1101,8,392412,24233,5260,669,416645,5929,1101,8
02/07/2021,122,732,0,4,854,4,393144,24355,5264,669,417499,5933,854,4
02/08/2021,136,701,2,5,837,7,393845,24491,5269,671,418336,5940,837,7
02/09/2021,145,1055,0,5,1200,5,394900,24636,5274,671,419536,5945,1200,5
02/10/2021,95,1448,3,10,1543,13,396348,24731,5284,674,421079,5958,1543,13
02/11/2021,144,1308,1,2,1452,3,397656,24875,5286,675,422531,5961,1452,3
02/12/2021,110,1048,1,4,1158,5,398704,24985,5290,676,423689,5966,1158,5
02/13/2021,70,777,0,5,847,5,399481,25055,5295,676,424536,5971,847,5
02/14/2021,84,550,0,2,634,2,400031,25139,5297,676,425170,5973,634,2
02/15/2021,123,501,0,2,624,2,400532,25262,5299,676,425794,5975,624,2
02/16/2021,165,952,4,3,1117,7,401484,25427,5302,680,426911,5982,1117,7
02/17/2021,146,1124,2,6,1270,8,402608,25573,5308,682,428181,5990,1270,8
02/18/2021,114,1147,1,12,1261,13,403755,25687,5320,683,429442,6003,1261,13
02/19/2021,147,948,0,4,1095,4,404703,25834,5324,683,430537,6007,1095,4
02/20/2021,74,863,0,6,937,6,405566,25908,5330,683,431474,6013,937,6
02/21/2021,57,654,1,1,711,2,406220,25965,5331,684,432185,6015,711,2
02/22/2021,179,876,3,2,1055,5,407096,26144,5333,687,433240,6020,1055,5
02/23/2021,160,1166,1,6,1326,7,408262,26304,5339,688,434566,6027,1326,7
02/24/2021,147,1193,0,3,1340,3,409455,26451,5342,688,435906,6030,1340,3
02/25/2021,141,1186,0,10,1327,10,410641,26592,5352,688,437233,6040,1327,10
02/26/2021,159,943,0,4,1102,4,411584,26751,5356,688,438335,6044,1102,4
02/27/2021,75,834,0,2,909,2,412418,26826,5358,688,439244,6046,909,2
02/28/2021,62,641,0,5,703,5,413059,26888,5363,688,439947,6051,703,5
03/01/2021,182,691,2,2,873,4,413750,27070,5365,690,440820,6055,873,4
03/02/2021,184,997,0,3,1181,3,414747,27254,5368,690,442001,6058,1181,3
03/03/2021,121,1184,2,6,1305,8,415931,27375,5374,692,443306,6066,1305,8
03/04/2021,123,1078,1,7,1201,8,417009,27498,5381,693,444507,6074,1201,8
03/05/2021,90,921,0,3,1011,3,417930,27588,5384,693,445518,6077,1011,3
03/06/2021,63,834,0,4,897,4,418764,27651,5388,693,446415,6081,897,4
03/07/2021,69,583,0,3,652,3,419347,27720,5391,693,447067,6084,652,3
03/08/2021,199,620,1,2,819,3,419967,27919,5393,694,447886,6087,819,3
03/09/2021,114,924,0,8,1038,8,420891,28033,5401,694,448924,6095,1038,8
03/10/2021,146,1095,1,9,1241,10,421986,28179,5410,695,450165,6105,1241,10
03/11/2021,141,1115,0,4,1256,4,423101,28320,5414,695,451421,6109,1256,4
03/12/2021,116,1156,2,3,1272,5,424257,28436,5417,697,452693,6114,1272,5
03/13/2021,51,1054,0,5,1105,5,425311,28487,5422,697,453798,6119,1105,5
03/14/2021,28,328,0,3,356,3,425639,28515,5425,697,454154,6122,356,3
03/15/2021,91,233,2,1,324,3,425872,28606,5426,699,454478,6125,324,3
03/16/2021,142,657,0,2,799,2,426529,28748,5428,699,455277,6127,799,2
03/17/2021,129,1229,1,4,1358,5,427758,28877,5432,700,456635,6132,1358,5
03/18/2021,125,1629,0,10,1754,10,429387,29002,5442,700,458389,6142,1754,10
03/19/2021,147,1145,0,5,1292,5,430532,29149,5447,700,459681,6147,1292,5
03/20/2021,89,809,0,1,898,1,431341,29238,5448,700,460579,6148,898,1
03/21/2021,64,208,0,0,272,0,431549,29302,5448,700,460851,6148,272,0
03/22/2021,168,1123,0,4,1291,4,432672,29470,5452,700,462142,6152,1291,4
03/23/2021,143,1055,0,2,1198,2,433727,29613,5454,700,463340,6154,1198,2
03/24/2021,156,1131,3,4,1287,7,434858,29769,5458,703,464627,6161,1287,7
03/25/2021,139,1235,1,4,1374,5,436093,29908,5462,704,466001,6166,1374,5
03/26/2021,121,1153,0,2,1274,2,437246,30029,5464,704,467275,6168,1274,2
03/27/2021,89,980,0,5,1069,5,438226,30118,5469,704,468344,6173,1069,5
03/28/2021,94,743,0,1,837,1,438969,30212,5470,704,469181,6174,837,1
03/29/2021,177,977,2,5,1154,7,439946,30389,5475,706,470335,6181,1154,7
03/30/2021,169,1213,4,4,1382,8,441159,30558,5479,710,471717,6189,1382,8
03/31/2021,202,1472,3,8,1674,11,442631,30760,5487,713,473391,6200,1674,11
04/01/2021,171,1527,1,9,1698,10,444158,30931,5496,714,475089,6210,1698,10
04/02/2021,135,1424,0,6,1559,6,445582,31066,5502,714,476648,6216,1559,6
04/03/2021,120,1356,0,5,1476,5,446938,31186,5507,714,478124,6221,1476,5
04/04/2021,72,907,0,4,979,4,447845,31258,5511,714,479103,6225,979,4
04/05/2021,169,863,1,5,1032,6,448708,31427,5516,715,480135,6231,1032,6
04/06/2021,202,1818,0,8,2020,8,450526,31629,5524,715,482155,6239,2020,8
04/07/2021,179,1683,0,5,1862,5,452209,31808,5529,715,484017,6244,1862,5
04/08/2021,178,1713,2,8,1891,10,453922,31986,5537,717,485908,6254,1891,10
04/09/2021,181,1488,0,9,1669,9,455410,32167,5546,717,487577,6263,1669,9
04/10/2021,96,1282,0,3,1378,3,456692,32263,5549,717,488955,6266,1378,3
04/11/2021,89,903,0,4,992,4,457595,32352,5553,717,489947,6270,992,4
04/12/2021,187,1501,0,7,1688,7,459096,32539,5560,717,491635,6277,1688,7
04/13/2021,211,1632,0,12,1843,12,460728,32750,5572,717,493478,6289,1843,12
04/14/2021,161,1514,2,14,1675,16,462242,32911,5586,719,495153,6305,1675,16
04/15/2021,151,1911,0,6,2062,6,464153,33062,5592,719,497215,6311,2062,6
04/16/2021,152,1420,2,7,1572,9,465573,33214,5599,721,498787,6320,1572,9
04/17/2021,93,1333,0,7,1426,7,466906,33307,5606,721,500213,6327,1426,7
04/18/2021,80,831,0,3,911,3,467737,33387,5609,721,501124,6330,911,3
04/19/2021,215,1543,3,11,1758,14,469280,33602,5620,724,502882,6344,1758,14
04/20/2021,153,1558,0,6,1711,6,470838,33755,5626,724,504593,6350,1711,6
04/21/2021,189,2208,5,8,2397,13,473046,33944,5634,729,506990,6363,2397,13
04/22/2021,176,1742,1,16,1918,17,474788,34120,5650,730,508908,6380,1918,17
04/23/2021,179,1707,2,13,1886,15,476495,34299,5663,732,510794,6395,1886,15
04/24/2021,102,1622,0,8,1724,8,478117,34401,5671,732,512518,6403,1724,8
04/25/2021,63,934,0,9,997,9,479051,34464,5680,732,513515,6412,997,9
04/26/2021,216,1312,1,5,1528,6,480363,34680,5685,733,515043,6418,1528,6
04/27/2021,205,1631,1,8,1836,9,481994,34885,5693,734,516879,6427,1836,9
04/28/2021,215,1959,2,8,2174,10,483953,35100,5701,736,519053,6437,2174,10
04/29/2021,167,1674,1,6,1841,7,485627,35267,5707,737,520894,6444,1841,7
04/30/2021,194,1710,2,12,1904,14,487337,35461,5719,739,522798,6458,1904,14
05/01/2021,108,1058,0,5,1166,5,488395,35569,5724,739,523964,6463,1166,5
05/02/2021,79,893,0,2,972,2,489288,35648,5726,739,524936,6465,972,2
05/03/2021,265,1173,1,11,1438,12,490461,35913,5737,740,526374,6477,1438,12
05/04/2021,171,1362,0,12,1533,12,491823,36084,5749,740,527907,6489,1533,12
05/05/2021,136,1321,4,12,1457,16,493144,36220,5761,744,529364,6505,1457,16
05/06/2021,152,1248,0,3,1400,3,494392,36372,5764,744,530764,6508,1400,3
05/07/2021,121,1321,0,9,1442,9,495713,36493,5773,744,532206,6517,1442,9
05/08/2021,65,1041,0,10,1106,10,496754,36558,5783,744,533312,6527,1106,10
05/09/2021,27,833,0,8,860,8,497587,36585,5791,744,534172,6535,860,8
05/10/2021,147,776,0,13,923,13,498363,36732,5804,744,535095,6548,923,13
05/11/2021,118,1153,2,12,1271,14,499516,36850,5816,746,536366,6562,1271,14
05/12/2021,110,1949,1,15,2059,16,501465,36960,5831,747,538425,6578,2059,16
05/13/2021,88,1091,0,11,1179,11,502556,37048,5842,747,539604,6589,1179,11
05/14/2021,97,872,1,7,969,8,503428,37145,5849,748,540573,6597,969,8
05/15/2021,45,594,0,2,639,2,504022,37190,5851,748,541212,6599,639,2
05/16/2021,53,742,0,7,795,7,504764,37243,5858,748,542007,6606,795,7
05/17/2021,98,574,1,8,672,9,505338,37341,5866,749,542679,6615,672,9
05/18/2021,97,947,2,10,1044,12,506285,37438,5876,751,543723,6627,1044,12
05/19/2021,123,780,0,3,903,3,507065,37561,5879,751,544626,6630,903,3
05/20/2021,125,661,2,6,786,8,507726,37686,5885,753,545412,6638,786,8
05/21/2021,97,743,0,10,840,10,508469,37783,5895,753,546252,6648,840,10
05/22/2021,22,581,0,4,603,4,509050,37805,5899,753,546855,6652,603,4
05/23/2021,42,360,0,8,402,8,509410,37847,5907,753,547257,6660,402,8
05/24/2021,108,1295,0,10,1403,10,510705,37955,5917,753,548660,6670,1403,10
05/25/2021,86,654,1,7,740,8,511359,38041,5924,754,549400,6678,740,8
05/26/2021,87,700,1,7,787,8,512059,38128,5931,755,550187,6686,787,8
05/27/2021,74,640,0,3,714,3,512699,38202,5934,755,550901,6689,714,3
05/28/2021,52,542,3,5,594,8,513241,38254,5939,758,551495,6697,594,8
05/29/2021,15,462,0,6,477,6,513703,38269,5945,758,551972,6703,477,6
05/30/2021,8,270,0,4,278,4,513973,38277,5949,758,552250,6707,278,4
05/31/2021,35,284,1,7,319,8,514257,38312,5956,759,552569,6715,319,8
06/01/2021,78,325,0,9,403,9,514582,38390,5965,759,552972,6724,403,9
06/02/2021,112,572,1,7,684,8,515154,38502,5972,760,553656,6732,684,8
06/03/2021,73,569,2,13,642,15,515723,38575,5985,762,554298,6747,642,15
06/04/2021,72,519,1,1,591,2,516242,38647,5986,763,554889,6749,591,2
06/05/2021,16,355,0,6,371,6,516597,38663,5992,763,555260,6755,371,6
06/06/2021,22,251,0,5,273,5,516848,38685,5997,763,555533,6760,273,5
06/07/2021,117,364,2,9,481,11,517212,38802,6006,765,556014,6771,481,11
06/08/2021,90,360,0,6,450,6,517572,38892,6012,765,556464,6777,450,6
06/09/2021,53,453,0,5,506,5,518025,38945,6017,765,556970,6782,506,5
06/10/2021,39,386,1,2,425,3,518411,38984,6019,766,557395,6785,425,3
06/11/2021,125,383,1,4,508,5,518794,39109,6023,767,557903,6790,508,5
06/12/2021,71,325,1,3,396,4,519119,39180,6026,768,558299,6794,396,4
06/13/2021,25,169,1,0,194,1,519288,39205,6026,769,558493,6795,194,1
06/14/2021,49,293,1,4,342,5,519581,39254,6030,770,558835,6800,342,5
06/15/2021,41,316,1,6,357,7,519897,39295,6036,771,559192,6807,357,7
06/16/2021,46,334,0,5,380,5,520231,39341,6041,771,559572,6812,380,5
06/17/2021,55,297,1,8,352,9,520528,39396,6049,772,559924,6821,352,9
06/18/2021,58,294,1,5,352,6,520822,39454,6054,773,560276,6827,352,6
06/19/2021,28,229,0,2,257,2,521051,39482,6056,773,560533,6829,257,2
06/20/2021,24,202,0,1,226,1,521253,39506,6057,773,560759,6830,226,1
06/21/2021,61,287,2,3,348,5,521540,39567,6060,775,561107,6835,348,5
06/22/2021,72,303,2,0,375,2,521843,39639,6060,777,561482,6837,375,2
06/23/2021,51,472,0,1,523,1,522315,39690,6061,777,562005,6838,523,1
06/24/2021,89,281,1,5,370,6,522596,39779,6066,778,562375,6844,370,6
06/25/2021,73,335,1,4,408,5,522931,39852,6070,779,562783,6849,408,5
06/26/2021,23,237,0,5,260,5,523168,39875,6075,779,563043,6854,260,5
06/27/2021,14,227,0,2,241,2,523395,39889,6077,779,563284,6856,241,2
06/28/2021,77,265,2,7,342,9,523660,39966,6084,781,563626,6865,342,9
06/29/2021,68,395,0,7,463,7,524055,40034,6091,781,564089,6872,463,7
06/30/2021,89,428,0,5,517,5,524483,40123,6096,781,564606,6877,517,5
07/01/2021,76,418,0,7,494,7,524901,40199,6103,781,565100,6884,494,7
07/02/2021,44,370,1,5,414,6,525271,40243,6108,782,565514,6890,414,6
07/03/2021,25,296,0,1,321,1,525567,40268,6109,782,565835,6891,321,1
07/04/2021,24,205,0,1,229,1,525772,40292,6110,782,566064,6892,229,1
07/05/2021,45,219,1,7,264,8,525991,40337,6117,783,566328,6900,264,8
07/06/2021,51,330,0,4,381,4,526321,40388,6121,783,566709,6904,381,4
07/07/2021,62,434,0,3,496,3,526755,40450,6124,783,567205,6907,496,3
07/08/2021,57,428,1,6,485,7,527183,40507,6130,784,567690,6914,485,7
07/09/2021,61,428,0,8,489,8,527611,40568,6138,784,568179,6922,489,8
07/10/2021,30,346,0,1,376,1,527957,40598,6139,784,568555,6923,376,1
07/11/2021,20,246,2,3,266,5,528203,40618,6142,786,568821,6928,266,5
07/12/2021,66,452,0,7,518,7,528655,40684,6149,786,569339,6935,518,7
07/13/2021,74,429,0,6,503,6,529084,40758,6155,786,569842,6941,503,6
07/14/2021,62,407,0,4,469,4,529491,40820,6159,786,570311,6945,469,4
07/15/2021,93,463,1,4,556,5,529954,40913,6163,787,570867,6950,556,5
07/16/2021,126,435,4,1,561,5,530389,41039,6164,791,571428,6955,561,5
07/17/2021,54,360,0,4,414,4,530749,41093,6168,791,571842,6959,414,4
07/18/2021,31,403,0,5,434,5,531152,41124,6173,791,572276,6964,434,5
07/19/2021,87,436,0,7,523,7,531588,41211,6180,791,572799,6971,523,7
07/20/2021,72,538,1,8,610,9,532126,41283,6188,792,573409,6980,610,9
07/21/2021,86,681,0,7,767,7,532807,41369,6195,792,574176,6987,767,7
07/22/2021,129,561,1,3,690,4,533368,41498,6198,793,574866,6991,690,4
07/23/2021,95,668,0,8,763,8,534036,41593,6206,793,575629,6999,763,8
07/24/2021,45,522,1,4,567,5,534558,41638,6210,794,576196,7004,567,5
07/25/2021,44,429,0,3,473,3,534987,41682,6213,794,576669,7007,473,3
07/26/2021,121,636,1,2,757,3,535623,41803,6215,795,577426,7010,757,3
07/27/2021,134,672,0,10,806,10,536295,41937,6225,795,578232,7020,806,10
07/28/2021,115,1048,1,5,1163,6,537343,42052,6230,796,579395,7026,1163,6
07/29/2021,95,913,0,6,1008,6,538256,42147,6236,796,580403,7032,1008,6
07/30/2021,112,871,0,8,983,8,539127,42259,6244,796,581386,7040,983,8
07/31/2021,76,767,0,10,843,10,539894,42335,6254,796,582229,7050,843,10
08/01/2021,51,581,0,4,632,4,540475,42386,6258,796,582861,7054,632,4
08/02/2021,112,681,0,6,793,6,541156,42498,6264,796,583654,7060,793,6
08/03/2021,147,1067,2,11,1214,13,542223,42645,6275,798,584868,7073,1214,13
08/04/2021,132,994,0,4,1126,4,543217,42777,6279,798,585994,7077,1126,4
08/05/2021,141,1031,2,9,1172,11,544248,42918,6288,800,587166,7088,1172,11
08/06/2021,133,995,0,11,1128,11,545243,43051,6299,800,588294,7099,1128,11
08/07/2021,72,832,0,9,904,9,546075,43123,6308,800,589198,7108,904,9
08/08/2021,44,620,0,6,664,6,546695,43167,6314,800,589862,7114,664,6
08/09/2021,131,691,0,9,822,9,547386,43298,6323,800,590684,7123,822,9
08/10/2021,141,1181,0,14,1322,14,548567,43439,6337,800,592006,7137,1322,14
08/11/2021,174,1499,3,12,1673,15,550066,43613,6349,803,593679,7152,1673,15
08/12/2021,122,1016,2,12,1138,14,551082,43735,6361,805,594817,7166,1138,14
08/13/2021,112,1280,2,13,1392,15,552362,43847,6374,807,596209,7181,1392,15
08/14/2021,114,781,0,8,895,8,553143,43961,6382,807,597104,7189,895,8
08/15/2021,61,644,0,7,705,7,553787,44022,6389,807,597809,7196,705,7
08/16/2021,176,947,0,15,1123,15,554734,44198,6404,807,598932,7211,1123,15
08/17/2021,179,2025,0,12,2204,12,556759,44377,6416,807,601136,7223,2204,12
08/18/2021,173,1510,0,13,1683,13,558269,44550,6429,807,602819,7236,1683,13
08/19/2021,196,1612,2,11,1808,13,559881,44746,6440,809,604627,7249,1808,13
08/20/2021,190,1600,1,10,1790,11,561481,44936,6450,810,606417,7260,1790,11
08/21/2021,124,1288,0,10,1412,10,562769,45060,6460,810,607829,7270,1412,10
08/22/2021,73,962,0,6,1035,6,563731,45133,6466,810,608864,7276,1035,6
08/23/2021,263,1081,0,9,1344,9,564812,45396,6475,810,610208,7285,1344,9
08/24/2021,212,1764,0,9,1976,9,566576,45608,6484,810,612184,7294,1976,9
08/25/2021,198,1966,2,17,2164,19,568542,45806,6501,812,614348,7313,2164,19
08/26/2021,177,1854,1,8,2031,9,570396,45983,6509,813,616379,7322,2031,9
08/27/2021,194,1551,1,15,1745,16,571947,46177,6524,814,618124,7338,1745,16
08/28/2021,72,936,1,4,1008,5,572883,46249,6528,815,619132,7343,1008,5
08/29/2021,112,1302,1,18,1414,19,574185,46361,6546,816,620546,7362,1414,19
08/30/2021,218,1885,1,22,2103,23,576070,46579,6568,817,622649,7385,2103,23
08/31/2021,301,1775,1,13,2076,14,577845,46880,6581,818,624725,7399,2076,14
09/01/2021,306,1919,1,11,2225,12,579764,47186,6592,819,626950,7411,2225,12
09/02/2021,265,1954,4,24,2219,28,581718,47451,6616,823,629169,7439,2219,28
09/03/2021,216,1871,0,17,2087,17,583589,47667,6633,823,631256,7456,2087,17
09/04/2021,117,1569,0,13,1686,13,585158,47784,6646,823,632942,7469,1686,13
09/05/2021,90,1402,2,15,1492,17,586560,47874,6661,825,634434,7486,1492,17
09/06/2021,129,968,0,13,1097,13,587528,48003,6674,825,635531,7499,1097,13
09/07/2021,261,1363,1,17,1624,18,588891,48264,6691,826,637155,7517,1624,18
09/08/2021,290,1780,2,13,2070,15,590671,48554,6704,828,639225,7532,2070,15
09/09/2021,251,2115,2,14,2366,16,592786,48805,6718,830,641591,7548,2366,16
09/10/2021,240,2259,0,19,2499,19,595045,49045,6737,830,644090,7567,2499,19
09/11/2021,88,1712,0,14,1800,14,596757,49133,6751,830,645890,7581,1800,14
09/12/2021,93,1316,1,6,1409,7,598073,49226,6757,831,647299,7588,1409,7
09/13/2021,279,1511,2,17,1790,19,599584,49505,6774,833,649089,7607,1790,19
09/14/2021,232,1857,3,21,2089,24,601441,49737,6795,836,651178,7631,2089,24
09/15/2021,247,1959,1,14,2206,15,603400,49984,6809,837,653384,7646,2206,15
09/16/2021,259,2058,4,25,2317,29,605458,50243,6834,841,655701,7675,2317,29
09/17/2021,221,1867,1,19,2088,20,607325,50464,6853,842,657789,7695,2088,20
09/18/2021,98,1719,0,7,1817,7,609044,50562,6860,842,659606,7702,1817,7
09/19/2021,84,1207,0,14,1291,14,610251,50646,6874,842,660897,7716,1291,14
09/20/2021,289,1380,1,19,1669,20,611631,50935,6893,843,662566,7736,1669,20
09/21/2021,290,1530,1,21,1820,22,613161,51225,6914,844,664386,7758,1820,22
09/22/2021,193,1936,3,18,2129,21,615097,51418,6932,847,666515,7779,2129,21
09/23/2021,189,1896,0,22,2085,22,616993,51607,6954,847,668600,7801,2085,22
09/24/2021,165,1884,1,23,2049,24,618877,51772,6977,848,670649,7825,2049,24
09/25/2021,110,1338,0,14,1448,14,620215,51882,6991,848,672097,7839,1448,14
09/26/2021,125,1103,1,12,1228,13,621318,52007,7003,849,673325,7852,1228,13
09/27/2021,317,1518,2,12,1835,14,622836,52324,7015,851,675160,7866,1835,14
09/28/2021,348,1554,3,16,1902,19,624390,52672,7031,854,677062,7885,1902,19
09/29/2021,248,2232,2,21,2480,23,626622,52920,7052,856,679542,7908,2480,23
09/30/2021,271,2109,1,20,2380,21,628731,53191,7072,857,681922,7929,2380,21
10/01/2021,194,2008,1,27,2202,28,630739,53385,7099,858,684124,7957,2202,28
10/02/2021,98,1683,1,16,1781,17,632422,53483,7115,859,685905,7974,1781,17
10/03/2021,82,1294,0,21,1376,21,633716,53565,7136,859,687281,7995,1376,21
10/04/2021,336,1559,3,24,1895,27,635275,53901,7160,862,689176,8022,1895,27
10/05/2021,315,1716,7,19,2031,26,636991,54216,7179,869,691207,8048,2031,26
10/06/2021,348,2599,3,28,2947,31,639590,54564,7207,872,694154,8079,2947,31
10/07/2021,306,2607,2,18,2913,20,642197,54870,7225,874,697067,8099,2913,20
10/08/2021,245,2330,5,22,2575,27,644527,55115,7247,879,699642,8126,2575,27
10/09/2021,138,1692,0,23,1830,23,646219,55253,7270,879,701472,8149,1830,23
10/10/2021,109,1518,1,16,1627,17,647737,55362,7286,880,703099,8166,1627,17
10/11/2021,330,1271,4,22,1601,26,649008,55692,7308,884,704700,8192,1601,26
10/12/2021,306,1724,5,18,2030,23,650732,55998,7326,889,706730,8215,2030,23
10/13/2021,279,2601,5,19,2880,24,653333,56277,7345,894,709610,8239,2880,24
10/14/2021,293,2215,1,28,2508,29,655548,56570,7373,895,712118,8268,2508,29
10/15/2021,262,1936,3,17,2198,20,657484,56832,7390,898,714316,8288,2198,20
10/16/2021,113,1621,0,27,1734,27,659105,56945,7417,898,716050,8315,1734,27
10/17/2021,86,1388,0,28,1474,28,660493,57031,7445,898,717524,8343,1474,28
10/18/2021,397,1499,3,21,1896,24,661992,57428,7466,901,719420,8367,1896,24
10/19/2021,420,1866,8,26,2286,34,663858,57848,7492,909,721706,8401,2286,34
10/20/2021,345,2916,0,35,3261,35,666774,58193,7527,909,724967,8436,3261,35
10/21/2021,335,2518,1,34,2853,35,669292,58528,7561,910,727820,8471,2853,35
10/22/2021,287,2567,7,35,2854,42,671859,58815,7596,917,730674,8513,2854,42
10/23/2021,186,1985,1,27,2171,28,673844,59001,7623,918,732845,8541,2171,28
10/24/2021,186,1797,1,26,1983,27,675641,59187,7649,919,734828,8568,1983,27
10/25/2021,505,1702,6,29,2207,35,677343,59692,7678,925,737035,8603,2207,35
10/26/2021,407,3026,5,34,3433,39,680369,60099,7712,930,740468,8642,3433,39
10/27/2021,419,3183,3,38,3602,41,683552,60518,7750,933,744070,8683,3602,41
10/28/2021,421,3126,5,29,3547,34,686678,60939,7779,938,747617,8717,3547,34
10/29/2021,336,2600,2,42,2936,44,689278,61275,7821,940,750553,8761,2936,44
10/30/2021,186,2428,2,22,2614,24,691706,61461,7843,942,753167,8785,2614,24
10/31/2021,130,1611,1,20,1741,21,693317,61591,7863,943,754908,8806,1741,21
11/01/2021,515,1893,7,34,2408,41,695210,62106,7897,950,757316,8847,2408,41
11/02/2021,509,2595,1,31,3104,32,697805,62615,7928,951,760420,8879,3104,32
11/03/2021,419,3539,7,40,3958,47,701344,63034,7968,958,764378,8926,3958,47
11/04/2021,408,3228,4,36,3636,40,704572,63442,8004,962,768014,8966,3636,40
11/05/2021,383,2953,8,34,3336,42,707525,63825,8038,970,771350,9008,3336,42
11/06/2021,161,2809,0,30,2970,30,710334,63986,8068,970,774320,9038,2970,30
11/07/2021,141,1997,1,19,2138,20,712331,64127,8087,971,776458,9058,2138,20
11/08/2021,490,1812,4,32,2302,36,714143,64617,8119,975,778760,9094,2302,36
11/09/2021,547,3853,4,36,4400,40,717996,65164,8155,979,783160,9134,4400,40
11/10/2021,450,3407,5,43,3857,48,721403,65614,8198,984,787017,9182,3857,48
11/11/2021,374,3350,3,43,3724,46,724753,65988,8241,987,790741,9228,3724,46
11/12/2021,358,2905,2,32,3263,34,727658,66346,8273,989,794004,9262,3263,34
11/13/2021,159,2767,1,24,2926,25,730425,66505,8297,990,796930,9287,2926,25
11/14/2021,158,1718,2,20,1876,22,732143,66663,8317,992,798806,9309,1876,22
11/15/2021,468,2433,15,45,2901,60,734576,67131,8362,1007,801707,9369,2901,60
11/16/2021,476,3635,10,42,4111,52,738211,67607,8404,1017,805818,9421,4111,52
11/17/2021,338,3688,4,43,4026,47,741899,67945,8447,1021,809844,9468,4026,47
11/18/2021,351,2978,10,21,3329,31,744877,68296,8468,1031,813173,9499,3329,31
11/19/2021,280,2686,2,32,2966,34,747563,68576,8500,1033,816139,9533,2966,34
11/20/2021,112,2235,0,18,2347,18,749798,68688,8518,1033,818486,9551,2347,18
11/21/2021,96,1613,0,22,1709,22,751411,68784,8540,1033,820195,9573,1709,22
11/22/2021,380,2213,8,29,2593,37,753624,69164,8569,1041,822788,9610,2593,37
11/23/2021,409,2671,6,39,3080,45,756295,69573,8608,1047,825868,9655,3080,45
11/24/2021,266,2682,7,39,2948,46,758977,69839,8647,1054,828816,9701,2948,46
11/25/2021,66,1240,0,13,1306,13,760217,69905,8660,1054,830122,9714,1306,13
11/26/2021,168,1404,6,43,1572,49,761621,70073,8703,1060,831694,9763,1572,49
11/27/2021,143,2278,0,32,2421,32,763899,70216,8735,1060,834115,9795,2421,32
11/28/2021,149,1312,1,24,1461,25,765211,70365,8759,1061,835576,9820,1461,25
11/29/2021,379,2180,5,29,2559,34,767391,70744,8788,1066,838135,9854,2559,34
11/30/2021,386,3275,10,29,3661,39,770666,71130,8817,1076,841796,9893,3661,39
12/01/2021,353,2913,1,26,3266,27,773579,71483,8843,1077,845062,9920,3266,27
12/02/2021,297,2661,6,27,2958,33,776240,71780,8870,1083,848020,9953,2958,33
12/03/2021,230,2230,9,34,2460,43,778470,72010,8904,1092,850480,9996,2460,43
12/04/2021,123,1446,1,11,1569,12,779916,72133,8915,1093,852049,10008,1569,12
12/05/2021,58,1071,0,18,1129,18,780987,72191,8933,1093,853178,10026,1129,18
12/06/2021,329,2587,16,36,2916,52,783574,72520,8969,1109,856094,10078,2916,52
12/07/2021,254,2164,3,36,2418,39,785738,72774,9005,1112,858512,10117,2418,39
12/08/2021,202,2327,1,29,2529,30,788065,72976,9034,1113,861041,10147,2529,30
12/09/2021,238,1826,18,26,2064,44,789891,73214,9060,1131,863105,10191,2064,44
12/10/2021,202,1718,2,23,1920,25,791609,73416,9083,1133,865025,10216,1920,25
12/11/2021,69,1257,0,17,1326,17,792866,73485,9100,1133,866351,10233,1326,17
12/12/2021,55,818,0,13,873,13,793684,73540,9113,1133,867224,10246,873,13
12/13/2021,206,1355,1,20,1561,21,795039,73746,9133,1134,868785,10267,1561,21
12/14/2021,274,1512,11,20,1786,31,796551,74020,9153,1145,870571,10298,1786,31
12/15/2021,232,2159,4,21,2391,25,798710,74252,9174,1149,872962,10323,2391,25
12/16/2021,189,1713,2,23,1902,25,800423,74441,9197,1151,874864,10348,1902,25
12/17/2021,178,2085,2,22,2263,24,802508,74619,9219,1153,877127,10372,2263,24
12/18/2021,111,1767,0,15,1878,15,804275,74730,9234,1153,879005,10387,1878,15
12/19/2021,135,1377,12,15,1512,27,805652,74865,9249,1165,880517,10414,1512,27
12/20/2021,330,1920,6,22,2250,28,807572,75195,9271,1171,882767,10442,2250,28
12/21/2021,363,3988,1,29,4351,30,811560,75558,9300,1172,887118,10472,4351,30
12/22/2021,356,3905,5,18,4261,23,815465,75914,9318,1177,891379,10495,4261,23
12/23/2021,533,5308,4,19,5841,23,820773,76447,9337,1181,897220,10518,5841,23
12/24/2021,327,5684,0,11,6011,11,826457,76774,9348,1181,903231,10529,6011,11
12/25/2021,176,4136,0,9,4312,9,830593,76950,9357,1181,907543,10538,4312,9
12/26/2021,329,2810,0,16,3139,16,833403,77279,9373,1181,910682,10554,3139,16
12/27/2021,758,4261,6,20,5019,26,837664,78037,9393,1187,915701,10580,5019,26
12/28/2021,1094,6685,4,19,7779,23,844349,79131,9412,1191,923480,10603,7779,23
12/29/2021,939,10015,7,31,10954,38,854364,80070,9443,1198,934434,10641,10954,38
12/30/2021,915,9798,8,13,10713,21,864162,80985,9456,1206,945147,10662,10713,21
12/31/2021,549,11415,8,22,11964,30,875577,81534,9478,1214,957111,10692,11964,30
01/01/2022,303,5821,0,23,6124,23,881398,81837,9501,1214,963235,10715,6124,23
01/02/2022,530,6789,0,10,7319,10,888187,82367,9511,1214,970554,10725,7319,10
01/03/2022,1308,6749,8,29,8057,37,894936,83675,9540,1222,978611,10762,8057,37
01/04/2022,1711,12180,3,32,13891,35,907116,85386,9572,1225,992502,10797,13891,35
01/05/2022,1647,16515,12,51,18162,63,923631,87033,9623,1237,1010664,10860,18162,63
01/06/2022,1221,18533,7,49,19754,56,942164,88254,9672,1244,1030418,10916,19754,56
01/07/2022,1234,10976,4,44,12210,48,953140,89488,9716,1248,1042628,10964,12210,48
01/08/2022,674,10560,2,30,11234,32,963700,90162,9746,1250,1053862,10996,11234,32
01/09/2022,524,7980,1,27,8504,28,971680,90686,9773,1251,1062366,11024,8504,28
01/10/2022,1411,13563,12,36,14974,48,985243,92097,9809,1263,1077340,11072,14974,48
01/11/2022,1522,10932,1,35,12454,36,996175,93619,9844,1264,1089794,11108,12454,36
01/12/2022,1482,13367,10,27,14849,37,1009542,95101,9871,1274,1104643,11145,14849,37
01/13/2022,1323,13225,2,40,14548,42,1022767,96424,9911,1276,1119191,11187,14548,42
01/14/2022,1276,14472,9,48,15748,57,1037239,97700,9959,1285,1134939,11244,15748,57
01/15/2022,513,8681,1,28,9194,29,1045920,98213,9987,1286,1144133,11273,9194,29
01/16/2022,395,6750,3,20,7145,23,1052670,98608,10007,1289,1151278,11296,7145,23
01/17/2022,960,9646,0,28,10606,28,1062316,99568,10035,1289,1161884,11324,10606,28
01/18/2022,1367,9662,5,28,11029,33,1071978,100935,10063,1294,1172913,11357,11029,33
01/19/2022,1257,12952,3,33,14209,36,1084930,102192,10096,1297,1187122,11393,14209,36
01/20/2022,1155,11293,4,31,12448,35,1096223,103347,10127,1301,1199570,11428,12448,35
01/21/2022,1277,10580,4,19,11857,23,1106803,104624,10146,1305,1211427,11451,11857,23
01/22/2022,520,7951,0,22,8471,22,1114754,105144,10168,1305,1219898,11473,8471,22
01/23/2022,341,7648,2,12,7989,14,1122402,105485,10180,1307,1227887,11487,7989,14
01/24/2022,1340,6567,14,23,7907,37,1128969,106825,10203,1321,1235794,11524,7907,37
01/25/2022,1028,7427,4,26,8455,30,1136396,107853,10229,1325,1244249,11554,8455,30
01/26/2022,973,9235,11,25,10208,36,1145631,108826,10254,1336,1254457,11590,10208,36
01/27/2022,906,7363,3,17,8269,20,1152994,109732,10271,1339,1262726,11610,8269,20
01/28/2022,668,5734,3,18,6402,21,1158728,110400,10289,1342,1269128,11631,6402,21
01/29/2022,271,4432,1,13,4703,14,1163160,110671,10302,1343,1273831,11645,4703,14
01/30/2022,201,3636,2,8,3837,10,1166796,110872,10310,1345,1277668,11655,3837,10
01/31/2022,712,2963,5,17,3675,22,1169759,111584,10327,1350,1281343,11677,3675,22
02/01/2022,642,4179,2,9,4821,11,1173938,112226,10336,1352,1286164,11688,4821,11
02/02/2022,468,4710,0,18,5178,18,1178648,112694,10354,1352,1291342,11706,5178,18
02/03/2022,419,2297,2,9,2716,11,1180945,113113,10363,1354,1294058,11717,2716,11
02/04/2022,519,2924,6,11,3443,17,1183869,113632,10374,1360,1297501,11734,3443,17
02/05/2022,200,2549,14,8,2749,22,1186418,113832,10382,1374,1300250,11756,2749,22
02/06/2022,84,1683,0,4,1767,4,1188101,113916,10386,1374,1302017,11760,1767,4
02/07/2022,402,1771,1,10,2173,11,1189872,114318,10396,1375,1304190,11771,2173,11
02/08/2022,574,2525,1,3,3099,4,1192397,114892,10399,1376,1307289,11775,3099,4
02/09/2022,320,2255,12,11,2575,23,1194652,115212,10410,1388,1309864,11798,2575,23
02/10/2022,283,1896,6,5,2179,11,1196548,115495,10415,1394,1312043,11809,2179,11
02/11/2022,358,1687,0,8,2045,8,1198235,115853,10423,1394,1314088,11817,2045,8
02/12/2022,77,1041,0,7,1118,7,1199276,115930,10430,1394,1315206,11824,1118,7
02/13/2022,59,630,1,2,689,3,1199906,115989,10432,1395,1315895,11827,689,3
02/14/2022,268,767,3,2,1035,5,1200673,116257,10434,1398,1316930,11832,1035,5
02/15/2022,262,1584,5,3,1846,8,1202257,116519,10437,1403,1318776,11840,1846,8
02/16/2022,188,1243,3,4,1431,7,1203500,116707,10441,1406,1320207,11847,1431,7
02/17/2022,141,1105,0,5,1246,5,1204605,116848,10446,1406,1321453,11852,1246,5
02/18/2022,179,847,0,1,1026,1,1205452,117027,10447,1406,1322479,11853,1026,1
02/19/2022,50,688,1,4,738,5,1206140,117077,10451,1407,1323217,11858,738,5
02/20/2022,18,444,0,3,462,3,1206584,117095,10454,1407,1323679,11861,462,3
02/21/2022,97,504,1,3,601,4,1207088,117192,10457,1408,1324280,11865,601,4
02/22/2022,140,805,11,4,945,15,1207893,117332,10461,1419,1325225,11880,945,15
02/23/2022,84,756,0,1,840,1,1208649,117416,10462,1419,1326065,11881,840,1
02/24/2022,131,597,0,2,728,2,1209246,117547,10464,1419,1326793,11883,728,2
02/25/2022,103,746,0,2,849,2,1209992,117650,10466,1419,1327642,11885,849,2
02/26/2022,22,492,0,2,514,2,1210484,117672,10468,1419,1328156,11887,514,2
02/27/2022,30,301,0,1,331,1,1210785,117702,10469,1419,1328487,11888,331,1
02/28/2022,129,369,5,2,498,7,1211154,117831,10471,1424,1328985,11895,498,7
03/01/2022,85,574,2,0,659,2,1211728,117916,10471,1426,1329644,11897,659,2
03/02/2022,89,555,2,3,644,5,1212283,118005,10474,1428,1330288,11902,644,5
03/03/2022,82,492,1,1,574,2,1212775,118087,10475,1429,1330862,11904,574,2
03/04/2022,33,346,2,0,379,2,1213121,118120,10475,1431,1331241,11906,379,2
03/05/2022,13,141,0,1,154,1,1213262,118133,10476,1431,1331395,11907,154,1
03/06/2022,18,73,0,0,91,0,1213335,118151,10476,1431,1331486,11907,91,0
03/07/2022,100,205,0,1,305,1,1213540,118251,10477,1431,1331791,11908,305,1
03/08/2022,118,351,4,2,469,6,1213891,118369,10479,1435,1332260,11914,469,6
03/09/2022,45,159,1,1,204,2,1214050,118414,10480,1436,1332464,11916,204,2
03/10/2022,94,188,0,2,282,2,1214238,118508,10482,1436,1332746,11918,282,2
03/11/2022,49,110,0,1,159,1,1214348,118557,10483,1436,1332905,11919,159,1
03/12/2022,4,99,1,0,103,1,1214447,118561,10483,1437,1333008,11920,103,1
03/13/2022,4,72,0,0,76,0,1214519,118565,10483,1437,1333084,11920,76,0
03/14/2022,92,296,3,0,388,3,1214815,118657,10483,1440,1333472,11923,388,3
03/15/2022,85,347,2,1,432,3,1215162,118742,10484,1442,1333904,11926,432,3
03/16/2022,89,297,2,1,386,3,1215459,118831,10485,1444,1334290,11929,386,3
03/17/2022,84,324,0,0,408,0,1215783,118915,10485,1444,1334698,11929,408,0
03/18/2022,106,355,1,0,461,1,1216138,119021,10485,1445,1335159,11930,461,1
03/19/2022,41,229,0,0,270,0,1216367,119062,10485,1445,1335429,11930,270,0
03/20/2022,19,124,0,0,143,0,1216491,119081,10485,1445,1335572,11930,143,0
